495.911605464749 485.290143299661
496.279390717914 476.784436240355
496.20130913812 503.085509750596
497.558546417146 524.827305063249
507.876019709556 504.465745112403
508.833791614893 490.138118373329
498.706928631118 490.025651910228
498.138290166949 501.703318929246
513.342729778468 510.191442493506
491.014196157376 500.60092417831
508.264796481997 496.378840865588
522.623671864346 487.692377534683
489.628509332817 502.932664788228
499.35892406966 495.138043005583
506.505526776877 518.154462486877
496.269393424326 508.060611025874
514.240222064913 501.148997263963
485.920408873062 483.789102667058
492.679551834726 491.301474334209
492.518723648423 501.257434935992
509.413006100127 502.812685916717
501.644429083112 488.978919605626
505.510369087761 496.62664869044
511.203416529431 485.890279317667
511.812947917922 492.771475507831
502.29001534963 531.231759253776
499.095228188535 516.169769483411
509.613207917821 504.55977781793
488.210247724076 505.455952555439
497.09894213412 475.303391077667
496.739338945862 498.600295201501
499.375069161147 504.340238260578
481.714032233166 491.015152244553
489.080885823021 496.955360668487
506.59034152368 500.597850861571
495.96316667732 484.517269804947
505.823857814254 497.810906788223
487.962730243067 505.140524773242
499.301031831113 498.831100604643
497.000089167919 498.401183275243
504.137251277107 490.060047721417
496.096509591695 509.359975589255
499.339955190761 496.60740600525
493.189563091669 505.562641976877
497.938662686578 511.259887561672
511.588055596199 505.768106520056
499.755079170933 498.412761473016
490.721622076537 502.832036190039
508.947481528603 500.466156059245
501.941647318468 518.678227171175
490.310220055164 477.257305727293
485.590902568252 500.805633968484
517.081178709208 509.877391912609
513.352461637803 505.803593241505
513.074070191345 507.794115654437
498.353346484262 487.067191266741
497.872460786642 487.468423534787
506.666590668938 501.089769744909
496.859567426274 504.234561984593
497.75352028757 480.575017024462
499.148750183461 514.284214116231
511.713946521653 495.904067223422
484.625686005077 497.054914853417
505.918346229943 499.341596316537
499.018143630994 493.162369693332
496.960208313079 508.233953962069
488.794780915539 501.37894295502
503.236461213284 504.284920165356
507.363124434168 479.536787598824
506.766340385966 508.229682960641
499.242287657025 484.187476231647
498.055449245282 512.809980911347
497.479218106694 491.076414701131
491.790762088091 496.506678593006
494.251264138403 511.498582510414
495.705704564622 510.897653927402
509.615752627432 485.746007921564
515.198737854159 500.645819646124
483.819700101349 498.505030677395
504.061229532922 497.538861697427
508.626110811535 504.845171913019
501.873195889969 502.491396021339
503.43336892388 514.34032443112
502.806290571735 497.545536389724
523.580069989714 510.345414290014
518.33169293848 505.103256897735
488.297604937824 499.916423499406
498.452001697764 491.950471432266
496.714089128935 501.896073443826
488.996562154874 499.838321450635
501.723287236072 506.917871163252
516.167790422242 493.871037954829
507.411778459395 495.220293653973
498.938185823719 492.260244183517
504.217976591315 489.801363467073
498.915324798544 492.29984105043
512.235497236486 502.564632401347
487.598651551287 474.374460420827
503.074709950138 509.514460609139
491.278815171953 495.29058686461
504.797193170723 503.564545725715
493.428146077255 524.494530519153
496.756137794333 493.355232093109
512.671188516165 502.965481625766
504.344196619672 509.298708486313
485.473650708063 494.742360089487
496.723884555666 503.580708614724
492.601333498382 494.815275389254
492.477625943809 486.50031447652
516.260952606649 509.704485179638
503.624415994397 509.81331520786
486.942047211342 499.888522763457
491.10022809136 501.168567296937
510.808216269963 487.64683691667
516.403561750265 501.60297866918
501.717403166347 506.652765477016
506.574635480796 506.523617082576
495.992844354219 498.518847703404
489.900927116204 486.19156214456
505.066483953993 499.715497094543
491.322267484748 501.37096937676
508.391908978354 512.629657662134
496.222767175556 501.035877253998
485.887501446332 514.477391823525
523.170148515927 502.662008077423
497.781194464177 510.904952364055
507.73206527763 497.644005180025
512.795426944029 513.869603906443
489.84073138913 504.515166069111
517.854474879815 500.955757158857
502.266059831143 482.920574679445
479.266530260433 518.213784415745
503.556196427229 493.235918602572
513.48063554029 521.896030374545
502.263122974273 492.67137433032
515.018784844714 506.008456949837
506.187926104395 492.519515547165
487.575306654378 521.755430128207
499.483067331468 505.455160443201
510.278309960033 509.399385794932
494.481175390947 500.81332620996
496.747223987752 492.263292536949
485.140069734113 490.555517630368
491.735390363441 496.10367193015
518.122190039022 487.457752963067
519.277141795713 483.142132233534
518.370198553195 502.357905781637
509.750542530545 490.228415275316
495.259490463683 492.272647695094
499.174631655557 498.22423713164
495.385448821883 489.587825707356
503.849327536324 501.600858428207
495.816524388908 487.069715993532
486.697082965909 496.645462231127
498.896399764225 492.658861240245
497.923514089822 493.614580682863
496.6877969064 505.044637246194
498.837576537656 512.412293715344
502.010836107294 499.314139812756
520.842385792166 502.53746955149
501.007265650269 505.388871446436
489.871068538633 478.69799601067
516.645096038589 499.32317529359
511.850789776797 510.536041065912
498.195649880571 506.113577236992
512.512944770981 505.119208121464
477.956668736995 506.69277507327
499.675343309366 490.065779157571
511.311394079911 492.540968476033
499.660775350403 501.284594815784
501.331222119552 486.998846842396
497.078489109414 488.262469561367
493.747118681984 497.325821633258
485.634690242542 491.052928073198
504.205457485001 500.927741218503
488.803980911982 516.778623496725
509.289457746655 499.570880937729
503.958399604568 490.447714387903
485.785250769243 506.949080152306
499.801329971486 497.133557115609
488.110296517128 495.549918612729
498.919318053132 500.020121047703
497.958986161105 490.216881472241
511.635009697157 484.849886850779
484.009699856033 486.482151747904
508.56740418631 498.739732089834
483.015710340376 488.667380894042
513.229290862266 500.251484255504
482.23196038238 490.884538242185
479.964008508154 484.873447759137
480.492077762343 496.987080340747
492.221140493298 501.529072851822
477.37289878735 500.244759003417
492.78637593493 494.587605564714
506.395194732797 506.085845239157
496.568788141389 492.562629784379
510.962322712356 507.037828021449
501.650225488686 521.613091069003
500.992948697689 496.984111630853
495.822104658124 510.698467688373
497.672716601604 488.139048511305
484.699423524776 495.455348028833
478.926844763682 507.320767751966
506.709160082695 501.824776068715
512.967281302266 518.06155379771
485.521706472275 508.999793920693
498.450789066138 506.663147449423
497.177727524564 499.012666205037
512.749789301985 483.669762457611
487.884879855626 482.51716095242
500.749877521186 492.827763883286
507.046490872348 509.512481122206
504.709041813209 493.504910324472
507.282344339622 522.744201645649
511.746785334379 491.020706941949
502.921896380126 486.065286214081
485.942951947697 498.30935879068
492.108756672674 490.885658810289
488.609295393155 494.932599009342
488.724420153155 507.651672718597
511.857933685709 482.015742365967
488.70830550889 494.846087519633
484.003099811818 475.49036069875
511.354228686944 495.886304638423
508.143091536951 495.466576870248
515.670468226129 503.816087765533
503.15287785907 520.663508376021
514.706597557558 504.171330633915
499.585330461663 490.54166012599
484.186939250569 516.237802269155
502.996394965321 499.661075311864
498.51884404218 495.997633350219
508.335066198136 500.428352672603
508.842877414968 492.099121640331
510.966930118843 510.33696196526
504.100894627624 511.55708278548
493.092270358234 487.443154589531
494.710780327416 499.0948913225
496.220906787394 504.328584453342
491.429308036574 500.0060156454
486.129595191017 496.010587014241
494.391327395502 506.76687432622
496.245053068121 504.615837313654
492.445600458821 498.455392836329
490.278759931876 490.312716919699
492.14359576828 511.040288448011
509.658200729895 505.51473874269
521.878189849287 481.650150353033
485.866944141137 507.01890399382
495.410564035289 500.020317343995
509.737408182697 524.147540933871
480.086663815185 490.286157389326
502.628255568274 500.577335202474
499.61947774266 516.095856175498
505.265904632133 490.313869878687
491.608381920405 498.257780873978
478.609995593472 489.740482483266
508.832307283554 495.709937506671
505.45545078015 504.046648011599
498.709961587207 486.753645610341
500.319967834648 498.677049240545
504.794694043715 505.764964330289
502.120116381105 506.09453197531
489.582031155758 475.299621111828
496.396860616057 500.677697378713
513.035374843086 512.73739606825
500.623884122816 492.693791636545
516.020042462281 493.22929461119
502.390555253933 503.928754884106
508.467292363431 511.629194441365
483.752886610421 503.770928904351
498.596540703151 506.02155627635
497.416394618354 499.394998050778
509.635327880596 495.560245873508
512.951612608448 496.2822142617
488.40926167015 497.537960145542
499.340773683989 489.239367754857
510.754756954051 498.576847108948
520.243434636898 502.491115866342
508.647372133829 513.55954939334
520.812173562212 495.204459601384
508.669779805808 485.07665301184
493.394602570491 497.357026320176
490.762626216239 501.185886029252
504.349960226674 502.400949776203
499.38793193835 516.441116179541
493.274455591069 489.648657085149
492.24535067835 506.124059189686
505.352751924516 497.943314648834
495.781374626021 479.487370865728
491.496938148493 494.220243452798
496.866307197473 490.569206460583
507.562554964038 513.229482745571
493.365827614681 500.763360706337
507.656823140578 497.832230261146
495.527247224219 500.820445062259
497.742442492949 513.887647137142
490.80064647378 516.206757055128
516.452369593459 509.927116442791
500.464746042098 497.424406276086
507.550931640026 507.739052574576
512.130418169935 506.121127315502
505.423418127023 494.615964430851
505.765748649174 508.570558544532
488.87827091341 513.583139587549
503.895700933172 505.586950033744
497.949293494137 496.701851623967
514.037138996772 495.243928258079
494.050840030054 501.122831038243
499.617525882507 514.000412613425
507.023566141248 496.083571035352
516.021056583125 497.766052831291
495.223664028337 485.830860161502
499.209092634012 492.285653819301
488.337885050842 509.128780907754
488.832813068692 505.066815501148
497.110276455024 500.813057380819
501.420400415757 514.295573297246
509.459254272111 484.976203785156
492.433097292239 487.773092957049
502.229275750493 498.495193162634
500.419274997952 505.139367284407
482.689991495758 518.263663141563
500.462019314949 501.000756596583
502.728748220207 503.480808759795
500.197052554097 511.215299174584
499.815068477889 497.840472972255
498.127399945086 503.557874076006
497.798916178379 498.871543674465
480.141004725206 494.118974208159
506.518327921174 504.200320820884
491.001141307335 512.499893112891
500.113826724553 492.747495388877
503.741074623057 506.306052541177
505.643161551432 509.005423095815
492.706827954928 489.517756643422
488.028156177808 505.915159724192
491.211368843473 491.941745117433
508.698092702673 494.450489120145
495.585868905052 505.167625610413
486.106952663379 489.823989361396
498.690262932229 513.959366416003
519.061274589888 496.724088168281
496.573045636964 503.995985467853
498.186531901471 480.049245856714
498.10271947676 491.91932925333
507.274707608006 492.575773083499
500.807450392116 511.228581837026
507.800683668399 504.349342038094
479.769911797552 501.704354158887
503.939930749103 519.23656339723
496.619466414034 510.956688497763
496.61883384749 472.908941929664
489.628145578874 497.476297632597
517.694564594169 498.827370114438
500.012558451492 485.328642290008
498.704414606698 495.920259720418
504.678281529018 490.097910765796
513.956258179355 508.615256405478
495.177644499071 521.931596758507
494.313865818968 506.052629512831
507.361660678056 497.434143920796
497.241861704488 516.106146523053
498.739435419189 505.315362779739
493.149819404321 488.554929058411
498.167806035976 493.619350571128
494.448973284854 487.839477154591
507.672373106699 504.607743753249
519.001190300772 511.294499920014
502.814117140521 502.059730706305
511.006140262444 490.488769592725
497.191160174016 524.147194286134
506.496140598933 515.14488250397
501.938521243329 489.832014067735
499.504357481268 516.518067532513
488.233765997324 500.633921485727
498.873324957231 505.653529868106
513.129030663516 489.659081632623
505.361620860019 504.562358492979
500.582727411665 503.183993422797
502.605487387946 497.472073481239
506.62391613187 503.105532065636
490.601764205723 498.439460863933
496.735318780082 512.511394270175
490.683521229863 504.604382845964
489.222216002596 501.713043915057
502.599525761789 507.201811038983
504.969962572149 499.874962095897
515.071062885362 500.381021789793
511.070849146433 506.122994349065
498.456968675203 494.668793486218
507.709128463815 502.116299954049
511.385383652714 498.445024638506
499.269831846794 504.594211188324
499.593534459953 497.087074069203
510.776110228629 496.083195331231
495.363197426706 513.591866886267
498.080298083651 501.962705004048
497.965238183824 497.442107966953
509.114987399772 501.361157835985
