496.975093651992 499.732774094489
499.876545175269 509.45482701614
508.40940903316 480.863522766111
512.856513237748 494.448082890197
491.58323939089 496.161711959078
498.163565354156 500.662118844483
506.499854390085 506.05057559238
505.941993870074 479.723694076579
490.115122552753 496.253317992905
503.334348922611 513.321386307023
509.537423254094 519.292103895318
498.521624840556 527.866116109526
511.177866921713 497.845138107152
501.997752907631 502.058518584877
502.422960035321 503.018083389918
518.001820102917 495.128383056246
506.258047475486 517.215832927974
494.461016689667 509.923095676938
496.58942944654 483.57150465871
491.522955257941 499.814147962309
507.457064837043 507.220726311578
514.686613366634 503.092972669902
488.255725934039 494.437674379714
497.902497585815 496.079230116415
503.096883947233 504.024498763945
512.949472771861 516.108253247748
492.875507480131 508.40683964384
494.044626983975 497.774881362058
498.765659594604 500.778919798399
519.311250573062 515.041361604434
501.762238368855 489.932039552014
503.036880275476 496.406409378156
503.923391097008 500.491167864194
504.068371036855 482.85474658584
511.029449749896 511.686710441367
499.114832659394 484.504660997533
493.144390695198 496.637040238316
493.284732213956 493.506207296851
496.201516242215 491.937402780506
502.136279174213 496.091031522877
500.46154470001 497.113989716174
501.308622549859 490.804278327146
496.424117217445 492.740295631163
509.845490252225 481.344013420421
496.263596643238 509.253673464007
501.655002146631 507.909433364535
496.577663091936 511.683632877792
506.450077620352 495.679555918943
499.567096024653 511.572513522282
496.983371253263 502.489762106138
504.263551682358 516.403397673865
511.980788630354 520.372544438935
494.287581221687 487.038487883414
493.692080517884 506.878893049407
488.702526019334 488.847773677352
500.297238301991 512.277426497562
504.908978629824 505.787306647135
510.591460387942 498.239000542137
509.40939977494 474.740758789016
501.774515330264 495.818389244934
479.548722183038 501.989812437552
499.811588749382 482.953258461566
513.195171007289 492.33459649897
486.825426630299 476.660645518522
497.394789219429 504.891631131158
507.022354289512 497.9885323822
510.759778931097 502.485878444541
491.666824313588 506.335143911477
500.84225188893 493.537974569286
505.836759708548 508.136789753677
519.410702424992 521.342427384692
491.888255761379 494.87290323863
499.742734206592 499.673103588481
484.256177908354 494.347027862128
504.403657521515 492.337176027455
495.566683383849 492.767623792649
486.491495336526 488.752310349714
504.05515129681 488.042835383053
503.163937337683 494.60636647187
496.000168485055 502.917178313273
507.502356386723 493.994916873357
487.738661413301 483.664347147277
499.580334491759 496.904010346831
516.899641727329 507.769685376504
508.78459931792 492.126404555384
490.315317623204 497.329605262996
510.145355503521 504.892648508218
495.621264746192 510.335615739165
494.724282053552 491.791187695933
503.321709363258 494.021422149985
504.917531736888 491.543550273466
506.343484913656 492.7335531055
512.090918262008 511.372125081974
493.290281445151 497.052487377809
495.22777186475 495.306613047387
512.738903641894 488.319203613855
507.454075795441 524.599070419596
519.924033748841 511.25113871498
510.781407378515 477.91483752993
510.536589732505 503.910928050061
489.322127492915 493.244918462461
490.299062084849 492.543320811764
497.249222904442 489.240501267957
522.443626195172 503.265942031932
506.55856025488 509.557450201215
502.6973664864 522.029936412
490.685799347862 500.257353817266
495.317080643924 491.988383223276
497.457390248718 491.664262392479
501.173444990489 488.021392454626
500.458186027912 510.153432994566
499.029656241991 514.294735970244
483.372262637375 502.234845931569
504.733666805974 480.652014852197
505.33418555846 496.707472489913
491.766178131599 495.898541443028
508.130156573401 480.382907123935
478.495918644274 510.32634586139
501.816864384853 507.245503142002
492.241653358716 495.675869934751
511.531780503942 502.134262789622
485.483456870059 495.587752718337
489.351344246541 495.959653962773
493.804135058193 505.700508168458
506.140295958921 502.737708904554
512.111319298807 497.754773220509
486.867042165812 510.031645945377
506.32805782382 507.239826253764
483.824067956556 516.28958775105
496.28897452904 508.352013239592
505.753190798224 483.135648965949
526.913394090337 509.466869381817
498.533936576969 514.765820980766
499.532438542812 491.394739507747
516.314911402173 511.58079868325
506.074645038903 495.394503754496
504.902605943538 481.440730753891
516.613270516108 489.255268834019
511.563569201254 491.553116577143
495.704569328694 519.118212792539
489.653217863908 496.530384467595
493.734402315313 477.361084366667
492.258281283987 513.113104548679
501.094673538406 502.807102819579
494.362625245183 492.110634982737
476.209113757701 484.60616966524
490.339249335457 499.348323339657
495.163184990211 508.870957256007
512.773465955812 500.554862094293
501.151327928964 491.73866973807
510.703135795792 483.242743584253
497.944304253147 499.550735353667
494.66986914081 500.532277467155
501.87909384801 496.790871847031
516.913261536448 506.167787753466
491.211514278191 492.814212961745
508.355200589278 496.217726305166
516.522091837133 508.779350231901
505.582811459118 491.649282926938
508.388315287714 504.065057267854
494.831567707282 502.548531336524
496.671510185135 501.023794800328
483.864213083199 492.960140614297
494.207689515657 513.074290574408
506.486049911541 518.563995974626
493.074378427978 502.390550810956
512.469232637522 496.928502993563
491.144947050419 481.613072861703
512.529702896128 493.26827214742
499.961188226462 488.555493877258
508.163881165044 499.121295588499
517.525186872429 491.229657132198
471.355127943845 495.942714307092
502.84798945745 491.711112107314
507.012562094313 506.029763203345
479.476275857902 486.079422032952
496.481402803489 515.47025151138
507.015512695701 498.305398168809
493.719169480721 481.08161713728
507.179583699885 508.828307476047
486.899553114013 514.847538347595
501.135338671274 499.887106098363
499.390736971046 496.314616296705
499.315954975196 502.593322448503
498.333747890434 497.796633861698
483.883272799532 492.641064147296
477.341632976479 483.572171060995
509.946705546694 500.819135865727
512.822474577873 490.040873452515
514.218047887043 477.855790255811
485.669888117664 498.876910695416
493.966615496932 479.309595339979
501.263132910332 502.051210776189
493.206872049 486.725554025591
528.21414324838 504.152367764807
507.759274444062 503.431879769571
509.696014371856 501.621251139053
500.291060550911 491.383053837176
498.005828389235 492.524009724045
501.371306093632 509.758768966421
509.18087217843 493.415837538317
488.515827190545 502.487940268226
511.388481896677 496.251982731015
480.577868708075 510.49643812628
500.977480101665 479.619643462335
489.218529941718 478.181780190716
507.6627343225 498.021193460919
491.820853842591 497.142731998145
490.592672022608 502.369987717999
510.677852015012 516.796755720823
504.130234565038 508.308496239104
508.505462820729 523.169065938663
486.032506816249 477.399221519637
486.822078130392 520.941866610722
496.798656236731 492.63800917011
502.981906693114 522.444290028669
480.876964217649 484.426326181812
498.734111016353 505.5396636052
496.202776309081 510.04833306268
496.373953062181 480.359109532262
480.183114296254 503.311256391428
501.725426235925 492.891895357828
508.408888115418 492.285771919829
487.087569844101 499.833282556024
479.035962197477 499.080968443695
503.236157004652 485.105800850037
501.20983128261 502.164491424326
497.905331151669 497.197934962501
489.921320060273 508.463702012797
502.417943089807 505.331540999893
506.561120404755 499.11620030902
507.577176738112 506.893165831098
499.561692263901 498.24368848829
509.923098751982 484.149816893818
488.215203093491 507.139312763015
496.195039639446 495.365285586532
493.539302296624 482.813703225068
499.989003485964 504.807611282894
495.807769773752 492.389981046162
494.369529211436 516.877289950967
500.891812367924 513.473479269108
520.325088097809 482.324661974232
505.024131618984 510.477974569465
524.984177603449 493.283134260293
502.788809792975 521.454616053802
501.962786308439 501.321507726837
504.177174452651 492.212273242789
511.728281289112 491.952545456923
498.263748947113 504.170150034666
480.683491689969 497.971339233973
502.067465910374 502.811673121922
498.510645616166 500.690900539432
500.304313494801 486.42108195448
500.167385596555 471.295773134642
520.146219594377 488.468471350673
502.463731759194 508.545826521659
518.90957141976 508.56551424902
502.860374585575 490.98147291155
491.293566425621 495.167276768013
507.774753051666 495.03106070897
504.106632434015 496.28921406092
496.535227171153 500.92305811665
493.283950220577 498.583313675308
501.44130692178 497.97150558142
497.043259782151 486.035836374117
482.012774759156 513.046513312561
510.600803334131 495.431494130645
498.880803710036 504.51608493085
507.831012376271 492.016958234187
485.742553420559 508.917883112664
513.482517317674 508.228826191729
499.223649936308 520.719847648757
504.554232586137 508.753782256182
504.006953240787 478.097851101203
499.259859735731 489.428501532845
481.562762504367 507.711600058295
502.186811907971 501.233085316082
514.709301791557 504.845362123149
497.651183244292 498.695093657707
495.566129290861 498.380792107605
506.418323565264 506.261293294389
484.514631465196 500.649926067893
494.641922588639 501.996803855659
513.811826458502 518.998405854389
496.386316962488 500.170300221875
486.892864051793 499.296581932679
507.488935207651 525.077965207582
505.460067905616 509.766569032648
494.825040601205 507.292745031574
491.747920972836 507.220156212492
511.374014695282 499.340495114012
509.298410404056 482.914523744031
506.175009254273 499.783790410225
493.375526643302 494.593937443609
512.73254947632 484.590666644307
505.636877860978 483.838118908457
512.294570724847 504.372465227332
481.612391481131 494.152930016157
507.392660159144 515.793755910953
490.313734972063 508.854290515103
512.780181515883 496.1419750853
502.091935263332 501.907574123246
480.369790758604 528.709558777023
507.628760227595 486.520927919732
497.742544260283 507.532342321136
507.566886474838 515.223295502184
507.231140958135 507.622975118424
491.666934007233 520.703780861071
490.718758747996 500.378557773788
481.890875216326 506.632031901074
501.346817955472 490.590343566707
499.582590425552 499.581692080022
509.590948984577 504.534019414877
495.056415287423 498.193400052739
508.50050218735 499.246927339831
497.166084348553 498.336403603743
488.594535781512 500.238357446329
486.272605363269 485.960516127846
504.313623284075 509.657835398387
496.70696280523 487.968447319373
506.411269609697 512.206275134636
509.662648372055 488.342883709951
523.213644222859 500.516973152624
495.992116674768 499.436870350912
478.977573565847 493.218332267263
493.892302037801 505.213586579437
487.282426315718 505.115582494476
532.382982913888 487.43505144818
495.351555511988 489.490557628801
508.764636087012 491.714851899786
495.344395121883 510.080677584385
507.702160313314 488.624834731918
490.251315696536 508.234014957818
497.403929646853 510.200712531273
494.480314456262 492.633384259449
500.044335245535 506.724978259524
508.993295134124 508.360095306985
503.06848730554 505.095520540179
495.840630591078 493.624464701387
505.38249117785 496.88280759144
483.897313507694 511.399144665606
499.844152203998 492.513029681701
501.447322760491 500.057388888843
505.070812541523 499.009757015109
490.763563664468 490.101173762992
495.060555359571 501.683250559907
499.127367577609 506.007360812326
501.63890950188 478.018343056304
496.771819385603 513.462556440603
488.284305753299 510.540439192121
480.836698472348 501.39833849308
495.213042721364 496.331565393591
486.792604878145 509.710741485583
497.608721917345 504.989670817721
498.628659258948 498.960186900501
511.252629058561 515.370063937943
498.734563978209 508.714941392668
502.081407674757 504.429087152716
481.643175226726 516.054960436689
509.907403628561 497.577406911121
501.904677986726 507.807567262352
509.42540502393 503.884052161377
491.345251064154 507.741923598239
497.444496654978 490.204555071876
487.868249798084 481.677354348083
486.638373748169 482.909887859723
518.021891960428 508.303825590719
512.580476283277 507.714141054924
492.63628168681 501.395675254153
512.08179403693 520.049676425296
475.011772458122 499.153559537884
503.121981827731 488.589248943904
498.274938794127 484.641638305768
505.253045044397 514.760547573428
493.319481698457 481.141232445722
498.773328407336 503.802236442467
487.071337512472 495.733661629881
488.011725330563 476.52003836304
489.901936468218 526.957369852311
502.054828937487 510.140337880169
493.990704739642 515.637677996439
482.640799946639 493.88140373059
487.858450121704 496.606759192389
503.07555251979 517.550675393925
482.620300145839 503.471798028293
508.857847499841 492.875590579405
495.733998524099 497.857124105946
502.244148029978 503.941955357566
525.509194094336 490.441872197718
497.530274245006 493.210002365031
497.270565164412 504.862846139183
505.24914275591 508.325491795937
481.321973392714 505.068182810388
517.103771820492 506.402156565835
489.557278092618 489.262606343543
489.474974436045 506.458168643107
508.548561215385 487.40153626705
492.391516000078 498.074069400327
513.764560654707 496.888761565218
510.736404265614 502.16270844147
