498.270383769037 489.370766195198
490.876014554569 479.555916346036
510.335706422904 497.27684737857
503.867292726201 515.858412189936
515.229099937078 483.317431910255
518.826006462007 498.312750458674
499.696248037091 499.618273197699
505.677484410589 490.521518388622
501.588400406565 489.624538674439
503.947167751966 508.620546916812
498.81382854357 489.309298621574
503.105682978562 524.553214838388
501.450172747599 497.449177921306
507.912355129585 502.982721679416
516.292438953473 492.926876831701
509.243619560376 504.452556053261
509.236775361637 491.104887077888
528.247585468757 492.707525440499
508.792535457444 496.485188140362
488.531346898743 487.275451637137
525.220928865151 520.368073175967
496.873239444676 486.921652804618
491.464913441557 489.857364626648
498.698471701577 495.194390787305
499.942260558143 496.765697881805
513.842136779425 498.824122002666
499.268414906554 492.560227122302
496.899670525271 493.574707174125
501.014998421301 492.832549899461
500.48075933496 496.46999269887
496.330958719157 487.771503689891
490.979727789045 509.509712858532
513.364275576422 506.48759696798
483.468208423674 502.160697497987
493.496813341548 494.963770372011
496.766641932918 494.458522661886
481.38855043983 497.844700267395
510.245689810855 514.903810934383
509.302431947075 499.385976181752
500.674624433414 485.146068940226
516.444876623215 504.492641645483
507.327965383678 493.369715007813
504.043127663732 483.913691985971
495.654577692554 500.720555656696
511.819548586991 508.67900781906
500.187733845115 500.813648903272
496.624753827986 481.004179544789
497.679137889565 499.858422536866
500.106004486055 499.012884325336
496.245071578835 486.517689974072
508.443793859176 515.518176626446
489.892849710672 498.664201066745
503.561258605068 516.811096324788
485.065481949603 499.53893278369
500.174688625273 489.388380005136
495.277481030334 501.897505003527
498.880917891329 488.807740122712
487.780405041461 496.381364351273
499.175260640756 496.16455971071
486.599798480653 494.695676467478
504.211173417462 509.072809160165
496.432709485567 518.291466217128
498.951299870001 501.556291084188
507.41252916761 505.160989440686
503.721834493595 513.466158009486
501.809560426808 495.823389215253
491.654338830289 498.074713285109
490.490840021804 506.729881744656
509.510525936771 488.593764922786
494.306639919429 498.612819201844
497.019141813431 495.513207863973
499.247258995597 502.633916739805
506.406563624087 495.838726442346
491.323447397859 480.723701113161
500.719329073504 506.663213630102
498.584079927204 480.942980501695
513.516374106868 512.163153504599
509.013950217287 490.52328763238
506.076760657179 510.649379213708
497.109054204471 490.170906942945
510.529508542902 494.530810246414
502.770371381016 493.267213898187
510.303477080112 488.127055246005
501.894475394407 490.792068818697
491.223532567728 499.707615543916
485.218791467541 488.208507315438
508.733079593968 502.361271744444
504.238282999548 493.39780821144
488.608328806421 499.512166972648
502.945112347869 499.649479805818
504.352633187153 505.64253150677
495.22307971703 505.661190431353
496.266370119117 486.047047297806
495.868677178515 500.816759488344
506.551678135813 495.117181879904
497.660878652567 503.946635044261
492.366214107987 488.145043973631
490.594762231762 492.087537626096
498.387469204471 479.526471959071
495.983707057853 488.152552509959
518.77096524542 506.567186133827
502.829150534295 506.191842106014
498.341044766961 508.672868094969
502.709098884853 497.279348229056
496.475784910301 493.675706018343
485.636746333095 508.302573605115
492.700406852743 506.879741605417
496.953410843032 497.112662274052
498.49035961334 505.659476813076
507.839954499866 479.528885358821
499.057042175556 485.753547104552
515.0401909381 502.986059360327
490.397909417869 492.329119520716
486.193120078219 511.212262268683
501.248334793844 489.760729658039
505.827875771971 495.657027522263
497.863864993343 517.298226031882
496.579087775644 484.426477421353
508.398199826615 492.3930203758
504.285703098707 504.09304370529
506.226587650336 498.803214741018
493.105359069472 495.369173852192
510.651027839251 500.581937865404
494.280135579597 507.025701396436
493.441816426203 510.396517450253
491.309945102168 512.332622625938
504.429128321962 490.515136729491
507.247595625364 471.810110332026
513.545870591735 500.430547645066
495.387002047673 500.982490911625
496.212684639383 497.389114801346
484.231032124576 493.451069281416
503.023412796741 480.580953285278
481.419216232728 495.878271283899
503.020779015918 508.096551305624
505.078539580221 503.034780196656
498.911810777988 508.794264694426
499.696670735306 491.799507260174
498.27146023293 501.946107714648
490.358165141939 499.427625495558
499.965079161965 514.439091317778
497.273767816942 503.983363674258
509.153930272784 506.398834761789
497.195896758565 501.719588971965
520.05087312723 491.63366048951
504.761028058238 504.722345603096
501.867378365181 484.399558998071
512.900637852136 505.506437250111
484.706845789559 501.610743315004
495.539464299549 505.20968936164
518.978442711834 490.49468245492
503.654067270804 502.782297988947
503.800028644219 504.435030232441
501.410176109429 496.840760995997
513.153911090449 507.471115737201
495.560856278053 488.529031806134
490.968776761954 511.788652597561
505.072468154805 490.65991412319
496.894412715913 520.234528512114
499.424305055008 501.703959946662
504.354009057637 506.446009549806
491.09554332777 517.119131520014
501.141358128587 507.070431903418
503.689622822503 499.863134903057
506.097189812444 495.691249343122
510.492525443982 501.692221086479
507.706674000149 496.993376837583
496.736715631278 514.183477199612
494.913854036094 509.685431453708
495.510519711687 487.333303010789
502.075088549198 503.066164705365
507.861291738857 504.37483409948
500.839350525111 490.482923631665
495.208818088265 488.091258441682
507.33774044385 492.715853832152
490.922109310086 508.690513084307
507.94748991861 509.702358301625
506.160878048156 493.856896105184
492.684736763999 496.064068647501
504.417465039817 496.552277347998
495.065531509933 489.701766850122
497.777663640913 490.426011679087
504.980150381276 501.095391673346
487.41646526528 502.29379093278
506.163887991418 473.878268630938
494.84865725876 521.791166715235
484.827471152467 497.362950414039
499.533658523245 508.446327711042
511.549502003582 516.916474051856
500.368848948983 503.408793032981
506.419078425873 504.164997210132
493.104741985201 484.004592125736
496.902826939705 495.614876745247
503.054703594479 495.545688935122
521.932697504825 501.906094727037
494.214016466715 496.323589847177
504.19644433606 496.06592557788
498.953577631763 497.537950684525
490.017215523747 497.719740815551
494.928170134752 493.26546710088
512.097018077735 494.962333962756
486.032290150185 496.223548663927
506.091775213087 497.418031805898
501.708431077207 497.819843265508
497.860352795505 520.547423773812
479.05811326989 495.641483927348
504.857756566572 493.910162422845
496.423056473105 522.708626635153
483.196990413049 496.302323695021
506.529366400758 511.366883895913
495.475026295549 501.614332291762
483.733211556659 499.62185901616
509.502920274723 475.873760349672
497.789209235176 495.663585385723
490.211917894247 513.335249460286
491.537465946093 489.449908913112
502.759603601715 506.103500157414
503.269180846516 512.126725673122
518.817861946374 491.009880407699
493.82028095499 514.738049477027
511.824678751965 502.106878231622
501.811555218152 503.260721957002
495.759457376344 513.322898842659
485.509403460842 501.473765755125
493.173013350079 484.86843845264
508.017385576343 489.971331118791
487.718009164662 495.879039761814
493.568909075649 492.154123794835
507.614546295831 491.625602512968
498.613483764884 492.645089248779
484.668828135739 509.661551630389
485.337219831846 499.629543353579
500.327475650838 487.026625410258
510.536861790037 505.983963485154
512.61004478681 509.047738487584
494.878250852213 500.300308473533
515.512598287536 508.497854887814
493.515806692751 493.349464105477
505.04502868282 485.460465282459
483.984312060473 500.033259154946
509.867679316575 499.469720348917
496.330937271709 508.80983832102
517.214651856719 508.372306551831
501.416981298777 510.288051478763
513.54643554764 489.300519865913
503.745388234196 498.353322105672
493.400094734597 497.67757014113
490.511653064431 485.244813204701
509.063455473195 497.42020729895
499.817767586575 487.126119682271
493.412793879948 496.135790086726
495.935483182255 496.675287271486
498.557914431692 500.93904293513
484.492797339451 508.985065376567
518.398956977103 510.799846611929
506.556780186083 490.967575979289
510.573084911258 499.681856192891
488.655963151077 489.615040148898
505.490671150723 498.398096982857
522.082182807396 490.578294882368
485.824791291669 502.504445932163
501.041835376365 514.966542566516
492.065926670419 489.434740078987
516.074519107416 484.528979777395
503.975885683444 508.370332992966
493.705544817245 499.785167943728
495.352185635909 505.201864718388
468.920993756573 486.003130648943
505.297578473178 504.81873377353
499.426999466497 495.69284854489
509.158469528562 486.156903908712
494.206473628858 511.808351762244
510.658495592369 502.152668087879
489.32184992 510.015961136078
481.877959384382 500.741083571376
488.383172590493 506.445752360354
510.372635823401 506.205902029604
496.480903985712 507.264685013657
486.471892595316 491.388514876618
489.211985799535 500.474563901555
519.261931582742 492.230709070603
516.285045237728 502.903461918231
502.632955825579 503.371949564167
498.378265326978 496.046035658409
490.880098472412 502.299951181019
510.620757452461 501.761344951738
510.732657642927 499.329271671373
496.524376872711 515.345912028863
496.568051048052 493.365899970676
510.578245690819 489.990059552619
507.887327909421 504.313133939693
503.394230979648 490.079252620437
481.038398122177 483.477734476569
502.25061329448 486.965936932613
510.275008045651 508.951449250825
502.553740574365 497.000941198661
504.856698330287 516.756314344835
484.914058634636 479.493627302365
494.740896779636 509.84852951179
485.356813008035 493.892505501189
503.232136684295 491.452006106337
497.347195150723 505.441015846923
482.046577834654 498.611794482178
512.532040691921 508.585701333732
511.547788624132 505.668492194702
514.186246832531 496.495072009627
516.374086567966 497.334454381208
496.928840775345 487.036899032206
501.875341845162 503.834817988982
481.22087056432 479.704420638032
495.366902847316 497.334161406561
518.526303182411 505.115617745645
509.250592793898 497.129918809483
515.427662316761 499.797224712467
476.487717737457 513.947215617617
505.432441442983 489.793559916142
498.998286996523 495.134605801918
500.568437277706 485.41590757389
478.116319296843 508.945034453959
506.396670130186 495.594020752789
498.644267775457 502.833173218761
495.178502048788 510.264836711424
509.346429710367 493.18885809387
480.525474053522 481.438306737038
495.265503645129 495.834734898561
484.925773257934 487.957462339159
511.500919017424 518.453672857336
511.67020098117 503.925600029393
511.795590330794 516.908871621254
496.93884676116 494.937605930076
501.466324051556 499.599735426037
476.181254557275 494.66209237997
503.862908727003 510.088614482832
502.315084578286 505.976184536487
510.706883613812 482.782349181287
503.958159981565 508.322097508042
486.531339109451 500.134512207442
503.108256812009 489.832033481471
501.524430663476 494.049568656659
513.789485579668 496.741658135564
498.1364432242 507.719060829151
513.836151993135 511.105318048124
503.068990640193 490.947369411216
516.779249208049 495.355666362042
490.510377569734 502.151496060963
485.873711993317 508.982028232007
511.387364118789 511.764133127855
507.056655018961 501.801087880227
505.197838221578 482.661415880186
504.401051163794 496.908310203429
500.879291509155 501.371476530627
502.229814805949 498.886690664317
505.945607552224 498.284673729427
505.74132232107 490.268359704624
504.408974249838 485.256259999161
505.095871688398 516.030409209091
500.288076792128 499.079069345206
500.719458925286 472.086960039721
487.879290206168 498.923878613069
491.807317952573 513.760257931824
506.852007221674 482.312419916055
498.138390390323 522.706064637671
498.837605499738 503.98485980395
498.025605964229 518.850658749444
492.839854120416 503.807363011846
498.085270181917 489.449220521516
503.411660799696 499.605512434864
501.611975919798 503.177016708656
486.421057868493 497.501476634685
488.679678895429 498.407639974738
509.350601840909 495.778790493409
507.168078607496 505.736529330525
502.858611436418 504.499993135002
480.181666702595 498.191613891313
517.152971651238 492.067114731552
513.709702410226 508.461781632582
507.956356849943 497.836425799201
500.632749025981 512.520394209704
513.612462104022 496.389473426264
482.529891133058 498.831400329628
495.064312537265 485.972913368573
491.378454512905 495.744803641267
500.125483361373 496.334878290121
510.736049705217 494.883780536454
528.103744731191 498.928591552106
502.401459845487 504.045827078215
485.642893441973 490.977820480087
484.048129036893 515.43966081868
498.241390870888 499.766540178322
501.189773783373 493.599550084202
509.541761013193 502.710514513917
513.558213725843 510.775196474234
503.650946775057 500.146562917942
488.397526546281 499.553568238852
501.610726400811 484.923755094171
483.319064164123 518.294262217259
500.214972723463 500.770399500484
520.985868300794 501.859677467473
500.990108261663 499.399083823409
495.241106405713 503.323995965767
