496.561572071264 489.088201717389
505.02520704764 519.364475298525
497.006164142441 490.985665249507
494.872156972198 505.059774114986
485.201113197529 499.679375792095
495.544069295322 511.760074135439
504.730589553457 490.115938784887
495.572926361864 497.846843891992
510.291362943966 502.963148153384
485.947800357935 500.404854009641
499.779113689936 490.674426599913
499.087627092906 494.346463475044
508.132728148229 496.50984935007
478.890859475041 508.550573635107
486.19045249415 499.178183445403
489.43752438147 494.111408467771
489.535121496551 508.394983223482
496.738150509918 507.646730922398
499.018644470021 503.88751551497
504.463846671356 501.319039027985
499.618288599326 490.22129185991
503.066445491947 507.81002518921
504.213972562724 505.912139787761
483.720116520782 496.046263144397
483.541747099331 506.383350233233
502.466820511458 513.523781844613
500.781691630789 509.535963506068
490.736477860426 512.230544315182
498.18868153178 517.934529851568
502.936188672071 499.0554699223
494.656409696515 497.629597265267
512.107631502424 506.233291285101
496.942306341095 500.032932470782
506.129573708832 499.981194916015
476.983609346272 496.833712353791
526.565569382993 491.568024166194
487.066446140879 492.56840195107
495.744913272029 502.525069454416
496.565149742086 499.854889121201
484.820517070632 506.341604597355
497.120641385209 502.252977176034
511.19985778273 507.654790282038
504.650415685138 509.110128707176
502.864504802613 489.524302016869
508.506396259666 490.707502303706
503.045698462826 495.592397595444
518.15511289127 497.692869537744
506.48079139621 506.535214598708
493.886501283683 479.672209359827
500.405326643927 490.314115166215
496.921619933514 496.477755303758
483.843918189078 502.332071895019
497.560692295722 506.528426367147
495.137913899139 510.366867949092
494.127163938793 510.544001237942
500.676994129731 499.011198054035
494.737459314979 497.575755203027
504.864238255706 498.470693355981
478.595188645302 507.276485900432
512.465403267895 517.201758029608
479.443995263826 506.074895517038
501.126606459258 505.450843987692
492.388086725084 499.025136654101
491.811737384801 517.145291108421
502.800071505977 510.998815344432
510.378610521669 514.790960089157
502.969880905646 499.016570565882
499.027898594532 508.68182878266
500.033805669282 512.453358636521
506.763163097632 494.983397704569
496.76057608421 501.228223862275
504.638908572871 493.800752794548
487.768259931516 489.341980279572
496.013544798507 504.24579287302
487.718739045232 509.759986369731
501.625675822321 492.994167095847
490.051995409681 492.912266191237
509.384939091289 480.922209895677
501.274933049076 484.091442146061
495.98947520912 503.703856115657
513.858278966674 505.326390541337
493.505257154167 487.49735506974
488.506059362144 497.280179366415
498.916299931751 495.706015518234
500.853960530093 531.830294622275
512.456505181161 496.080743345776
498.23844586491 510.561531407891
496.763630736898 499.19413834768
515.857686375402 498.9152620795
501.232219575399 512.616177655572
506.154325774763 496.179816277283
497.103288525465 496.209220567155
520.322627481894 482.526251535208
509.634048140546 489.736961909414
502.887462698834 508.04226520536
486.956721088251 508.815523856504
514.039624611817 501.615878218183
502.350239237576 508.35723438858
496.595107930983 504.136337973257
482.99227965216 497.096757563885
483.002580964885 511.17113281331
509.39480809757 513.296644517517
504.854110369539 520.39706034885
517.021040345309 492.170417909155
521.986024046625 514.524420208665
512.309528253329 500.934336746292
497.593112578983 497.253992060479
501.221415911561 501.720985457034
502.670267930593 515.335811909306
513.682320133698 496.925678901775
516.007988061562 477.944366789095
509.168132842343 492.944110555609
477.857521614982 518.848733353548
502.145410337414 508.926296294921
496.913265221317 500.546701120073
506.530377750033 503.947307303377
487.738411746175 497.073064302345
492.331392041761 489.550073549877
496.136024302655 509.373078264929
500.644192401015 486.830495738728
498.071798808204 493.973882500516
508.406705610765 492.521908983492
493.854675528942 501.731647414991
499.739240739451 491.009757766567
503.979604965548 514.310719105477
492.064439880576 502.942961375974
495.776431721099 504.658745168227
515.655926766324 501.028628648057
504.315478028827 497.440338860576
485.624217603899 503.542576496429
491.1208017806 503.068832555502
514.989566622432 488.293473989079
479.517963193758 501.054477709731
507.158137209239 511.499228814966
507.211076788816 490.72263485143
472.353661338304 481.804986657958
494.033515816802 500.08438148382
500.60983391803 488.787882125769
490.424928945958 494.24775258602
474.882270361914 508.757241747599
501.513308863501 492.337200956135
486.408450158508 496.69211536604
502.122754715748 514.635475178009
492.223482391293 488.678884298589
490.833192167617 490.199194620762
506.616777989133 490.6741428438
501.324717492903 499.604790550736
505.441609230526 485.270534306796
489.708457231769 492.447611571172
500.830287895281 491.409681372796
519.798109202215 500.065236412237
519.234296785735 511.308870051378
497.222740554403 487.632197486499
483.667416472988 499.327739342911
515.047805447967 521.47144731695
510.300610758588 505.380433860477
496.596599206668 497.817741488292
502.477732289543 519.322474202891
493.782438209724 499.669473361373
495.901582186292 504.342887604224
487.347484613132 514.529774314444
508.551309027003 498.097724230274
500.62214432338 498.817344563323
514.333922372823 513.197335841453
503.93589320603 480.062293476149
502.073761205783 500.708326939388
484.316600660921 491.724935850925
488.566122129173 494.441110744386
523.349715571811 487.125259028647
503.096746452665 522.816778323763
504.563436057222 482.658006878598
510.108593663948 507.331505494123
489.433357026954 517.769965149627
510.674321598971 511.457043459042
520.123536652706 506.995086837208
503.625776786877 492.783320737549
485.848235432793 495.029388748859
492.550404283756 495.903727808873
507.968284342644 483.18065122535
502.275975510387 499.23471624707
505.065613201486 496.056197219186
492.897699950482 499.876995288622
514.670946196397 506.8153490076
496.939554511681 506.479495677049
505.999344625148 477.439594341913
487.196847798926 508.464817267551
505.830773568695 512.048550094722
500.241187376903 499.065948388401
493.285806859918 503.511815242217
499.02663759044 492.37248967712
485.462682008312 504.300057058788
492.213198330564 489.373363204533
500.814259151612 490.596349349198
513.778293554 493.414842102946
500.21478696513 488.336708795038
500.317265634845 483.976572970776
488.292317666863 507.174311376237
504.055482941447 514.435252325414
505.851751797255 495.078381706739
510.406615197271 506.727721051675
509.142825061104 492.0773170878
506.573449420067 501.281804261333
492.992892721706 492.147308730443
507.990275444106 493.84055198777
491.694278570473 500.329816905058
483.046615479173 497.9262023362
511.866437544522 505.325191915427
490.885705486884 513.382861168303
484.166851049676 515.043408739633
516.093450513721 506.959620500008
500.063423512645 490.004760941175
481.622659475056 478.432297546344
507.284358383425 505.836259538398
516.982151680068 506.974519219164
501.528978457015 491.924329293858
497.179281178445 502.931812668178
509.852132025543 516.854459781547
483.843102711691 504.925486153889
497.564200998881 484.843973258626
499.491597738971 495.875427914731
497.234300900784 513.197514625402
486.889527006694 506.552178915556
510.573156330376 508.756373698172
504.339628631931 504.778702103264
502.45458530278 503.927177090051
510.887571683925 472.969465102859
489.704353992926 513.17342150517
505.335609425827 485.040719171993
499.169862141431 488.176429288307
511.852003264972 510.196099097504
497.412328931302 508.946874896456
495.734760150796 491.749441822093
512.425754333483 485.920253289247
509.636059903847 507.196553584535
515.102570346217 504.586342313792
503.067261967691 509.434706525714
487.738927395021 489.276049896257
500.622023534908 499.817876448259
506.469267790943 496.836798506239
514.125114779131 479.536374154363
496.799558880924 510.500371691256
492.175556366938 503.553563635537
502.694276395101 471.712414593012
504.551408544497 498.274895578763
495.575078275735 495.317053171877
508.475866290119 502.813440968682
512.900701911659 495.945906005875
498.601611250472 491.620231353716
500.219548797125 520.400067442029
513.194901344065 503.492661063585
497.142316432064 503.814818580801
498.761665739264 500.628223206157
501.17494036315 500.49007165324
501.942211609204 514.676261910477
510.883068360402 520.151249206568
495.466814904084 494.642569898332
499.078667689378 488.782320030852
513.274729794359 518.018491726173
510.45412719193 496.91738157576
502.592437679284 506.248064154875
496.159851518661 490.761389577128
495.685942016773 516.94856510077
488.736870863282 488.702817864796
506.071381919456 475.407124391708
504.633025095977 499.280390718495
506.766107577453 507.348541463075
481.488300109628 499.576136714852
483.865061202495 520.337556898948
503.212198404092 510.571710377232
509.766209442877 504.993364534235
501.158607067193 494.537882966525
495.597147759687 515.408669120266
502.689960600923 516.202782635926
495.336174704189 500.641098060979
480.685015475531 493.850308155733
511.335253334212 500.29267119945
503.857576604807 500.27333751566
501.412693636982 487.473067029026
488.570401915071 492.665413461166
494.719192375613 496.832772990025
510.720335317791 488.452853265502
513.914758982695 509.737245709219
505.070600101368 504.375245391245
493.540314318185 484.298014368919
494.423575615153 480.121949030452
483.662095713015 501.640770278935
483.346320791138 487.620243786394
503.843598730932 518.731806708635
506.497220092842 508.426245635076
495.810762786887 502.049542753812
491.883505760362 490.031211188477
499.090274159223 503.678251980257
502.78439891517 500.459137602179
506.878745274018 501.869223194577
480.014366910469 506.394576936151
482.683626825654 494.658121097017
500.674569258066 515.887447809411
502.278574744467 521.451063102537
506.17068323815 478.268751022432
506.894796464905 490.263627131667
504.130794115724 501.973480041968
497.639832488213 483.118309002985
499.718736793442 489.732128584591
495.305168164568 521.593359091393
487.003107143421 508.886306726274
515.753966698132 505.829730164455
513.739600885753 508.613280955097
495.986659695153 495.282481056997
500.234881538841 484.27089946346
515.63649831879 500.526188166877
500.317118811194 499.291619331629
507.726749846026 508.393121190444
508.911708132626 500.919114567455
501.182712282664 508.406050657995
497.850946625157 480.199798502948
493.4184715752 502.238170975611
498.841915224211 491.483400827498
497.976846441705 508.278409698827
488.524424504931 499.28935042705
495.792961962938 495.448075615807
490.317829449996 504.367162154182
482.550263682823 494.730241168869
498.749654920814 505.12948941446
510.545076381242 491.905724186381
492.532230190616 474.33651282761
509.891703354024 504.361913038064
501.436605007856 519.380987521783
497.575329244916 504.293104069531
495.17144946481 516.78598917
503.672064324196 491.063138685119
480.436438524513 480.15250742532
496.411613596985 496.686405120012
501.410775455058 494.140394874974
488.400754881012 489.215961591079
498.089081612172 514.608975876676
500.378860802863 491.221960710395
510.276907084308 490.187518432685
493.307819356264 508.133771170194
500.124263800309 495.475398534279
505.12353801266 485.842143063562
497.394859684549 482.338797327057
501.443325596279 507.453173364886
490.005929673983 489.029211041829
499.716262255397 510.271115669634
514.725131498963 508.349489199993
509.286141126739 511.508519870823
514.088755799577 493.125955298913
495.356452103988 510.746170351503
487.085330044814 484.073685754163
515.42264771171 499.914916623687
493.033848337975 499.238378773479
508.447789535797 504.214789501101
489.482459504294 499.747905653825
500.026352797701 501.448589316812
498.449064752875 494.11983235366
487.615558917503 500.296627185055
492.64129895422 499.493581281052
485.722594772581 495.185893197902
503.000853026894 506.513809058095
516.398168494696 506.766487498356
494.622149231983 489.826104703503
502.029207317575 494.138090460168
488.642728537192 513.027160781494
493.875182982553 487.7136381998
515.391094296267 513.042540705274
495.187513489482 508.356340494773
500.271593384667 485.978121313251
507.92563238591 490.021411009919
517.278140309809 504.119874781214
511.405534098288 505.27479459735
506.522451892743 498.73809432457
490.994982937928 512.508458243923
508.189914443128 524.03306807276
509.57956494952 503.244630592089
480.753150268363 504.32044387784
516.101332928134 492.341785833257
470.218832144502 519.326928054721
496.685879443792 497.4108367231
500.564233115906 503.143812086565
520.728573501793 512.287087422608
490.502106653027 502.389273399074
504.245864830572 490.501716380602
497.664207561497 501.697211111296
508.286492355819 504.686616116523
504.888737130473 502.78994487281
514.251342077322 498.577398901713
501.914874524943 512.751793229774
500.689235126797 507.47569451952
496.518291025671 501.062229114393
508.505957153412 511.686178074235
513.028709435355 488.142376789776
493.887845219951 525.976274539843
486.614158439567 492.950834945645
508.264048774207 501.575783071445
517.03192912581 498.512767609818
498.680754130524 504.003617512359
499.087255849514 501.62864070699
490.233897523138 499.845142628325
478.436908607223 499.125099674806
491.025485072447 488.412071246119
