500.272962752147 501.154854891383
498.909984509638 506.02119837879
484.486199857003 498.286626683805
494.266395011977 503.430831997824
507.23979591244 507.309121152037
509.071687093124 510.821424859181
497.220103082451 496.323216768271
509.313506768446 487.270247812156
505.381861129259 484.47731204447
498.309611837416 478.628655470885
498.91345299167 508.294722486014
490.070737735509 480.176905153668
494.479429739669 511.554132423332
502.187956863839 487.355241585603
499.900717623128 489.31600608353
513.326792659365 503.174268983407
480.897109338821 500.81363732197
502.950698158559 493.390265466746
499.708339135167 497.646244611332
502.091823983139 498.773013412059
496.072988048048 495.046029425389
511.469667039281 503.403708095385
497.801555227731 476.912691355823
498.463252527786 487.424013308467
497.548822569278 499.825544923933
497.205378732643 498.169726417655
493.018401633853 494.651799939767
503.161123160615 500.742159070692
474.716964662872 512.207346978791
477.652859115982 497.60234965695
489.122070414229 499.303265779625
514.499698440084 511.889324826022
502.217737960064 512.213606103388
484.152805859569 502.649689093285
507.313303480667 502.951725179762
510.166412552599 507.130108918036
509.243492942125 503.987448042799
494.297066475224 506.906678929863
496.459712423733 510.610596302886
496.37257739062 480.277258420483
498.281082997143 514.817602385718
488.540047182396 505.123914860749
495.068622275146 504.434897200525
490.277741965866 509.7638018439
508.960296617479 495.949319079432
482.936047780139 506.003834450499
526.619523209138 472.8102472304
509.644425881249 506.439479539183
511.615993826784 497.499734709435
487.809997118201 507.049258338491
484.653448430206 507.320469306612
507.300643877646 500.79285676727
512.110667896842 503.09485262916
504.491209589884 492.038340358397
486.300048855295 505.875056382899
504.465559283986 508.573405750783
490.777236447823 514.673452045489
508.053683038908 502.582892238953
495.701895873422 513.88734498225
493.371903991752 498.411750536555
500.647847225156 492.029935359212
503.613731425664 495.873003484273
498.854344460899 481.41403546187
488.52793048447 515.064508510178
490.079815496686 501.407456103392
509.756916759137 497.372195933861
500.951125708682 508.804245248896
507.321414606625 510.172154145128
513.808748800832 475.775822900393
502.02650052432 505.297013819435
497.421654228367 505.03205852482
479.329631187282 486.242395193635
510.32707112039 500.043489157316
505.466582640652 504.719343159148
501.247420641352 496.392194738264
504.621469693521 513.390814807157
490.909120794898 495.194183346984
496.515075405718 494.757195434874
511.703231005686 482.86223328097
485.938637542539 503.849085620538
508.863615558785 507.840338701162
494.933501806016 494.224844040939
499.038200132313 506.107770856198
498.235190795106 496.054597561533
494.369743984112 495.606055602828
481.916068478012 504.024095275296
502.669234602061 520.703254496505
499.143620151352 495.233026952027
487.917093200415 510.072713597824
501.106858905716 496.048010126229
496.02934425719 477.581875747288
503.801420309044 506.759700657631
499.589964042271 502.65493441509
506.041153963291 498.736998613599
505.924157683512 510.800345930977
496.817712660971 499.295737149081
488.861762020708 508.121450150064
496.274365492407 512.269330072262
503.072600751847 494.42561320167
493.552029355175 491.890218478511
504.422525340759 490.008815331183
502.517216964849 495.285369632655
511.467265793745 494.932436350076
496.129676111649 494.92167358106
500.605846192075 484.270177290194
500.628931559147 501.849896222651
517.63470715376 491.614585612587
491.389331761687 509.974479518925
495.920839095482 493.447409932467
496.559386922337 502.94150280213
514.87312277889 511.898534963656
490.662666363632 517.073652411092
499.999047917034 512.797597979614
503.247558315447 496.928628633696
508.529306347705 487.951524493974
513.692319157052 481.093888762716
487.947720942617 509.205392127424
501.794766807255 498.133968145227
511.541372001288 485.399214371676
508.531286182741 512.145334263478
508.036127867447 492.502284068396
505.0250648022 483.045538885831
498.345118367812 499.226282420031
507.133522325752 499.757238109116
495.281825542506 490.406797791993
501.880720304763 493.406684404862
491.232812622183 513.303676978299
508.252402979738 517.98706110227
492.183855591894 478.56684544321
505.832511748943 523.216205688417
491.774475937552 516.479769285847
511.141666662355 505.252490706094
506.208833371205 485.577315923217
494.183226802886 498.554606051048
506.744853865854 511.279186366865
488.874625395496 504.148446279243
494.812165785815 503.176016433302
495.690127967634 485.949062054868
494.224534050092 499.322383749719
512.496824416024 507.222020963775
490.437056914098 506.124738099079
498.606121624127 506.060596419365
488.12881823095 489.110321138349
507.042012042327 482.667016400687
509.868934220288 485.867641140007
502.476860168945 501.381037527959
506.845852278396 493.386922597205
511.139484449914 491.757659877702
502.454795635589 497.831279041089
505.113785762987 504.379379687755
489.691720222334 513.195068321219
497.105001697449 507.776013186222
505.651849063142 497.721954657813
486.854643051321 501.05372646098
502.43553328026 492.307328176016
504.209777411362 500.94093658095
488.014371030438 506.597445994593
515.952147916447 507.372198678726
482.02630810766 503.907148903646
497.452869734129 501.258091263952
493.867119573585 512.100348204849
487.681943632456 494.817708577057
510.230813975168 505.22613988994
500.577852294138 512.109430015057
512.396025509588 489.741391845244
510.345333988024 487.585893577736
496.254294124419 483.554771235405
496.092664308504 501.247080856649
501.803186149771 494.95997409184
513.963024527073 503.48376980882
498.369537073754 511.424346330031
498.428299586949 500.905597852133
493.420409346051 507.136876020081
493.555087726206 501.535630534674
503.607381765876 500.166962351938
482.336609549021 492.44610505518
489.872956234012 505.198949460858
496.860923708917 487.556250874716
484.885461130314 503.312088213091
492.7313653041 493.766079037624
493.458968773469 511.662246508156
503.072653210204 511.413834156758
513.212900743912 513.988388738141
506.363934338279 504.146907675287
507.103923752996 496.346190801251
494.657022381503 506.214288985705
501.448858409513 490.670635924098
500.1420687318 494.59292695957
506.344527360732 488.321480714024
482.581745202286 490.097304876445
502.575990031276 498.795796916198
489.310196585934 509.574578309469
500.257489304559 484.696067042927
515.028320454352 514.052798631202
497.61477195652 516.837431983228
512.663595945198 488.500568913097
482.665562294932 494.196458433987
499.207875799258 495.93416562121
508.214003491186 495.977068679646
500.746190388019 492.28937294022
486.323105751668 512.679767222515
508.207499265581 493.229098790995
500.737814688784 507.082998753737
490.260150380556 490.559316307006
513.848253282697 503.400018056882
514.215291626037 486.898163084667
517.847316495462 506.344937960852
505.654185029974 502.90338100156
483.568527797789 514.150831539257
496.891694362062 504.344446077452
488.678300050599 506.151008972176
506.672422059536 496.561506229827
499.106085098906 509.421094614224
490.751975365175 502.114974993079
520.222148764908 486.353253537523
497.329983705063 491.262569004704
507.866177516734 497.074354123723
501.037192928395 478.784360350526
487.425835491674 489.342747987246
485.66140546064 487.417379319703
505.329173121794 498.041946765072
514.384646359381 493.812059827028
492.907207676865 505.165678786687
498.256801859849 499.819645967392
491.468603843723 497.175524999468
489.424020152238 498.83399845344
517.581173916397 498.833005685886
482.904078079245 505.715817408056
494.287346050017 486.285892289483
483.822447002138 500.887965117064
494.045589663376 505.984533588887
505.526897748138 508.696701921275
503.174944981497 495.940011543392
497.690069557298 490.426551797597
507.430944440301 483.200130229201
503.316478001733 488.770189581447
494.32254363987 506.197713511008
507.084745424158 505.002557541334
502.397293568514 496.235440503122
493.097270115721 504.098661674913
500.248035148401 497.169264957963
491.723946936 509.994923336725
493.067643303712 512.776447985935
514.315545151224 477.898003373026
491.453333548036 510.316117237259
504.100988608181 509.475473175337
499.076160350844 493.95893240239
505.000748120626 497.518414199346
527.251162787144 506.482812875553
501.262620033553 488.563333461925
501.077532769894 514.950037225007
501.852286591322 500.493003844565
480.727802999409 484.175359557033
508.256424892711 501.422224606425
482.664730527279 508.337770430298
515.822040259569 510.946925268857
505.900054297832 514.495430605346
505.927856806261 507.117561158013
508.081948450186 482.889069479242
499.741932393947 483.922088634616
494.760607925963 486.258188341442
505.036392177614 503.385146128342
484.115414594566 500.910311707011
485.693053868089 517.47938848948
494.808771171703 504.387793071556
505.945345442878 497.524106353407
499.359194161043 500.005805704329
487.975420052922 495.710617251934
506.758206368956 484.982291598573
507.516869944875 497.983107684195
505.654741354577 497.936317195287
509.856976457092 508.491667736681
495.400631373613 506.465035700764
507.885523672592 511.482404369514
483.421002540428 502.008511112238
486.676826373459 507.974334062897
482.738306182803 504.87228355272
500.479387011892 486.200485097842
511.045726550199 492.739491391842
525.467393229916 505.855402779779
505.387501497166 483.792478729108
504.963902143178 501.799776159974
510.600452669423 507.175264426865
500.012049944296 494.310813507285
492.954095565418 500.984616603533
517.555800861111 503.240309448302
490.488546071982 502.854230756102
505.729127330286 510.874686885209
486.935277741062 512.253225164658
483.566567770997 493.515982437604
518.382377910536 494.791674158655
506.974099548937 518.276232444997
494.754038155808 497.633616166866
520.585369430097 495.388004745359
503.441168876281 491.663241141352
491.024290880716 503.302362841511
497.832793980351 495.615224274386
528.388939016625 489.12473283931
505.638693899813 489.781542609079
497.007046826307 485.599329565425
486.318411749484 496.449967941843
498.310713156506 501.830844768513
495.628985340334 499.929983592478
514.950035932797 492.933110858426
509.115608526371 497.867913331711
497.014913833469 511.323834227011
487.995543754437 489.56954038065
518.544902376263 507.755237868055
492.613011335845 482.569277120388
505.186790300783 496.263444696732
493.121361970189 499.091128972202
516.484654852741 497.952783114496
483.280911132903 503.676480318127
495.899705552486 508.875691814243
502.980736157056 526.572587582629
468.906391288619 503.004334263529
512.10283218869 498.431354826439
506.049379936575 511.310519168126
511.357271705614 498.838451310792
498.312284112413 496.002192815297
484.378582868641 507.958947900381
501.472279301782 478.315096143718
505.2904929369 511.351159033926
523.203103919107 503.723255264593
494.191203217999 495.838271717447
490.099915295772 479.911844549669
509.097864489601 489.556808843792
486.608122678284 497.267633858847
491.256515114327 501.096028001757
507.845763051084 514.031835126341
496.392791277128 501.115137557768
503.508370835075 507.247661356452
508.972849411889 497.940706810004
504.788194547344 500.525547421108
494.856352847905 504.351755581787
501.187002736157 479.804072738314
486.997421585562 491.81325003969
509.552860445332 498.432236501245
508.554428542948 489.479875645156
494.427251708391 505.970537690069
505.481314206697 492.358905798557
504.059485628274 503.875677294772
487.667170258002 491.10387067224
480.222598800105 498.480555019097
503.267661881058 495.027021129015
503.730069538693 494.620766240449
491.004506413122 506.587214019157
497.150918987078 512.636071865665
514.418850335981 509.330206337689
502.340158224465 496.389967355442
480.988780395011 488.927216701724
501.75372809767 498.285341291543
472.652934708281 502.813823982167
487.9890326722 490.076697727147
488.5929422672 493.42353816832
509.731627600959 490.566279059968
499.418422733833 496.219373273066
495.346022748634 496.05920509932
499.125461868653 471.536289437454
503.045490238822 505.966840465885
495.352607011306 499.577817417896
489.593485263809 486.605391532707
490.446942520606 523.920228421673
498.786891792643 494.777437095368
507.666351521434 491.545991428397
501.496390392698 494.62284988436
482.92526324389 500.661338343615
499.203654569417 474.861861729796
502.653187562109 493.95716203141
499.60022926446 494.369547696059
499.897799048233 503.07371631596
508.616236464447 498.46999307647
491.032513682937 491.149433313668
515.866229473942 504.178723540771
508.885713390821 497.185349989345
502.915211291959 502.479272780576
504.116946591938 489.029191856201
507.963330034136 497.63458899875
507.293825236822 514.999888988645
505.061108391196 499.178276622862
509.248514215194 486.726026616645
484.604418548831 497.995073437161
505.694726438679 494.597643736064
512.19506869832 505.659487234732
492.314245772496 487.391973953425
505.664117009472 507.911334363639
492.101033113747 497.735215466437
508.921464447376 494.582333116206
490.40608295818 493.982506197289
493.589632510696 491.695210729046
498.348270922556 498.069881452701
500.522879862252 495.647680805415
502.106126520327 497.906183094944
487.611487708957 514.197448700856
481.894737084907 510.129348264436
502.673286373031 510.874095983163
501.705488115962 499.229247537335
482.154566818345 522.882298076459
506.088974502883 516.488528381914
505.54120764849 495.40715590229
