511.990766180254 492.814220192106
489.903456579274 497.250221373479
489.566577028479 482.891233722366
495.406289642353 496.944732973619
497.74263008305 513.839263686071
505.553899496646 482.397589818468
497.379029240017 498.200016792214
494.456762714449 493.965746817369
490.52076548934 488.146295534275
493.512624712138 505.429504073316
489.948723821081 498.907187679245
500.787234416561 509.335077069677
512.629600892384 495.05797163854
494.072843330321 508.258363029587
499.233561397053 501.384224996009
510.854266813673 504.511757527754
523.597317511991 515.905963068962
503.144311063897 501.458665698314
495.294771285663 492.199009286244
495.489292382466 508.786868948334
489.995868815063 509.545970289737
511.208584093056 513.716601700036
486.979722630783 483.683067171637
488.368679579593 493.526322012091
501.845792223906 487.039493647102
520.002310558203 519.597210406565
494.98519793896 518.691685256262
509.793634744895 510.392007343843
501.850703235834 491.487992550566
495.159590158648 519.040593063424
489.429970925912 479.860458458329
516.495508732036 492.270861147447
506.752912543936 509.828619097821
492.201433615311 503.413097197557
489.949198670255 505.097907683487
497.203167177808 521.162978914988
508.332144026852 492.395455906
506.897022024464 501.082639486761
505.955909671199 502.552309932562
493.63276599915 498.607198508665
495.790056297719 506.322505298849
505.326285992633 512.356230215862
506.388378198149 499.656669667326
488.508487721708 494.457499002895
490.072214720197 499.017143041962
513.186665020865 521.449359643833
507.391763790284 503.406502948887
514.171836490312 494.979057901826
489.578600548653 509.159738893182
488.857181560333 503.062738542829
501.019386438811 489.620849711486
491.326884120476 505.549109330504
521.199785939211 497.994259872878
501.905707697285 501.528535621952
508.999381241692 500.672379484517
513.469333373453 491.410485506363
495.984456301536 499.592702005327
500.366259390811 496.17038933583
486.927924815624 506.082775608872
510.877020463546 510.798974723675
485.453024046036 484.389362803212
498.573920124402 514.347407784431
504.136676761364 500.646109314607
487.847402070337 483.839074688257
515.404033492974 493.249822634018
508.170069770155 503.853816396592
477.902337126831 520.627347359617
501.623293211469 503.701983587886
499.802436867559 481.017778134845
502.226253705229 501.242614867286
512.003944811354 481.679362552541
501.346759632326 507.751058174776
501.323125069043 505.527703004776
509.369571398175 509.608946527977
502.992379485423 513.193642029725
495.459090787698 493.73153629197
491.943390351582 513.32037649869
503.134757631202 494.842737311502
502.611969201006 501.567167331431
504.957202583991 500.0238710945
497.546229697863 511.839437064221
495.780084236133 501.310515303464
498.853919881871 488.584128997715
502.056686801662 500.483358681336
488.228949311965 497.681093112471
501.351823298947 509.143652770964
492.90135798915 494.553797927578
515.38237316051 488.293201586411
511.636770418042 502.979794491836
506.829464217429 502.052140116707
495.745532075661 487.517004411011
504.121934904329 506.156652273966
494.639804115669 505.318352863525
499.86582334449 513.653415016979
511.666952212073 496.662863179454
496.921436608398 474.578281915858
518.149555674497 483.620590674986
506.709341456842 497.368067311229
498.277154929394 518.210385752015
510.78822281848 504.302669236485
500.132132170196 471.462967579687
510.929176866027 499.564869269534
500.071574055853 486.970586243688
514.393844343332 497.481498417921
491.732880227503 495.846044023915
483.038938907101 492.360755205066
512.366715839909 490.639398886927
510.14467479503 482.899826672697
516.687349087628 484.698431767453
505.31185652913 503.925472385812
495.806352788874 496.901102028076
496.245304489589 491.015895760095
498.013690831743 498.246995966181
507.941129616864 511.640388077336
515.769663399232 495.217175204558
514.367554952931 498.635939760062
483.094447340594 514.876544175732
482.344089885899 492.50221340808
499.325430699308 492.222036126983
482.307733479972 501.459497705323
479.030680313595 498.791598281866
510.070869413808 496.097926162389
496.392172538119 508.98576310717
506.836978187453 495.409095321618
501.170849095478 507.330127701828
502.013767944548 481.677346084267
494.357482878599 500.80938712525
490.033783776816 482.70036141587
502.941282372296 504.034965566435
503.72919066017 510.494051287679
507.702201261563 502.319646250853
504.192472821679 501.384133351616
496.053014849467 490.240626924376
499.746039105611 530.974210596015
515.043800976882 503.89072885519
498.560102033841 491.456085710162
486.801059372197 505.977923240361
507.084437864145 513.263202575848
501.772093271258 500.053999891314
482.310518407349 500.763767124662
479.256979404546 500.584757763722
488.70991271369 485.469724521052
488.753189460736 509.102687316073
492.493489023213 501.207498665399
501.863027103758 481.338847605358
508.919895096682 493.037686032554
501.043932864965 492.398962033938
487.431073501542 493.124994626709
510.180048452411 499.969102815097
483.236867534851 509.57322878507
494.743887942699 480.459961473169
500.323857794318 492.862610515292
531.724752249701 501.227641389133
524.570477929768 470.493809311121
504.504693013229 512.998535818966
492.029887349723 508.799595014711
495.034210300666 493.456206814594
496.894258880292 498.288831070557
495.889280114695 508.24691297227
512.336895023963 509.547346312272
479.119051539945 501.133438188459
504.475950672443 511.254588419016
509.650707650097 504.50630137192
498.914675916158 488.247393247716
497.805434575271 501.207476501207
501.04526854935 501.270992361625
508.713940150416 498.557365018337
510.197688227388 482.403273738968
492.894972711302 487.267970005282
498.282694037762 508.424802752877
486.552024945992 514.323055270899
531.263007350912 508.225278616558
504.691851278006 491.622749682581
505.736044376987 502.900446155481
495.367418342588 489.691667252965
504.937654897401 501.795276243569
479.994560721522 510.044976885948
487.132671822679 509.95895418659
502.454148746786 491.644195544575
513.059176019062 496.899612165392
491.952632034571 492.225788809396
504.995664672202 496.884996424493
504.68894502406 488.633754559888
497.768668975618 512.393694274782
505.126874020671 505.844893774235
493.713965747188 510.947960134086
508.284399312348 499.924131283572
492.940316414031 498.361847036881
489.774417676855 488.149209264429
502.300305534115 524.482070877516
513.281130439649 507.866139071489
486.163389839662 490.369057893384
517.099322593638 509.34761614244
507.719679204096 510.471760475444
499.07334093603 490.396425446314
480.71834690745 500.412796896734
515.966465410171 508.36932885251
495.731909613844 506.763616011307
509.628598727559 500.692623801745
510.454585120191 495.340698125022
497.750400301578 495.00613952828
505.509809296643 500.373622993938
498.882514386455 506.526025465421
497.478366278352 489.167956018935
503.449344132215 476.649561423031
492.381481192145 494.053734365477
493.44323352948 514.82376570468
515.179589782794 503.811748504763
487.77781887614 499.280728548882
486.024294612674 494.43683490814
514.606447133876 517.64099534494
502.592979811759 512.177047136169
507.044079892008 496.602124608481
487.627529945122 496.933772809996
511.636832607634 501.958617573637
488.756536050115 501.106657607226
477.526169884741 493.211712901977
491.707520300059 490.546510811395
506.738898302547 495.297918448781
508.662381142482 506.705355388867
507.73510519915 504.814972393807
497.175503793996 496.556062080584
507.121974017737 493.034000831666
492.373561518259 497.927036904865
520.028638441014 505.124972090385
486.640769978704 498.906822219376
503.894054654024 505.897514473203
495.179967783462 507.349959222913
505.969899761711 497.054207215467
502.252911406686 493.221300504801
495.35006989977 484.027460664235
503.847194559319 486.111625900265
498.970498291145 509.672331533289
483.11766727639 494.839532843461
512.66637666774 516.161765927553
500.716165540011 478.42335561126
499.199372224282 513.58431390913
495.44396945726 482.01122769431
481.607748034759 498.422637920895
508.315869631308 512.067702242769
479.63148636661 512.350095364015
504.260130222674 480.744356685625
485.213825023285 503.897429415543
491.959910582687 493.015083314435
521.206886627288 494.830998659146
515.348944427419 505.952548701623
487.002249630524 503.234032801921
497.868939719703 504.872674427697
505.65413360533 492.424245451431
501.029563144073 490.803822691513
510.31633820278 510.891871450165
511.2837625397 499.605141997281
494.650155260504 480.477398014112
516.803101070888 498.634002057145
493.546650676038 509.116340578736
494.120953547686 492.203194336292
493.890307861471 500.524173057423
509.840172229659 501.009911842192
505.569386045226 512.930502459089
489.916248039972 493.943016583632
495.920187608271 492.118464630555
496.963061538692 499.881016788613
504.543177800909 498.262431844542
498.729843967712 511.423015205783
487.504843660981 502.177250582353
484.11333946014 486.25903586501
490.266047926386 514.548963291613
502.215382292414 503.893999184354
508.714331460573 493.070314467752
497.797657490225 490.528935925897
516.772730388563 487.895928498001
492.872646766556 492.380129873071
511.418278068053 508.227939906483
507.978822726387 498.641029002671
481.562112301156 492.63907572959
513.31350935157 502.201245871461
505.610034192203 480.694840492902
501.086165612825 496.680166142485
487.048826978445 489.746111916061
509.570295532219 502.731177550684
527.179675881853 498.796844562457
509.675606554796 496.824024589367
492.06513171201 496.675581179777
500.263814908263 498.86032510519
494.118790567817 502.015020955918
499.492810882616 490.061875368395
491.723348909734 505.257052751981
510.814068503607 496.614529056434
499.482349254108 499.757656284305
488.614909271097 480.830652124807
513.319013350311 507.777440057798
501.068854841242 513.24353005138
501.774888397257 482.428628908284
504.260327667809 504.370864860673
511.705877980908 492.841313693634
531.930213373233 517.033640605254
487.838176945181 510.718567808175
509.842418045081 500.603983089831
502.516754324386 489.293382775704
496.356046988647 497.866340200679
481.739108430564 520.203088245258
500.039245236048 507.323098327532
510.689321802312 510.496329809397
500.860073219338 491.915532151171
512.512742342249 512.151545487837
492.39781457731 501.857329470935
490.678605348111 499.388488693965
519.470154400528 496.219008282579
499.212364400616 516.535226353044
482.310453778222 501.686381023506
491.355936558187 495.947793614349
504.826398674391 491.184131241891
505.699457440539 501.006814710602
500.020376318906 501.954028485514
504.653412753831 500.036256512956
505.924177304748 512.022672578324
513.764343983079 503.506963277386
493.628314476883 491.345359425349
504.471497252639 498.830846967462
502.616458480727 489.802873396703
503.199896049406 498.258662465705
516.946287224585 508.097129661009
493.103362994257 495.347933594657
506.167851096686 490.198538346731
495.603606375281 504.405555491131
494.662882660889 515.454898208074
493.036977790954 489.280911294262
503.338929857936 494.48445140482
485.08428473202 522.548894212946
521.018665733642 498.441691669433
494.160394543527 499.568334928428
485.525217824201 504.282664213236
500.75807203719 501.46272067534
508.655646621075 510.450797483349
506.952195545018 504.304798940297
506.953602868077 504.767688092135
508.203901302954 512.806179165001
505.364100711679 484.103190119003
521.953255440938 505.460899620228
490.977694589568 500.17296604996
516.317036049904 486.1765628456
516.812935197192 481.82176752848
502.231789822832 493.027906296711
492.829847933201 486.188591888811
499.965653454267 510.538910249561
503.715208094574 489.168748756176
495.813004280624 511.94264135714
502.648513624101 498.180407699373
507.100754746905 506.492331706493
487.281005787429 506.421643742341
494.082555600172 494.871888908708
527.156081450409 511.795226933979
516.094690220481 486.907026163537
509.903796075266 513.920815128891
501.413862115819 497.784174131599
492.846432908929 513.84074094174
492.605528586162 495.276915584928
489.210304864274 487.769611927514
503.597630438316 511.544192544232
509.607025048532 495.00987330002
495.244295691201 504.443208713763
515.176943252088 514.008048294156
482.329036463789 501.764091768264
488.016695193828 509.881991259937
481.421531494035 480.455934857687
507.951757609227 504.494798513404
505.125049676477 506.460547404751
502.71733468951 479.750177422254
511.899485719556 506.113256826662
502.715324652667 507.833913265644
486.455028805465 485.463282790596
496.233843067473 490.070900259438
491.837151017847 496.841536089944
506.921810183872 496.353517426812
499.375109338658 480.325021109562
512.141657086319 508.159932366702
515.849028342832 494.324305031373
508.358955736149 495.348598640492
495.378813328433 497.22099828676
501.640792220463 500.426786466727
508.559689468527 496.387385269551
487.058509772446 502.464396921517
504.861774933301 506.313988489543
507.248384881627 492.560041827117
502.929640134758 495.057336671109
502.729767791298 499.545837891046
506.189459431495 507.038887024742
488.275133078496 517.808587878483
499.675926373975 503.114076968478
494.534562125666 485.224418266307
516.830061663885 500.687337245735
492.505872483978 508.866431919228
492.245344410706 492.434929709184
486.243907613905 508.785138130678
500.050142099453 507.265840675865
507.94542332612 522.238576704079
502.716209193204 512.74195873424
488.792722212741 493.495367843154
496.58818813152 504.314899758996
486.03636864351 495.422658598353
