511.971123618553 497.31507051521
494.387564183015 508.27717406876
492.702340008899 498.745573329805
490.85737865914 490.909304264334
497.980101046928 499.027959573148
501.730422845086 493.654216323094
515.980514594654 489.851364366625
501.192276494522 503.624183743952
503.545628635408 499.680795150551
500.846302059651 503.046667021605
502.635608112024 491.416328046159
497.643952459657 485.91600991889
500.579734800429 501.274303439606
492.9050409381 519.524592316821
494.97134242256 488.42156477953
514.862674810059 495.117553327675
510.207465173062 500.449119610852
506.677292778447 509.272957380038
493.219621918275 494.125004307629
493.51536155409 514.679070948178
499.850163872564 497.221901401166
502.581454520835 497.170966897408
499.733280683401 496.934948163762
508.714758185792 487.412968413369
507.949363293168 505.763760783005
516.86895476151 483.090675970751
505.975062877962 515.100553871429
523.494809196414 509.847183101245
504.311108239968 491.70238543593
495.210027630128 511.733442895378
494.947715606221 497.674090656931
507.946669050135 499.696731918052
493.788092520567 505.753722740791
505.239428524778 500.05183703432
498.39765856347 495.914159586896
503.88512381269 504.591728364464
505.521339188668 499.39432306821
504.936329518882 484.114762291382
495.4090475509 505.167203107427
507.331573549882 503.613511404007
488.77045878663 503.374284417842
507.101174411515 499.733346317517
492.165789179542 491.373318711217
494.600081623222 498.749755988078
502.904559087347 508.9454577242
500.305947330644 486.88261429197
486.953640870339 510.338226511186
494.827147619895 509.916486389751
488.378279044637 502.612227734175
505.05042172576 487.435668627809
509.786356073493 489.384468907299
510.070614418069 492.741040753474
507.429526951667 487.336222523551
496.195259933391 483.840984475836
511.267485859347 502.293921176496
498.468093061815 497.918709957167
487.74190547132 501.182252129038
491.583865729152 507.278899147145
515.91587626286 509.612826928825
511.448349023957 503.778661011192
506.20471220067 488.814958877095
521.386506414853 500.760337248893
487.147310924691 487.458410128907
488.354414356428 485.3472121337
495.62976357301 479.167711046182
508.934430904474 493.92812892623
514.286515819462 497.075243080248
499.803966204061 496.518080247412
497.029553448474 505.060271171565
496.662587969843 506.125870599098
488.515375714663 484.821016727819
493.732283022978 495.797138938665
487.391542171467 510.126667240871
503.469308835394 502.707536741367
508.029784880391 493.374849448892
518.418431927328 507.206905735247
491.382225212171 492.599796287388
508.464749799528 494.043559491955
499.889311050379 507.335231957988
500.126467223018 495.842747003077
494.106392181513 513.319418589624
501.645135304938 471.50118899561
506.371161500942 503.510035238403
489.436564112028 500.29708579523
523.506929491426 499.928525390491
502.553500020307 486.434006544411
497.441446261349 502.367704271832
494.430527182516 519.114886550174
488.474196961939 499.985380209608
491.518965966296 506.8012903912
505.128608197528 519.591645884402
483.21850472158 484.582088647784
499.210325086987 497.362489769473
492.269611610585 498.490179855538
497.769382789274 504.388648534926
494.932589789933 493.112420279015
501.233599623362 492.788662797231
488.549696481153 521.996940060027
490.689496432034 507.799271545094
498.772512689717 493.01333718483
508.668895163854 480.271669580504
497.046472786891 485.288527703416
494.431912120878 505.992832332909
495.172621562466 488.273608912866
500.392759734099 503.179324675095
493.51921530684 506.739734742426
489.626234541345 491.155919703193
492.230145190012 507.86777850946
514.900260185098 507.605769461356
499.837425288826 499.809871332483
511.604238996107 496.201025051059
495.540770864553 490.344470096222
508.6874791841 500.24244287031
499.207702794998 498.97175661548
498.61379423003 516.943873795576
516.049978082279 493.007987577337
509.411097235529 505.79643552145
492.615472007709 474.779767757894
513.689967166135 525.50494529352
524.110430483471 509.960374247704
505.151348441987 493.797696453201
515.606894705124 498.979502954637
495.770533877557 499.552311677614
504.345643150985 495.293343394692
491.367311273638 494.588171178416
494.196967128997 472.790644348359
500.418885198121 500.304796406554
493.215345583762 508.654779332649
491.202403034251 512.545685191531
507.556480871131 499.849193533833
509.149060864686 501.927391468764
511.438573349625 495.554381884686
500.558250440589 495.98112442383
509.76009527206 496.602366664386
510.088327093635 516.410086991624
502.093361950792 506.263445977529
509.187377742557 501.478601827857
487.557757376296 486.785866873818
505.968549927852 503.335219531949
507.295779685358 508.043029290019
495.089005507935 506.987962403907
488.398356456084 515.523934704337
491.438466140563 494.369358090361
496.931280756529 501.363918485216
505.501536331536 499.872229335572
499.530258790697 492.411191596531
513.614924502724 502.048636561319
509.93775227536 513.664860889086
496.012573678618 498.35306502309
490.801182558703 496.637538902092
485.740923269618 506.71088498478
505.724077767773 517.084491876221
497.697396222149 495.38876941464
490.57287383348 505.914462837694
495.560831669672 500.81443030008
528.341947508063 499.039501209
500.832431735523 511.595805247556
495.321288844123 492.032868703544
488.95465128777 494.572410068909
495.492356293387 490.944732091988
483.724179846979 492.024191586819
497.140048911214 490.731034838098
506.713919307408 484.047273660921
486.495576215403 492.288811723487
493.633264470654 515.672881325592
514.187622440466 508.60073799801
503.49487344409 496.426112301501
509.323303292478 519.999953263431
492.950555504206 505.504955653125
518.656083173262 485.053093826767
500.739828197656 488.895096037655
499.536981929956 521.013165707931
492.426691833388 516.85461912774
492.826765306152 491.685951812445
505.169085868127 488.941922642768
513.565325000496 498.760114969516
514.762544212418 508.802293410486
496.768975587623 488.916237665202
496.50730533534 489.382764154835
527.477108209513 514.170965679227
494.011341340358 508.231998864119
496.693672907575 493.499785837739
501.100673474742 502.548991701439
497.944628916399 497.502590138813
503.323345730128 483.89770201193
496.123150772022 526.968342428804
499.325778588447 505.695617801756
495.949370917399 491.984063306647
517.177522084062 500.289645262703
498.685469846399 499.727631695354
501.900426307839 483.758424537524
511.214011659321 516.605232563025
484.122781668186 493.674227727573
504.644127661973 499.473001383055
492.822275855983 498.063663895798
505.959970167935 499.607255081182
492.233076425771 508.445077448561
507.718740672468 488.682123298874
486.065982931749 494.691829675851
503.937898676552 495.157442777651
512.790397012137 507.744642508437
484.707972301326 499.822408779055
483.323815378062 496.678445654411
517.223472957246 505.333287280097
491.647775407188 518.315303605803
503.773209974627 496.296478423121
491.197620998443 496.561158228117
525.624317533684 507.92441006415
507.724221752364 500.888832063008
502.305624069771 513.168921434866
516.025235163106 483.638673964127
515.83618008656 493.301958022118
510.221374725876 499.701033453393
507.89621406024 512.914963970156
492.456361340626 504.574836301464
499.370061529847 503.327749838997
488.813357262284 503.263211784983
506.224729335055 506.561413347583
489.403490329517 494.660433026121
502.90707184966 499.643911538251
501.711779565507 516.582858240254
514.614766331296 507.674290932807
486.970755655837 497.338030879405
504.871658800058 515.674513721188
502.961980010299 495.922074436256
512.62391706229 497.186531609508
493.337684058035 498.858036057072
498.865566837898 502.194817904249
504.714096457168 509.293228229992
499.585485334767 493.333548214759
506.235525391363 489.453679435563
510.867909458209 510.470977766274
500.102151008437 502.0357697219
499.572632538107 495.519280142031
501.380435744333 502.417076117498
496.004337545953 482.487040062377
511.348350384424 473.864053040905
487.239076711917 490.773499284779
498.92177511633 481.247642985195
500.922304066387 501.713481829529
502.782001872657 493.183355246772
503.8350944436 490.728993879657
499.256661755212 487.429401684002
499.100184520227 500.941468275547
490.592632021037 511.715863175973
489.762403814035 515.041360592522
499.448794329951 497.781082233469
495.036809722119 505.428030285491
502.353980275283 506.766968066159
493.221236741338 487.171373506724
479.258816273895 487.905718108041
503.290404717602 489.944457601183
506.720503706812 478.802444541928
486.381726727771 504.151014891223
498.471681054214 492.87668870204
462.579050953974 495.553176778787
496.034861531244 489.290529626089
507.754906869671 508.958567775632
499.662592308215 491.631845855333
500.850087271088 489.854858286306
491.203780350918 496.507186009728
517.756390995139 489.782579971461
493.605930546691 485.370555499104
507.318866254851 500.059959497559
514.074853496941 489.698968130608
501.873493300584 493.466916029421
502.596208705551 492.774722313571
514.005350390963 504.092433395799
490.778252932542 498.270375656574
492.541212329599 478.99553182237
525.62895433554 512.335819294469
498.993635156872 495.283657490825
494.895772200492 495.419314678748
502.590753276147 515.854100848193
485.136476258846 495.80161208358
487.100617542328 500.401541384421
504.847137323226 501.862821815042
493.035555203614 518.900287520522
495.130290606798 511.375002097973
519.514019417675 480.675652379937
503.403450896762 495.520265596118
500.946093015871 511.172807839791
488.896165509127 509.424997600186
497.776943436951 509.081147192076
504.086205213475 507.900833048015
484.597608036697 495.005284933373
497.685785765182 498.964168038254
508.989491852522 491.272142046536
511.349818888668 495.310470670607
489.319565875761 485.604641153664
490.852964871456 481.519338405869
508.730346008979 497.626292148195
486.440000569725 507.209677923165
501.527137418634 498.557286553788
485.195238687094 495.407791032622
489.633158117252 502.311966344783
495.839670062797 497.80942299475
522.449931641851 485.558427730683
489.151880953828 505.007042507104
512.729156067812 485.965194639949
486.546523126403 482.262976066115
509.325006328537 484.743952583345
487.410635104795 511.789307075233
483.401317101615 500.569533216539
510.739902492815 502.04239503804
501.916470310858 497.254429671995
506.667902326158 504.444668765012
491.752579375559 511.812520064744
506.328124590805 513.557263727747
486.397022414679 486.009215369798
511.488883884815 502.234428457502
482.180160213608 506.476459001298
511.686373510879 494.808368283812
489.123284927073 504.341897580082
490.697814832803 514.688455554011
507.056504093155 490.367213478506
503.056373805285 492.105292400756
502.404160830926 500.835782058201
508.952275217034 492.449108280143
486.234832040189 512.554136903281
498.538642943875 503.12751522186
532.949307629178 508.647004308643
498.003224794475 498.758395032209
498.94578907397 507.516434359195
503.701834201672 502.600292409944
515.113783305604 503.296653106379
509.304953039213 494.893352159567
503.145904180837 500.263818978948
497.445607871927 493.073779648985
509.048283046618 488.590632070941
499.472898638872 503.31222406522
495.724421264236 500.893192198455
498.636369517265 502.365844064325
491.166776665767 500.3609972688
499.900881483367 487.936979653943
502.575695261391 513.536951672945
518.703877715951 496.829115419815
485.01706758637 503.431358168843
505.855053013122 501.602648262417
494.891918590131 506.473548768478
503.75379667709 496.736536592573
507.919308257219 495.387868652307
493.553749816271 497.827474531476
497.791613363831 508.613202112504
504.853172235031 515.3464856407
483.189327082945 502.334578314263
496.054340243981 509.809979520548
509.370564549266 522.309065364001
501.356492005825 500.746422732624
507.137089311994 509.69488449296
497.00138573219 498.645930195557
501.437067437906 476.197533741733
487.427610365456 512.834817437394
492.36521812432 497.013911465586
500.254085273652 513.077407524006
504.898076699307 503.183396490513
510.895338901452 495.027131929734
512.997878613829 519.53923559434
507.310861986168 500.356195383992
510.571186493872 500.264063126529
490.763488221173 503.6295525197
495.577095360051 498.050447939557
512.969150636496 492.902389771915
498.337560160734 502.565962073719
499.641706705685 526.757658619899
503.846423541455 488.736871625214
493.193276250063 504.107157823197
512.241555108085 479.09252761967
508.717889656008 508.114078035403
499.723450771032 511.03212930867
495.759274516656 512.749731707344
489.735944500047 492.703331372847
493.994007691074 490.929455752244
516.541301687275 499.179707656429
498.502566775737 511.952340113194
504.258462733801 509.603237631764
503.223289190517 487.696902270483
508.246745163658 503.489455739975
493.473210293634 503.439660419392
499.656058984836 493.271971182914
502.911935660476 503.627371023046
491.174081855039 514.621187187827
482.350479538925 506.640471361682
492.685074866171 508.825636217897
500.174738282873 507.600989470855
517.47038395868 488.244754300457
497.167731423086 508.618702582032
480.934392849765 491.369989684784
504.75969674381 486.309677655133
493.284771799744 492.842955944909
480.161712184174 493.406993860421
490.573791365935 497.74383873353
489.34874436464 493.028292919648
507.556733902785 506.060971336084
512.756711303032 514.979917004389
506.180395551237 507.865714849658
482.288824293233 514.95809932298
503.260062054719 487.33857370607
475.736278142185 499.694361106566
494.548582732046 489.403380928292
