506.482639958 501.268643324557
498.519657182159 486.138516458446
504.391584425507 510.261145571213
495.287438872622 490.512654215863
496.71894050271 502.115497033317
517.998137856202 505.752587968366
507.781508199044 510.387589349945
494.173791926154 498.399696518921
504.719498183349 509.313014997477
491.974159433229 488.770552423494
487.179535440176 505.753963417774
508.3591772587 510.290001958385
520.336125221986 495.181087884559
491.90821793984 497.355025217832
492.930058813137 509.020860807288
513.273155244773 505.149552362438
503.67723544681 491.943060570404
487.62911689541 500.522522769686
514.650087659597 494.380500576066
510.904800426883 499.03003517741
497.010347832611 499.399213047562
486.675703738487 505.275599757805
497.794187389705 510.59503291994
516.281484632246 492.762376706534
488.703618109951 499.563672059344
501.051215971652 502.333012001792
489.224105152915 492.112705823865
515.632393247037 516.688696972326
509.842056224458 504.49900238864
504.551783352817 496.023867074472
494.534276774854 511.997582126771
511.40252449178 508.444422884634
521.469491661891 512.351733069446
486.745511263188 491.468082387815
501.20581219293 494.373760011545
504.486652405476 491.645995043959
504.519297073123 504.388543185916
512.593024976993 512.404525725482
484.098693761872 489.782907278415
499.178039287805 509.104581959284
485.796406378521 506.847179845164
495.804501466522 506.477725018472
514.12752142889 503.14189093897
518.21534681991 505.109649808303
506.895495200491 505.750398498533
495.070326494921 507.001722722657
496.204096533752 497.304388767185
503.289833020907 503.187056210221
487.745166765557 502.972447511311
499.739142642233 489.980763280834
500.215548224181 478.464120536853
508.286992603458 496.05803771818
505.412136727272 484.57559765348
493.506289990509 501.396749770452
511.116672708216 494.782170340731
501.405197654849 508.335367620562
517.054095497369 490.554333517938
489.810388469778 491.187005242125
495.553113013441 493.54224991725
490.906929290065 497.529739050119
489.836329047726 505.687195142345
481.353682887559 501.916932657891
496.200798225254 490.771822869674
501.460628691988 496.393870842297
492.66070885707 501.655249865015
503.676198489435 505.025841104277
513.397202922784 487.888658048727
506.527300829542 501.39012868374
508.950348696143 504.5668161403
503.481339032925 520.7570513577
496.602323140987 522.679350037338
505.145455074998 484.114344735839
494.47785012783 504.269022216829
487.763642046695 492.752639151979
490.662388325127 501.951473171228
498.680868311369 500.030403618889
497.000721533927 499.871043951625
505.122476352108 487.859039219841
494.896290369701 504.274191372836
502.803568036158 511.056611063108
509.31706290707 498.739434928409
509.270243581718 487.898950916461
493.746073724726 493.536457554404
510.16702755002 498.258203459979
495.528513525955 512.534045069018
486.58992137529 515.160235584533
501.092872846712 495.025236386865
487.077096710702 501.450873543893
496.745990445598 484.522969937544
472.88431602524 498.503162568478
491.363108206357 500.398704830339
510.756474294087 496.526895865602
506.197030991662 490.734279106878
504.693383662332 511.594254586417
502.491847929819 486.58927383075
487.41032598451 512.077946308009
490.263822960852 485.192753523472
496.856126485788 496.873280785241
509.858319732816 488.725662168028
489.684388058263 493.427695972613
493.463112953412 506.29497701371
518.332437718187 488.814596649267
508.835045076095 502.834863101605
502.105875200478 507.24966836
493.62208630353 505.360156163535
498.308304181972 503.847655898881
514.402941575283 483.092521729472
497.989965763828 510.262383671802
517.938396903734 512.182232006416
485.229193183331 505.11728577604
493.98206303113 501.119957792964
485.475095994445 493.827163753841
489.915453214792 506.692679555287
505.407939791078 505.590443196138
498.745157466038 489.137090914817
490.490997763899 507.964570031743
504.524780547885 497.748647285278
504.198546230141 511.648645094488
492.735755383903 504.830669441408
485.708308233451 525.247083817634
511.512387176717 504.506659263243
497.619484587254 505.893200273277
500.287774155389 479.309381017669
498.535236985872 495.179368317608
491.954463731786 508.26486838236
496.326503884237 495.833070776132
506.333613825534 493.83585548927
486.894076710497 491.568908633543
504.901841485453 506.337004956253
499.408679496471 496.548987023563
498.908960076968 506.783890350277
487.213837782922 493.775643498024
511.902024227696 503.002107888155
496.016736032486 515.527479437707
505.150785022558 489.472462258881
503.33651254131 478.77269933045
505.506528970781 503.795685332488
506.431862434034 517.367621458386
504.316407358598 472.991688890846
487.38762641038 489.788935689867
488.373569630007 500.054752816553
528.678306744173 487.730334085222
515.828411702471 495.595338749631
505.530316241775 496.590359392905
503.843623587242 492.586003505476
509.939433347809 504.022366922876
492.260784185389 514.779932473445
504.962983569318 510.227046529634
501.04293143789 509.310260181243
503.218873128112 486.095220841457
492.341221021376 492.806485440638
492.018871943015 500.549546622515
502.426166554971 485.092625908088
513.563651493136 519.36085729808
490.928614410222 521.676257163688
499.912507168272 501.888527302699
505.440092056667 498.513478557699
514.83985781173 517.888354239537
479.469042268027 502.665642864124
501.722315583522 499.232305117869
518.10894402811 503.26076727688
482.912987234077 498.418339742198
516.346176654328 499.042567777859
497.222188630606 491.061187520818
502.204100921083 513.13958260816
513.290078970404 514.093150008478
505.367044521262 514.117283687503
503.788627373557 495.556370225798
510.361312758432 507.698433532462
517.289310392597 507.199046247489
479.478927970026 485.5193049402
484.613991361448 514.720429488468
492.910505102102 498.56079554659
503.772404948063 499.273003108373
496.553557749417 495.336632163327
503.401973527433 490.571959898346
490.158363027847 482.858565079299
506.56326798058 504.651658208573
492.556253055026 505.791051516094
507.241396313466 514.1299982208
493.51933335018 493.437425230372
520.423557943306 490.566079904878
511.240633551471 496.605836231605
520.768792308597 507.593798708187
518.924458984323 504.884662055412
493.480713050261 491.885202733065
502.736999938738 496.065733787711
507.937791813663 495.006217456349
525.241098430376 493.647758928144
487.748262372852 493.923790483024
491.400678360981 506.112592515979
507.546778618103 507.477099609696
507.498561284151 489.79685524772
487.277886276245 492.831934031246
486.915875206101 519.199907640695
502.899148186274 492.589497551913
497.995032277336 508.83509624951
497.941364707785 504.317689740059
499.920385286664 486.397744316929
504.735918373428 496.265878186026
508.512766210588 507.682563473855
500.172745206272 482.604014618615
485.81412605826 497.157579022055
482.437422601782 498.219935896223
501.932152479517 507.824679730568
501.565350980266 514.476445280152
496.532293560551 493.561997573217
500.193818939997 507.51195303001
513.244065294057 485.514237292342
512.336558199351 506.940496668452
503.742259689493 523.349174095561
501.10932885737 514.193485547106
493.141678773779 473.246432449209
496.237749370372 506.817758494459
496.295286303462 513.044608312183
483.206182528948 504.049760173813
488.943768075284 492.836213436605
503.45899302139 495.493230039533
508.408351184737 487.482726867399
512.999201816858 504.940397642898
500.468050386537 487.443065859068
504.790730686432 490.155937192236
502.103251384265 491.105597757357
494.052169751684 497.952675638847
495.380547709373 516.384069993761
508.048292508215 503.672728855993
506.580515495938 481.503263953163
497.508320432267 514.352917037057
492.541208477083 499.938702841191
520.384191122199 493.859151048662
511.870202057537 514.54440554736
484.167095270172 509.413667799821
505.337552484172 479.42768976135
487.875226597638 491.15321507112
492.825210179033 479.285274374754
507.444613867653 507.714978421169
500.509351081919 502.707238551887
503.800687112041 494.38322541506
494.487010639056 508.945591314706
505.984819384364 510.776889582754
505.946527018039 505.802040488834
498.809808951106 490.855837867631
501.961078460506 512.691766041931
504.181495559142 500.666948625525
502.246474937421 505.869080660154
496.352905187307 507.696892012406
497.455268625642 495.114865172001
496.806424465305 502.167333523545
501.558916552761 495.479677617611
510.595530614474 502.578782597108
488.052161420429 490.662908274668
482.91741772302 506.862939525521
501.118327391761 520.022569416602
489.766378482778 513.449749616748
511.565784925255 503.848364094771
515.501726660642 508.717839739628
499.745321043466 512.888090198978
488.945426154026 501.127583938088
508.573368353263 504.015510981141
495.985666567332 494.946268755303
503.217315422056 492.10314965563
497.763088872705 510.541033104412
516.70675813802 497.729809038171
473.073265190608 486.018236749445
481.90359260846 494.351505476303
486.591452139587 503.464852017989
498.95921076198 516.483225033583
487.045663172151 498.767976028808
480.724471178534 510.45823712781
498.660400254128 506.906963388431
510.998103884923 487.641019157115
490.110775304372 509.725156132855
488.688658847303 500.32382039256
491.168545480804 511.877032814083
491.058762008388 504.069279350486
495.657899383746 500.051615526985
505.828431078364 498.061396015288
487.933962362338 498.490715576599
509.612628635185 499.064202494902
488.478922678874 493.970753784861
503.292946561534 490.004733767498
509.12162629134 497.536536690297
485.342983186049 479.537316760777
495.444528871398 496.355348389334
496.736713398961 496.330725142763
504.01248479018 497.257050044274
499.362461296645 506.270972108247
504.132185466652 488.152583132395
490.555048162991 506.918303205022
507.98128838175 485.074629131544
520.798264083886 499.503447217783
486.875072655746 490.81735997254
499.260363720681 501.374107553489
481.29193983253 513.663914823301
489.738113388946 510.852928470665
497.343399031735 504.54255403943
498.832231670538 513.677246000582
506.900969763226 490.907094748678
503.557229912095 493.26693394049
499.625087572907 494.249116169345
490.855400939922 510.033204054781
501.972005780328 496.942368741083
494.287408529142 510.001332127559
497.162966490906 500.76596225321
510.161331042833 489.962260565299
486.685349353914 493.369137436059
496.388951313625 500.999490783412
502.368343565832 509.630632540109
491.466087088779 506.440522033107
498.587883838418 526.439186260684
485.628766657805 505.869923860805
508.51522011748 500.080515477095
498.788406061893 477.596477573476
493.6817381803 507.164775584042
494.348695208926 496.727202245511
501.401426520236 500.623686037954
496.067794046864 484.734023616874
497.182828411783 496.929131356819
515.675938400149 499.530430452778
512.158510561996 498.472288220091
512.137949162794 509.986840185672
492.636182750508 492.426105952138
501.05170031217 482.62832892384
499.254610991756 507.778672299666
489.598084368201 506.887858952604
499.868330170801 502.618137353922
511.481282444863 515.636890965035
480.936261591649 494.003084633033
517.091350769946 503.894225348626
497.197279137623 491.429752436352
494.725044557578 491.358400939036
504.747195527236 503.737757638394
506.806776327037 498.747381619241
504.695042385481 514.185278405404
491.410839755885 490.77579478012
502.324761359786 499.022663882885
496.560713289485 482.58508656777
488.816843325311 506.390946597619
495.604384901937 490.94153537516
503.073097906328 496.386180836381
510.87564502365 508.575800011994
498.541494582979 500.882555362477
502.379957495288 492.681192200814
510.719658460968 500.741421190655
501.585703827296 517.444950851704
494.797577535942 497.953000265183
512.749119779998 503.957098293548
491.134223670163 482.538907204318
502.774037561297 500.389499093501
491.859741506289 497.682241975476
479.729533464107 499.077281731293
518.272557913144 490.647892808652
491.869644433793 509.197844452532
500.827666849111 491.487104031375
505.095981602078 505.417124537383
505.01629360607 504.945912909354
490.664444639462 491.538780566889
508.359434683638 500.296299794263
518.138522610683 496.621704487131
506.822871941443 503.140733489053
503.798187782909 493.877600921211
497.877197437945 489.897195577941
507.831453036921 513.821541025584
498.740526330113 490.799128107424
519.269575601641 492.088948393855
499.734046257739 483.295183680835
501.43011282043 485.444775600003
503.95087092637 494.244737130891
514.256778785846 515.616156689549
504.508688600023 495.922834559059
503.759431877174 479.635028599765
509.289953125274 499.511182648462
499.828553812546 501.686383432565
499.561231958521 495.460600595372
497.487206911708 501.28623087203
504.210941850133 513.988563894354
495.837583467177 519.373093124465
488.211763696183 508.654299439268
510.996507436718 509.904695245867
493.429634339832 496.16759783189
506.581719584706 474.453969343725
492.856968871363 498.206876124022
498.307029449008 502.273635996062
496.26824088109 496.446466679899
500.55811457767 506.548190047836
504.693678393625 494.602555794179
491.325010595388 472.988371243967
492.28614596327 494.657295773106
501.135898794545 499.59131854008
502.265130557838 477.843419487907
490.074022643394 510.242434771068
502.302825805442 484.811076604605
499.036215741098 506.362204647622
509.366781096612 501.403049189986
491.082973534136 510.456275341402
498.719860624294 499.490764637998
508.275603900123 499.723590482111
495.285505310316 504.409655038779
495.422143711171 500.364032452726
498.440710358149 508.54908631323
