493.602180611849 506.880909907412
502.119098703879 486.561452343017
504.426651215648 499.878839043509
498.626234804239 486.180532300883
511.20590865844 497.017072552226
493.043768723314 514.131816366284
504.645786692165 499.008032073545
515.210608427813 500.313600279813
512.469274223556 499.795217777764
506.155565791971 512.765136433065
504.982584562345 491.096241430865
505.839782951472 504.306098450158
485.733015949899 521.71761459201
516.138436045571 504.682756620842
499.662807805409 492.068095570986
487.765792179638 502.270750513986
491.72995371486 507.168344534262
502.648783642329 502.841583028572
517.355849292864 507.380653788233
505.282597582794 500.443843517137
502.514391322531 505.003679623758
503.702812294915 484.34740598858
504.188343207999 486.844918248295
506.525852497706 515.590507154308
498.172013507398 508.440095192275
498.231785734634 506.628260949759
506.983758373782 495.976268494722
504.553014062545 522.500021138149
496.116473427807 487.650771406439
500.87350129096 510.738029454814
520.580853564739 497.466383749623
507.899153992626 486.262864504387
521.581571698083 523.395294922664
496.792700968528 496.056109689427
497.941764096655 521.888442178517
519.104630163686 503.399294151303
490.406583584467 508.938213613965
483.237199303748 515.423809414877
508.222624491563 507.19860604039
489.4483291885 497.069474538981
496.301294382674 514.99949760214
499.712481761986 491.228345386565
501.324920754326 489.781163883757
515.191184161589 511.313401912918
491.953506501582 512.277611723901
475.451248158724 499.857088967757
507.98392071993 493.557289450448
500.9442959795 493.443519195952
484.750391673083 501.518261550637
499.855774693646 498.541961346965
497.563491224083 518.428500005699
490.028674516438 500.353409846838
518.922520441001 518.411307680685
493.749472887969 498.432375143893
491.343264035452 501.128939626949
508.958477209338 497.299714680604
498.526475760035 496.370207054104
503.023353631944 506.685986722005
500.793847047843 513.930738805022
491.42481028292 486.769214823845
496.009394513316 486.435828804664
490.65713871315 501.989326653639
497.81000318819 483.747993276435
492.101190532586 505.158345110852
489.012390500643 506.920438561199
486.277737001686 499.016760781751
493.081212945965 482.405082862026
507.342526426988 505.592818738742
506.412847400955 510.332303116854
482.43652959178 516.441652201364
495.809846293142 498.353674087288
497.349361036521 495.543791673694
499.623328519467 510.573170884873
499.382175508121 506.467613939962
494.282303714114 490.074005082073
498.705990894652 500.334322660055
501.469024660612 502.425032895872
498.572452509653 495.925451792192
501.469381660032 499.160341024403
502.527532883911 506.920727225939
493.887779568976 509.442933156203
506.77368769567 498.707908128688
498.486973634893 503.233339093518
494.761960821358 496.752926834836
486.918411245976 508.12368980867
491.725123685503 507.3972414068
495.20802251785 486.094830704019
493.052179996079 518.359265628803
511.439941054792 493.340108426767
491.087218245775 504.374447691459
509.390455749969 494.911948762051
494.021480302563 500.244064138526
490.196465177598 508.376920018692
493.681282982715 494.825339759001
497.464394235914 513.862621146817
509.492643830245 507.667433204177
494.640393624882 489.556007823399
496.429456996184 495.208466062175
486.620077589072 477.177907478905
521.41710569377 484.712362194891
499.384897178118 508.668532669396
498.187025771913 493.953371022583
485.721276517107 489.462805430892
501.525099447502 511.504206513048
485.275968185064 494.534955107902
522.580145542266 498.793470210697
500.030710618586 482.319626660725
508.254771259785 506.408225506295
486.866141986578 508.594329627109
503.602982160384 497.45933805072
499.401430452696 490.946254532135
505.759582554073 485.877356385271
501.91985019303 498.772502635232
494.728834204133 515.804453455353
495.338185110423 506.708975428954
499.870852540127 494.345485677363
493.73736514918 509.549666025544
520.045590495054 499.367719687863
505.166542555583 507.489311978376
500.22955754048 504.286996100422
520.283065677682 507.250290447677
511.224437324707 491.854308481957
515.573818051201 493.302589074087
517.736765789321 506.294995736327
509.643158541007 509.694587842046
516.801800292364 511.434333434733
490.36787972946 505.724443901583
501.17914141488 509.520183236311
497.618872125568 507.689620755768
487.479295220401 499.65786128811
506.485981878384 490.816368962965
512.305786032284 519.11650503715
511.270983356659 505.242797561283
488.781323828057 504.253920166509
487.662899594004 510.97700702569
491.831460215444 494.293429515882
512.487710670958 512.610395995341
503.883963448947 500.356146885697
499.661398295202 500.984048262354
507.36954804333 503.017268923511
510.855545513044 500.126348179673
511.649276559939 506.865904452665
517.942117773357 494.497010402493
494.221717753075 488.700132971578
502.109914281188 499.66466509224
505.168088237579 489.198776368132
483.803485997416 512.105320179416
506.87726926935 512.186584718778
502.677286549636 484.079262458823
478.141364360935 497.820734544635
493.849002068639 505.779198632628
513.863286980654 483.054298940148
507.568783133031 500.768255015947
510.039861642723 500.286601241451
502.16418637991 499.335007874911
510.361176746173 503.948021559036
490.035701514889 500.657406515864
511.897450051251 510.836983825185
508.249693242279 488.892932561756
492.032715320463 511.076921730779
522.329692947933 498.128233251027
492.47673436616 512.684350264
492.752737272788 507.497977008097
494.735371466562 501.83027577142
500.26641266142 481.871805448922
515.245834100513 497.776807398407
504.929015499169 508.159898437446
508.120687939896 508.396607263826
522.857652986377 492.846839836412
490.996351267963 490.08230909908
509.37672984098 495.807086298241
508.428470060609 478.656644532038
502.029835543815 513.963564194102
495.444306107602 505.992090491831
504.089852848605 489.765481197838
516.163071962413 499.230220515505
509.045370871638 507.214177990286
491.405210242518 480.728527343353
501.444645664722 511.972616708335
515.292383433288 512.302357918025
495.26682845332 490.242783546108
490.732889971805 497.013182421478
510.156944717142 513.629321050475
497.768870311523 495.811200476709
512.271826961767 498.032694793234
515.782930404285 488.906533949663
499.641124164923 493.00854862767
496.349745881798 498.875756516915
504.974034610596 505.408351984612
500.363706047703 474.218089267249
490.982444879806 491.237362490289
491.442006675299 499.109450887062
500.795908235103 491.480652531873
491.641993512999 514.358283315356
496.741737526562 510.467188179825
488.448731309416 487.061339557966
507.170471246412 497.521920302802
498.50422079327 490.544560177127
503.130375838035 493.6326606862
511.189334148487 497.921516421656
494.125710561304 500.092982820721
511.053076409055 506.326895432128
500.824883436576 511.386665819233
505.605037083339 478.241733533721
490.650732459625 500.209429925073
498.254442680351 517.119015898708
488.214388479695 477.468653245651
512.779109833764 498.049910576867
502.647053034022 502.162605595899
508.881345124045 498.307546539305
483.357222875721 504.605573654318
490.106097194964 501.616367285812
497.363703664198 507.333255461737
497.420516269709 493.308726424509
502.955623554943 513.581981884175
485.671585604858 499.372661234733
491.312766930445 504.065944649907
496.191919012523 512.278796153171
504.378585599932 490.525945775354
505.000582292578 491.358062047408
511.712156962444 492.10959429379
499.649395277506 494.901271203054
477.49819824802 514.337356795219
500.559400348956 497.671543529399
494.997949847974 500.051025857785
489.176829767621 500.851087857233
504.008287588184 502.891190610898
497.780911799821 493.312604040422
496.249970566943 497.421341651195
490.142678305745 513.317430313069
503.194752953388 497.086262655662
518.25920128496 511.53300901108
512.019492172208 506.221842345303
496.041357989481 478.781254823108
521.152712243197 505.678235675406
495.305775643851 513.539115245109
503.413141596137 513.824117493095
499.596842916189 508.647248195995
507.877106873754 506.507231151892
496.391289232897 496.251279431784
498.895496466969 482.468509050751
504.998222143714 486.626323374885
496.631474734174 491.766984848755
511.11043558153 505.406733703122
504.754465326698 481.746226756295
495.674903419895 507.226933489282
489.45480767692 502.474833731489
501.397200198322 493.295767925249
504.385459532345 520.108136316484
502.925516035256 501.164066893661
503.901263997951 516.271978895891
511.729496526516 490.199523176793
517.258056824253 497.881349877471
479.728260908695 520.230851680332
505.67652223384 485.235545467345
517.312955948747 509.643258384626
491.326438292696 496.659973067159
514.019612771603 487.938360911518
501.260795400827 499.529973348227
493.892393452282 506.677879628825
503.383654148628 490.238746790808
502.396046541306 497.444080523414
493.532976597532 520.062653604725
499.467291065528 489.499735466497
499.451121911841 495.284045883017
481.143625411076 498.827335166039
516.168350792059 493.514470473405
494.86249462652 476.551330337738
488.523066057009 506.831706297005
487.259244054346 512.328032831807
509.552028073165 502.732469979167
509.742834973773 502.518089699111
488.902468768909 494.790487921442
503.740296769375 499.40880051885
498.696439216565 499.955190033166
491.562305349678 502.83330213335
492.915424002097 504.033105683667
493.452696779179 515.697415295786
485.508521100544 491.194155741895
489.18889633577 507.522206234138
496.904693360544 510.115817987211
511.482921094374 488.860523260051
496.946402307458 493.692989249576
500.10801325091 512.678671601038
504.466536817761 494.477344056866
500.874759417533 509.170264052495
497.641531235987 507.982296756796
498.487571108795 490.628375487978
504.438757897281 494.504779803863
509.086863228199 514.750001237385
484.034487409219 502.026607349705
508.429253364347 480.906715878908
511.588552497581 506.803679350395
503.376746273176 496.698512360157
513.617656108949 501.364410162833
515.427837862098 490.754469756915
517.26821057798 494.482690709926
500.737467284957 500.178702747469
515.036465037677 509.474548382868
502.724429214246 507.009244044016
496.615346986268 483.441303307946
502.263985555356 502.811078180403
505.038943163902 500.164702720402
500.047505634406 498.282102206882
514.228259965478 491.119954899642
503.003489402024 509.544391105902
490.059825156297 501.951546929547
508.978344866026 503.534659753148
492.78645848391 500.073853258212
512.530560295241 517.44027944633
501.888710877912 510.404430021468
496.43057259535 514.389039728101
502.111155332812 495.338276234882
502.870202851194 516.345562292122
502.5477558173 505.735964883837
501.687780837199 507.977711370979
518.21178837519 485.774192006777
506.203507602764 493.916092943236
507.949485104633 510.585759550543
508.442406764995 491.741875421391
495.006205123497 498.166689518023
495.105310201625 501.428864228959
488.740224437993 514.461956754428
477.21433991077 489.090987021357
508.613267388586 473.075758054531
518.180020543584 497.62062158064
501.918761847897 493.834097041018
480.625409332536 493.86149219257
493.240905963662 525.327353593511
485.482491116025 500.552054893507
507.999862148793 511.381153053354
510.940190333464 508.916783738982
497.490288874502 495.765591898303
505.745395503185 503.24859015356
483.78403688151 502.203435181623
519.911943904624 508.112806176824
490.495724777106 503.299260862841
496.027418107253 495.136363802854
494.947229573235 511.058885281874
496.86726018736 503.128016283832
502.311714460421 498.471851178068
488.650683426769 496.751876090833
494.493202534673 500.658185376858
492.142776440069 519.001602190948
489.135772415151 491.361644682543
499.85182778678 488.815705551005
494.727010915925 487.023898956679
497.374873709757 509.550496978497
495.355816247481 495.585074622217
493.632302900814 513.79435702002
502.256082342034 505.675685936871
508.638506151744 522.339303943029
494.993668507711 497.044246126378
492.566970362173 480.937912158679
498.866367846703 493.049451170131
498.288197505771 502.417313433394
486.109584931608 497.702799232109
503.029459657287 488.537783448717
507.811734453976 495.747138346377
492.624084542358 500.759824088071
486.425854329902 487.94940957978
487.797999692291 501.826282248389
495.66172915089 524.591691833332
497.558495959698 495.586681641806
490.57140220251 486.017143991808
502.448883007851 503.605544884407
496.391129113771 502.302706568335
504.252771956434 505.964070437172
491.173809250644 497.828508717083
480.260716360797 484.964631495285
511.699499170245 499.524471393924
501.800391459276 481.559569881205
489.634427074454 492.697552302437
518.030070990158 510.970055167466
511.004859999364 502.021364489845
500.81082813375 519.382478971316
490.807898359967 505.483615860449
492.288155827445 499.54652623952
496.07038885942 496.977027864229
486.204370171581 496.227930665934
510.069589477059 501.388510511171
498.212753133722 501.721989845388
493.718076368626 508.243778388915
513.855563618136 492.801797486232
515.903324835579 497.892665344394
494.909809450828 510.717763657789
500.977093775605 504.194455140068
504.46476318755 499.849639408773
517.101081962488 509.602187037282
501.266892644198 488.735602469776
493.077572705979 491.794854876942
481.57806521751 497.910179301905
483.472439704282 499.866568037451
513.214903388978 488.810167252313
499.823377961965 499.683518758556
503.317699874162 500.175123118215
500.61062518971 491.825163575122
500.06555318065 515.112465790737
487.855869228959 489.724131146992
488.637017933998 506.263393222466
