493.733392340781 493.915395446751
504.476215710091 495.865023185216
507.198572463813 505.226707460306
491.051363372301 501.967947769267
508.799848890001 516.216058557136
487.898912307542 498.864618935732
495.721924215591 487.174663509945
500.003712704768 506.317190102509
488.575313262959 479.2534920157
501.454705951591 511.49644599447
510.313498570192 494.117981829055
509.415233829983 506.794541036345
495.637178490005 495.406700170314
511.263532281004 498.575570984427
517.095148202362 506.257212573067
498.163291266509 506.219195997039
506.446261586754 510.976710065065
490.29608421379 501.420075890963
491.63297011543 488.520578535384
487.765333715992 495.655042060598
491.901168166634 502.012686962179
481.90001042779 506.448814187693
502.895220930713 492.683415430152
485.580339506025 493.489248000904
504.243263699686 501.431004539821
503.781593447648 492.770182595665
497.464641913382 505.368997578988
474.265521876725 493.436129943509
498.265543557211 500.90050308432
484.584617770167 503.769713439703
499.877654198537 487.241065680429
506.554263917578 506.552895942644
502.367566700462 512.517100427752
492.08226890426 495.45536229505
498.907947343568 489.425032588071
503.75720859846 504.944320590257
484.190489089257 503.161947573465
488.185921122027 510.644409711003
497.604058351931 520.256662360264
487.342391403267 502.839054707281
509.95969797346 483.370062065762
493.579086746904 504.601421147452
520.546872091845 505.352405530002
501.687227493245 494.943661766989
496.925846911304 495.968225251008
503.12982315326 496.873691236011
510.049324968625 500.613839269031
516.249132789601 501.468891898305
496.66000566279 516.359490220814
482.999829516601 499.905903287786
513.294684131212 506.368439176418
496.883620927493 502.801630485393
489.210791138901 498.363696249194
491.572911093027 487.423667915859
504.580583110635 511.938428190019
505.547118685868 511.527325294829
495.352186237024 508.242160234005
488.449873542147 481.299920157917
491.147297583987 495.410140250006
495.926081631024 489.797806832926
484.031372798156 484.671929463158
511.531629587162 479.471720436694
494.56911621169 486.005560253658
499.689424935304 501.935674792905
506.134676181161 531.882467635164
494.572321687795 513.5812802808
504.10969804935 492.62556840187
482.473551347298 514.449055039595
515.055776622589 499.819511107218
505.341575967442 493.081004664044
485.870275982514 492.674838493535
500.327899418309 503.518841728338
494.495876723845 510.967740875653
510.485591819791 512.320364208048
487.131130659778 502.579910120436
485.918994074797 494.039967336316
497.352610064442 506.245773731859
501.140549370926 491.821368284677
508.626151803802 508.113489195604
493.30374920891 504.861375213515
482.442627980954 506.133414779305
497.90353303601 503.249227956573
497.440943472881 512.022003605703
475.457482919045 486.685451147018
502.933235190766 491.412926120388
494.884049723633 500.8082735328
488.456781753947 487.019439734739
513.477850417927 487.749826260339
481.101169616397 505.768272195472
499.334368946049 490.133759720806
496.311893138093 511.303913745603
512.310241683971 517.618032232971
498.912752616947 492.699269169821
498.724232153657 505.590529985067
496.422430215153 502.07911170406
503.657148270931 493.764505952977
509.331418395893 506.314436168185
494.793912671716 511.834166390217
501.22771761731 502.841847163692
489.065957010244 510.881010272054
496.077298901926 482.159372039495
501.978642575526 481.008066142487
499.130982385714 512.848448524978
495.450559190193 482.913025324921
512.94849258022 497.23502621381
510.528835105406 495.626612982855
495.171730226764 487.654090036391
490.748894389148 495.685102404252
495.973407100377 496.16534997962
491.934950376479 505.029474732571
487.517146012497 488.115716681101
505.191395339554 510.070144179518
489.058278412685 501.045529160608
502.866521723291 499.295363463158
484.007901457959 500.856396079416
497.841817590353 485.473665061552
504.7770467857 508.305393321899
517.056581302644 512.140602006348
493.016629182352 489.861746090636
497.722478046419 495.157161707082
501.277180003425 489.503677871959
504.885113991491 514.100204421035
493.290992967702 489.954442538723
501.351620919435 502.711367759521
501.068276748065 497.433360072905
492.253021717684 501.452546202296
500.978896588207 484.314456387665
517.074937930958 483.553756596645
506.2388646536 506.432240277045
504.078914134669 504.564726915882
501.47521417814 503.531040351283
507.353520798957 510.630876633989
497.777393378056 502.693350618975
493.427088891225 476.731616741845
490.630174209881 498.860818215818
502.505944448105 505.519365865517
484.345874555795 511.368736542308
495.699089783616 483.513244245774
497.769070478626 485.142053135131
519.383661488112 500.428441690871
501.09552925008 503.688937415831
504.083352802946 495.302641028477
498.650527750115 519.8138134525
503.27574277719 493.572024339606
495.960926794971 488.102141069764
503.641467652659 525.28857670488
498.709605572839 503.39847302241
503.165644397827 517.289309310734
500.832367303315 493.901622698744
479.929568187733 493.276039338795
498.035204926943 473.652940970967
522.220134344057 493.23696392062
500.519472507726 477.185029430028
515.345233574357 499.521855028193
505.069969318871 512.629540254231
500.211186098453 503.185390708416
505.794717906026 511.07055347135
489.804497844856 507.426429858085
522.1137549745 490.083278980266
502.069370093816 501.710905716254
493.224990533746 503.261431622449
488.017373724164 494.754112215862
497.917205153144 492.492771332526
489.018976409366 505.57814867598
494.817095615888 509.301568700963
488.123376040601 486.604905820935
490.882676205966 495.384607850575
487.265406715854 509.232465338849
488.273948254525 500.865747411713
487.67596875794 501.662423683036
503.343633335021 504.476040478859
483.532736562084 504.39405760637
475.243696387501 505.8557798553
500.440027227975 497.417817061806
484.910181146794 507.99559814278
504.876625032214 503.652613912826
501.600270588044 489.323930241674
509.646504042847 516.866155776449
511.000762790162 490.838977781481
491.709873984876 505.983643290734
503.976115618809 498.26102327898
508.301309616239 506.103660635615
497.445497432873 503.756516977981
484.933592900864 493.003433412264
509.482031583021 490.207098937111
499.10191901125 493.712782458501
499.797137790786 498.940165834519
509.758184698615 484.867404496544
513.849849238678 503.812481669631
491.921727289452 500.82025895301
516.576691135554 514.108049665773
515.625553598656 506.001178163586
504.0340151435 497.602519468331
509.195846939469 510.697850080998
488.672613335836 510.221828904644
502.536469901661 492.657555406347
496.50255867127 503.429247322844
499.014327177977 507.362790467222
506.61519522907 511.531336686074
509.008326000591 490.870508735996
507.191214329331 490.4770502275
492.058343325136 506.242503493714
483.007301117247 498.44406673236
495.763233478284 503.439732287517
501.892874509156 498.82301671753
499.258418708901 505.720136578398
493.900367927554 507.401985475914
486.064178430288 496.727023807346
494.184587824362 492.597226263191
520.368959561102 473.711157037612
491.021971326027 492.725482591366
516.818742108149 497.458693302061
486.012482844649 481.900555435132
494.934840279147 498.862432615971
479.792450675681 500.147851185529
492.439020741452 497.741204875639
489.456969012353 495.456593856347
496.587608568665 495.068947924244
488.277310718491 495.381670096628
511.438174414155 500.951143047697
493.486725791002 489.65008228969
487.598842510938 495.667875202289
494.822860446874 513.094480293023
509.049364331304 497.0463158531
504.18318697957 495.212206865548
514.191120159998 474.185434073922
503.940462201177 516.329306756302
501.15126507355 498.954868771379
494.312188845759 509.810821915992
494.840782604424 503.773338287367
507.586856045497 491.409042158505
504.80051827804 504.327851738936
494.623552527443 492.414519538673
489.316424523836 498.511504502513
499.735151483515 503.292299424322
504.173678342697 496.61095522653
486.848282220989 511.102003206123
507.839322042257 494.165646047057
491.014735907015 483.999400736189
485.916182255685 493.125185804493
477.56661762751 495.035371348145
513.857013232615 518.993788630033
497.160669803053 505.037770447224
514.064827467114 485.421914078399
508.581958883074 507.732248719477
519.844035813192 492.701598935585
491.955912420073 497.295153259681
498.650427677235 500.526408490769
511.839450499671 502.192140943242
508.696773596575 491.99415403778
496.238696812324 500.419567621053
517.393895154336 486.582020800755
483.34346200463 494.673796463664
509.124156794036 508.083238156779
499.506203799319 507.979501976042
495.326828911949 504.862391360192
488.33292055067 494.093150020609
506.871824733869 507.851275882199
501.581798771795 522.011211319225
490.685604528817 494.142884721039
506.409626244747 509.022427804116
510.60774566464 510.355254735135
504.472080431431 493.442846543643
486.786668393434 496.740199017238
493.457722689976 499.008279046869
502.343735254353 500.041056134007
519.781014799122 492.543258453297
497.892317022562 491.810047324882
492.236854068181 518.986273389449
511.118610120824 502.620707159381
502.505605991166 509.636029700061
520.677277192572 483.287495650489
501.540700847966 499.613737076572
503.333121224571 508.394962735755
495.050913445103 488.742091687866
492.905699164763 490.411574664338
498.727989417779 491.126939795513
487.899301784536 499.135887056049
497.754783744385 489.628736838091
493.800621965906 508.19876810966
498.72375462442 488.806154668549
498.329572972557 504.679126085432
509.630399142796 508.597192368487
514.238858499565 506.914105773463
504.915123443041 463.250391807991
507.603838227554 493.603923585207
497.331288891857 502.47533332446
480.642567832421 494.615832466595
511.588741021008 500.856859656079
476.438488556379 502.23855215619
492.934732333116 478.338245344291
493.88363676044 508.840733175191
503.680404205114 494.687186345826
487.059829295398 514.942554908747
519.760858735561 491.955230302473
486.678396986525 511.023764036361
498.736962909868 516.668344032099
512.582323273136 494.912473126253
499.256212895667 493.541321542424
503.570698981981 491.449766926235
506.255095269231 505.081374239081
514.855902250407 514.06161984779
496.242300384674 511.826892341061
492.88979433384 508.9670131188
515.827198842557 494.327012795034
506.676015529008 502.485765697429
507.574478584567 502.030441063955
490.269732790172 494.515482733309
498.814267331185 525.897414736561
509.531066429429 494.278779096914
487.708342127263 482.737666598732
505.261293639308 506.941004805433
506.58229700729 494.224715686828
517.063977853809 498.65156358766
470.234710623249 512.161781144387
497.662225797447 503.913043329354
489.166013222332 476.561002739571
503.004340024682 504.281811762775
516.661332876403 498.606690827478
500.379454468106 496.894032556151
505.78253104751 502.775233688774
515.107107532867 510.056380288951
506.035695733797 511.107180047084
495.208527821833 488.078698011949
499.462505839391 502.140534752963
493.786310238872 491.919941363955
491.93967239815 499.297683230551
492.863074483104 488.132683246328
485.132648869693 511.764416397589
514.031699320913 476.84895261733
491.000248258909 507.726260548487
501.277128136431 482.33547992473
517.730412220923 492.121244308828
499.317082281932 496.129558142509
498.020380968296 489.707912097966
498.150974415147 488.276483758085
508.242812141846 489.93606680734
494.523233383024 495.3453898837
479.638088649641 494.38125078514
518.246062894836 496.562478645782
502.989848766647 509.548531761187
500.006926150546 501.879759280749
503.068825865212 493.626763013406
502.77580096106 496.989262400008
518.052984901538 480.146751494073
492.734771999519 510.01946131829
517.486609488845 504.015725001495
503.045674320142 481.523341428686
493.098773763835 492.43654808677
505.403370193229 502.076386807015
494.228656570613 523.228043014236
503.779069254559 500.003466381185
498.651460039409 503.305534831053
504.619676411066 483.764656941747
499.412213619406 515.697270724909
515.569060705551 509.14904253342
479.991099017261 505.417358867616
512.427157112443 505.296190521539
500.60937059511 504.454081359003
520.560523915791 500.959450052738
501.433350696768 489.335328064351
505.418900886798 506.685546415788
507.683326972123 499.089088389975
523.837771357391 514.815153467027
494.717803847292 500.717495141741
502.615645490586 488.080309500653
491.347287939243 495.659653863356
491.103213175167 499.708452260538
496.861084691846 495.310965500208
500.226814232807 488.154910270611
495.459305679347 505.415818841542
492.353268960058 497.761046860426
516.945079522302 502.156709376672
497.39204918847 505.641273023183
505.996979869006 498.868067711346
485.418626781753 484.776409694526
513.458055007565 490.965622648293
516.916728191991 492.299662427043
506.406050177514 487.132455061194
495.794673066189 486.911028335568
498.469033101186 502.39980706064
497.86912475834 500.753628945535
506.888212175705 491.279021232491
509.98148173309 505.128631216891
503.952147942396 491.922543347067
508.153568901484 490.349668675773
499.927844386869 498.134311080021
494.882755270491 495.737326976378
500.877498861294 511.271937334456
495.735634446265 497.132243128913
497.768614603435 516.672452441485
488.537810789668 478.222682557905
484.393011913304 503.529598292433
501.064641909448 490.252078513881
502.505146380466 494.38519849406
524.049999204822 496.382459215918
483.989226970222 510.486105013855
503.941582721709 505.665356830874
489.920108368623 507.387135903536
499.785006092583 501.331579729698
