496.56158	489.0882
505.0252	519.3645
497.00616	490.98566
505.05978	494.87216
499.67938	485.2011
495.54407	511.76007
504.7306	490.11594
497.84683	495.57294
502.96313	510.29135
500.40485	485.9478
499.7791	490.67444
499.08762	494.34647
496.50986	508.13272
508.55057	478.89087
499.1782	486.19046
494.11142	489.43753
508.395	489.53513
496.73816	507.64673
499.01865	503.8875
501.31903	504.46384
499.6183	490.22128
503.06644	507.81003
504.21396	505.91214
496.04626	483.72012
506.38336	483.54175
502.46683	513.5238
500.78168	509.53595
490.73648	512.2305
498.1887	517.9345
499.05548	502.9362
497.6296	494.6564
506.23328	512.1076
500.03293	496.9423
499.9812	506.12958
496.8337	476.9836
491.56802	526.56555
492.5684	487.06644
502.52505	495.7449
499.8549	496.56516
506.3416	484.82053
502.253	497.12064
507.6548	511.19986
504.65042	509.11014
502.8645	489.5243
508.5064	490.7075
503.0457	495.5924
497.69287	518.1551
506.4808	506.53522
493.8865	479.6722
500.40533	490.31412
496.92163	496.47775
502.33206	483.84393
497.5607	506.5284
495.1379	510.36688
494.12717	510.544
500.677	499.0112
497.57574	494.73746
498.4707	504.86423
507.2765	478.59518
512.4654	517.2018
506.0749	479.444
501.12662	505.45084
499.02515	492.3881
491.81174	517.14526
502.80008	510.9988
510.3786	514.79095
499.01657	502.96988
499.0279	508.68182
500.0338	512.45337
494.9834	506.76315
501.2282	496.7606
504.63892	493.80075
489.34198	487.76825
496.01355	504.2458
509.75998	487.71875
501.62567	492.99417
492.91226	490.052
509.38495	480.9222
501.27493	484.09143
503.70386	495.98947
505.3264	513.8583
493.50525	487.49734
497.28018	488.50607
498.9163	495.70602
500.85397	531.8303
496.08075	512.4565
498.23843	510.56152
499.19415	496.76364
498.91525	515.85767
501.2322	512.61615
496.1798	506.15433
497.1033	496.20923
482.52625	520.32263
509.63403	489.73697
502.88745	508.04227
508.81552	486.95673
501.61588	514.0396
502.35025	508.35724
496.5951	504.13635
497.09677	482.99228
511.17114	483.0026
509.3948	513.29663
504.8541	520.39703
492.1704	517.02106
514.5244	521.986
500.93433	512.3095
497.5931	497.254
501.2214	501.72098
502.67026	515.3358
496.9257	513.6823
516.008	477.94437
492.94412	509.16812
518.84875	477.8575
502.14542	508.9263
500.5467	496.91327
503.9473	506.53036
497.07306	487.7384
492.3314	489.55008
496.13602	509.37308
500.6442	486.8305
498.0718	493.97388
492.5219	508.4067
501.73166	493.85468
499.73923	491.00977
503.9796	514.3107
502.94296	492.06445
495.77643	504.65875
501.02863	515.65594
497.44034	504.3155
503.54257	485.6242
503.06885	491.1208
488.2935	514.98956
501.05447	479.51797
507.15814	511.49924
507.2111	490.72263
481.805	472.35367
500.08438	494.0335
500.60983	488.78787
494.24774	490.42493
508.75723	474.88226
501.5133	492.3372
496.6921	486.40845
502.12274	514.6355
492.22348	488.6789
490.8332	490.1992
506.6168	490.67413
499.6048	501.3247
505.44162	485.27054
492.4476	489.70847
500.8303	491.40967
500.06525	519.7981
511.30887	519.2343
497.22275	487.6322
499.32773	483.66742
515.0478	521.47144
505.38043	510.3006
497.81775	496.5966
502.47772	519.32245
499.66946	493.78244
495.90158	504.3429
487.34747	514.5298
498.09772	508.5513
500.62213	498.81735
513.1973	514.3339
503.93588	480.0623
500.7083	502.07376
491.72495	484.3166
494.4411	488.56613
487.12524	523.34973
503.09674	522.8168
504.56345	482.65802
507.3315	510.10858
489.43335	517.76996
510.67432	511.45703
506.9951	520.12354
503.62576	492.78333
495.0294	485.84824
495.90372	492.5504
507.9683	483.18066
499.2347	502.27597
496.05618	505.0656
499.87698	492.8977
506.81534	514.67096
496.93954	506.4795
505.99936	477.4396
508.4648	487.19684
505.83078	512.0485
500.24118	499.06595
503.5118	493.2858
499.02664	492.3725
504.30005	485.46268
492.2132	489.37335
500.81427	490.59634
493.41486	513.7783
500.21478	488.3367
500.31726	483.97656
507.17432	488.29233
504.05548	514.43524
495.07837	505.85175
506.72772	510.40662
492.07733	509.14282
501.2818	506.57346
492.9929	492.1473
493.84055	507.99026
500.3298	491.69427
497.9262	483.0466
505.3252	511.86642
490.8857	513.3829
515.0434	484.16684
506.95963	516.09344
500.06342	490.00476
481.62265	478.4323
505.83627	507.28436
506.97452	516.9822
501.529	491.92432
497.1793	502.93182
509.85214	516.85443
504.92548	483.8431
497.5642	484.84396
499.4916	495.87543
497.2343	513.1975
506.5522	486.88953
508.75638	510.57315
504.33963	504.77872
502.4546	503.9272
510.88757	472.96945
489.70435	513.1734
505.3356	485.0407
499.16986	488.17642
510.1961	511.852
497.41232	508.94687
495.73477	491.74945
512.4258	485.92026
507.19656	509.63605
504.58633	515.1026
503.06726	509.4347
489.27606	487.73892
499.81787	500.622
496.8368	506.46927
514.1251	479.53638
496.79956	510.50037
503.55356	492.17557
502.69427	471.7124
498.2749	504.55142
495.57507	495.31705
502.81345	508.47586
495.9459	512.9007
498.60162	491.62024
500.21954	520.4001
503.49268	513.1949
497.1423	503.81482
500.62823	498.76166
500.49008	501.17493
501.9422	514.6763
510.88306	520.15125
495.46683	494.64258
499.07867	488.78232
513.2747	518.0185
496.9174	510.45413
502.59244	506.24808
496.15985	490.76138
495.68594	516.94855
488.73688	488.70282
506.07138	475.40714
499.2804	504.63303
506.7661	507.34854
499.57614	481.4883
483.86505	520.3376
503.2122	510.57172
504.99338	509.7662
501.1586	494.53787
495.59714	515.4087
502.68997	516.20276
500.6411	495.33618
493.8503	480.68503
500.29266	511.33527
500.27335	503.85757
501.4127	487.47305
492.6654	488.5704
496.83276	494.71918
510.72034	488.45285
509.73724	513.91473
504.37524	505.0706
493.5403	484.298
494.42358	480.12195
501.64078	483.6621
487.62024	483.3463
503.8436	518.7318
506.49722	508.42624
502.04953	495.81076
491.8835	490.03122
499.09027	503.67825
500.45914	502.7844
501.86923	506.87875
506.39456	480.01437
494.6581	482.68362
500.67456	515.88745
502.27856	521.45105
506.1707	478.26874
506.8948	490.26364
501.97348	504.1308
497.63983	483.11832
499.71875	489.73212
495.30518	521.5934
508.8863	487.0031
505.82974	515.75397
508.61328	513.7396
495.98666	495.28247
500.2349	484.2709
500.52618	515.6365
500.3171	499.29163
507.72675	508.39313
500.91913	508.9117
501.1827	508.40604
497.85095	480.1998
502.23816	493.41846
498.84192	491.4834
497.97684	508.2784
499.28934	488.5244
495.79297	495.4481
504.36716	490.31784
494.73026	482.55026
498.74966	505.1295
491.90573	510.54507
492.53223	474.33652
504.3619	509.8917
501.4366	519.381
497.57532	504.2931
495.17145	516.786
503.67206	491.06314
480.43643	480.1525
496.6864	496.41162
501.41077	494.14038
489.21597	488.40076
498.08908	514.60895
500.37888	491.22195
490.18753	510.27692
493.30783	508.13376
500.12427	495.4754
505.12354	485.84213
497.39487	482.3388
501.44333	507.4532
490.00592	489.0292
499.71625	510.27112
508.3495	514.72516
509.28613	511.5085
493.12595	514.08875
495.35645	510.7462
487.08533	484.0737
499.91492	515.42267
499.23837	493.03384
504.21478	508.44778
499.7479	489.48245
500.02637	501.44858
498.44907	494.11984
500.29663	487.61557
499.4936	492.6413
495.18588	485.7226
503.00085	506.5138
506.76648	516.3982
494.62216	489.8261
502.0292	494.1381
488.64273	513.02716
493.87518	487.71362
513.04254	515.3911
495.1875	508.35635
500.2716	485.97812
507.92563	490.02142
504.11987	517.27814
505.27478	511.40555
498.7381	506.52246
490.995	512.5085
508.1899	524.0331
503.24463	509.57956
504.32043	480.75314
492.3418	516.1013
519.3269	470.21884
497.41083	496.68588
500.56424	503.1438
512.2871	520.7286
502.38928	490.5021
504.24585	490.5017
501.6972	497.6642
504.6866	508.2865
502.78995	504.88873
498.5774	514.25134
501.9149	512.7518
500.68924	507.4757
501.06223	496.51828
508.50595	511.6862
488.14236	513.0287
493.88785	525.97626
492.95084	486.61417
501.57578	508.26404
498.51276	517.0319
498.68076	504.00363
499.08725	501.62863
499.84515	490.2339
499.1251	478.43692
491.02548	488.41208
