493.9154	493.7334
495.86502	504.47623
505.2267	507.19858
501.96796	491.05136
508.79984	516.21606
498.86462	487.89893
495.72192	487.17465
500.00372	506.3172
488.57532	479.25348
501.4547	511.49646
494.11798	510.3135
506.79456	509.41522
495.63718	495.4067
498.57556	511.26352
506.2572	517.09515
498.1633	506.2192
506.44626	510.9767
501.42007	490.29608
491.63297	488.52057
495.65503	487.76532
502.0127	491.90115
506.44882	481.90002
502.89523	492.6834
493.48926	485.58035
501.431	504.24326
503.7816	492.77017
497.46463	505.369
493.43613	474.26553
500.9005	498.26553
503.7697	484.58463
499.87766	487.24106
506.5529	506.55426
502.36755	512.5171
495.45535	492.08228
498.90796	489.42502
503.7572	504.9443
503.16196	484.1905
510.6444	488.1859
497.60406	520.25665
502.83905	487.34238
509.9597	483.37006
504.6014	493.5791
505.35242	520.5469
501.68723	494.94366
496.92584	495.96823
496.8737	503.12982
500.61383	510.04932
501.4689	516.24915
496.66	516.3595
499.9059	482.99982
506.36844	513.2947
502.80164	496.8836
498.3637	489.2108
491.5729	487.42368
504.5806	511.93842
505.54712	511.5273
495.35217	508.24216
488.44986	481.29993
495.41013	491.1473
495.9261	489.79782
484.67194	484.03137
511.53162	479.4717
494.56912	486.00555
499.68942	501.93567
506.13467	531.88245
494.57233	513.5813
504.1097	492.62558
514.44904	482.47354
499.81952	515.0558
505.34158	493.081
492.67484	485.87027
500.3279	503.51883
494.49588	510.96774
510.4856	512.3204
502.5799	487.13113
494.03998	485.919
497.3526	506.2458
501.14056	491.82138
508.1135	508.62616
504.8614	493.30374
506.13342	482.44263
497.90353	503.24924
497.44095	512.02203
486.68546	475.4575
502.93323	491.41293
500.8083	494.88406
488.4568	487.01944
487.74982	513.47784
505.76828	481.10117
499.33438	490.13376
496.3119	511.30392
512.31024	517.61804
498.91275	492.69928
498.72424	505.5905
502.0791	496.42242
503.65714	493.7645
506.31442	509.33142
494.7939	511.83417
501.22772	502.84186
510.881	489.06595
496.0773	482.15936
501.97864	481.00806
499.13098	512.84845
495.45056	482.91302
497.23502	512.9485
495.62662	510.52884
495.17172	487.65408
495.6851	490.7489
496.16534	495.97342
505.02948	491.93494
488.11572	487.51715
505.1914	510.07013
501.04553	489.0583
499.29535	502.86652
500.85638	484.0079
497.84183	485.47366
504.77704	508.3054
512.1406	517.0566
493.01663	489.86176
497.72247	495.15717
501.2772	489.5037
504.8851	514.1002
493.291	489.95444
501.35162	502.71136
501.06827	497.43335
501.45255	492.25302
500.97888	484.31445
483.55374	517.07495
506.23886	506.43225
504.07892	504.56473
501.47522	503.53104
507.35352	510.6309
497.7774	502.69336
493.4271	476.73163
498.8608	490.6302
502.50595	505.51938
511.36874	484.3459
495.6991	483.51324
497.76907	485.14206
500.42844	519.38367
501.09552	503.68893
504.08334	495.30264
498.6505	519.81384
503.27576	493.57202
495.96094	488.10214
503.64148	525.2886
498.7096	503.39847
503.16565	517.2893
500.83237	493.9016
493.27603	479.92957
498.03522	473.65295
493.23697	522.22015
500.51947	477.18503
499.52185	515.3452
505.06998	512.6295
500.21118	503.1854
505.7947	511.07056
507.42642	489.8045
490.08328	522.1138
501.7109	502.06937
503.26144	493.22498
494.75412	488.01736
497.9172	492.49277
505.57816	489.01898
494.8171	509.30157
488.12338	486.60492
495.3846	490.8827
509.23245	487.2654
500.86575	488.27396
501.6624	487.67596
503.34363	504.47604
504.39404	483.53275
505.85577	475.24368
500.44003	497.41782
507.9956	484.9102
503.65262	504.87662
501.60028	489.32394
509.6465	516.86615
490.839	511.00076
505.98364	491.70987
498.26102	503.9761
506.10367	508.3013
497.4455	503.75653
493.00345	484.9336
509.48203	490.2071
499.10193	493.71277
499.79715	498.94016
509.75818	484.8674
503.81247	513.84985
500.82025	491.92172
514.10803	516.5767
506.0012	515.62555
497.6025	504.03403
509.19586	510.69785
510.22183	488.6726
502.53647	492.65756
503.42926	496.50256
499.0143	507.3628
506.6152	511.53134
509.00833	490.8705
507.19122	490.47705
506.2425	492.05835
498.44406	483.0073
503.43973	495.76324
498.82303	501.89288
499.25842	505.72012
493.90036	507.40198
496.72702	486.06418
494.1846	492.59723
520.36896	473.71115
492.7255	491.02197
497.45868	516.8187
486.01248	481.90054
498.86243	494.93484
500.14786	479.79245
497.7412	492.43903
495.4566	489.45697
496.58762	495.06894
495.38168	488.2773
500.95114	511.43817
493.48672	489.6501
495.66788	487.59885
494.82285	513.0945
497.04633	509.04938
504.1832	495.21222
514.1911	474.18542
503.94046	516.3293
498.95486	501.15128
494.3122	509.81082
503.77335	494.8408
507.58685	491.40903
504.32785	504.8005
494.62357	492.41452
498.5115	489.31644
499.73514	503.2923
496.61096	504.17368
511.102	486.8483
494.16565	507.83932
491.01474	483.9994
493.12518	485.91617
495.03537	477.56662
513.857	518.9938
497.16068	505.03778
514.0648	485.4219
507.73224	508.58197
492.7016	519.84406
497.29517	491.9559
500.5264	498.65042
502.19214	511.83945
491.99414	508.69678
500.41956	496.2387
486.58203	517.3939
494.6738	483.34348
508.08325	509.12415
499.5062	507.9795
495.32684	504.8624
494.09314	488.33292
506.87183	507.8513
501.5818	522.0112
494.14288	490.6856
506.40964	509.02243
510.35526	510.60776
504.47208	493.44284
496.7402	486.78668
499.00827	493.45773
500.04105	502.34375
492.54324	519.781
497.8923	491.81006
492.23685	518.98627
502.6207	511.11862
502.5056	509.63602
483.2875	520.6773
499.61374	501.5407
503.33313	508.39496
495.0509	488.7421
492.9057	490.41156
498.728	491.12695
499.1359	487.8993
497.7548	489.62872
493.80063	508.19876
498.72375	488.80615
498.32956	504.67914
508.5972	509.6304
506.9141	514.23883
504.91513	463.2504
493.6039	507.60385
502.47534	497.3313
494.61584	480.64258
500.85687	511.58875
502.23856	476.43848
492.93472	478.33826
493.88364	508.84073
503.6804	494.6872
487.0598	514.94257
491.95523	519.76086
511.02377	486.6784
498.73697	516.66833
494.91248	512.58234
499.25623	493.54132
503.5707	491.44977
505.08136	506.2551
514.06165	514.8559
496.2423	511.8269
492.8898	508.967
494.32703	515.8272
502.48578	506.67603
502.03043	507.5745
494.51547	490.26974
498.81427	525.8974
494.27878	509.53107
487.70834	482.73767
505.2613	506.941
494.2247	506.5823
498.65155	517.06396
512.1618	470.2347
497.66223	503.91306
489.16602	476.561
503.00433	504.2818
498.6067	516.6613
500.37946	496.89404
502.77524	505.78253
510.05637	515.1071
506.0357	511.10718
495.20853	488.0787
499.4625	502.14053
493.78632	491.91995
499.29767	491.93967
492.86307	488.1327
511.7644	485.13266
514.0317	476.84894
507.72626	491.00024
501.27713	482.33548
492.12125	517.7304
499.31708	496.12955
498.0204	489.70792
498.15097	488.2765
508.2428	489.93607
495.3454	494.52322
494.38126	479.6381
496.56247	518.24603
502.98984	509.54852
500.00693	501.87976
503.06882	493.62677
502.7758	496.98926
518.053	480.14676
492.73477	510.01947
504.01572	517.48663
503.0457	481.52335
493.0988	492.43655
502.0764	505.40338
494.22867	523.228
500.00348	503.77908
498.65146	503.30554
504.6197	483.76465
499.4122	515.69727
509.14905	515.56903
505.41736	479.9911
505.2962	512.4272
500.60938	504.45407
500.95944	520.56055
501.43335	489.33533
505.4189	506.68555
499.08908	507.68332
514.8151	523.83777
500.7175	494.7178
502.61563	488.08032
495.65967	491.3473
499.70847	491.1032
496.86108	495.31097
500.2268	488.1549
495.45932	505.41583
497.76105	492.35327
502.1567	516.94507
497.39206	505.64127
498.86807	505.99698
485.41864	484.7764
490.96564	513.45807
492.29965	516.91675
506.40604	487.13245
495.79468	486.91104
498.46902	502.3998
500.75363	497.8691
506.8882	491.27902
505.12863	509.98148
503.95215	491.92255
508.15356	490.34967
499.92786	498.1343
495.73734	494.88275
500.8775	511.27194
497.13223	495.73563
497.76862	516.6724
488.5378	478.2227
503.5296	484.393
501.06464	490.25208
502.50516	494.3852
496.38245	524.05
510.4861	483.98923
503.9416	505.66534
507.38715	489.9201
499.785	501.33157
