499.7328	496.9751
499.87656	509.45483
508.40942	480.86353
494.4481	512.8565
496.1617	491.58325
500.6621	498.16357
506.05057	506.49985
505.942	479.7237
496.25333	490.1151
503.33435	513.3214
509.5374	519.2921
498.52164	527.8661
497.84512	511.17786
501.99774	502.05853
502.42297	503.0181
495.1284	518.00183
506.25806	517.2158
494.46103	509.9231
496.58942	483.5715
499.81415	491.52295
507.22073	507.45706
503.093	514.6866
494.43768	488.25574
497.9025	496.07922
503.0969	504.0245
512.94946	516.1083
492.87552	508.40683
497.77487	494.04462
500.77893	498.76566
515.0414	519.3113
501.76224	489.93204
503.03687	496.4064
500.49118	503.9234
504.06836	482.85474
511.02945	511.6867
499.11484	484.50467
496.63705	493.14438
493.5062	493.28473
496.2015	491.9374
502.1363	496.09103
500.46155	497.11398
501.30862	490.8043
496.4241	492.7403
509.8455	481.34402
496.2636	509.25366
501.655	507.90942
496.57767	511.68362
495.67957	506.45007
499.5671	511.5725
502.48978	496.98337
504.26355	516.4034
511.98077	520.37256
494.28757	487.03848
493.69208	506.8789
488.84778	488.7025
500.29724	512.2774
504.90897	505.7873
498.239	510.59146
509.4094	474.74075
501.7745	495.8184
501.9898	479.54874
499.81158	482.95325
492.3346	513.1952
486.82544	476.66064
497.39478	504.89163
497.98853	507.02237
502.48587	510.75977
506.33514	491.6668
500.84225	493.53796
505.83676	508.13678
519.4107	521.3424
494.8729	491.88824
499.74274	499.6731
494.34702	484.25616
504.40366	492.3372
495.56668	492.7676
488.75232	486.4915
504.05515	488.04285
503.16394	494.60635
502.91718	496.00018
493.9949	507.50235
487.73865	483.66434
499.58032	496.90402
507.76968	516.89966
492.1264	508.7846
497.32962	490.3153
504.89264	510.14536
495.62128	510.3356
494.72427	491.7912
503.32172	494.02142
504.91754	491.54355
506.34348	492.73355
511.37213	512.09094
497.0525	493.29028
495.3066	495.22778
488.3192	512.7389
507.45407	524.59906
511.25113	519.924
510.7814	477.91483
503.91092	510.5366
493.2449	489.3221
492.54333	490.29907
497.24924	489.2405
503.26593	522.4436
506.55856	509.55746
502.69736	522.0299
500.25735	490.6858
495.31708	491.98837
497.4574	491.66428
501.17343	488.0214
500.4582	510.15344
499.02966	514.29474
502.23483	483.37225
504.73367	480.652
496.70746	505.3342
495.89853	491.76617
508.13016	480.3829
510.32635	478.4959
501.81686	507.2455
495.67587	492.24164
502.13428	511.53177
495.58774	485.48346
495.95966	489.35135
505.7005	493.80414
502.7377	506.1403
497.75476	512.1113
510.03165	486.86703
506.32806	507.23984
483.82407	516.2896
496.28897	508.35202
505.7532	483.13565
509.46686	526.9134
498.53394	514.7658
499.53244	491.39474
511.5808	516.31494
495.3945	506.07465
504.90262	481.44073
489.25528	516.6133
491.55313	511.56357
495.70456	519.1182
496.5304	489.65323
493.7344	477.36108
492.25827	513.1131
501.09467	502.8071
494.36264	492.11063
484.60617	476.2091
499.34833	490.33926
495.16318	508.87097
500.55487	512.77344
501.15134	491.73868
510.70312	483.24274
499.55072	497.9443
500.5323	494.66986
501.8791	496.79086
506.1678	516.91327
492.8142	491.21152
496.2177	508.3552
508.77936	516.5221
505.58282	491.6493
504.06506	508.3883
502.54852	494.83157
501.0238	496.6715
492.96014	483.86423
494.2077	513.0743
506.48605	518.564
502.39056	493.07437
496.9285	512.46924
491.14496	481.61307
493.26828	512.5297
499.96118	488.55548
499.1213	508.16388
491.22964	517.5252
495.94272	471.35513
502.848	491.71112
506.02975	507.01257
486.07944	479.4763
496.4814	515.4703
498.3054	507.0155
493.71918	481.0816
507.1796	508.8283
486.89957	514.84753
499.88712	501.13535
499.39075	496.3146
499.31595	502.59332
498.33374	497.79663
492.64105	483.88327
483.57217	477.34164
500.81912	509.94672
490.04086	512.82245
514.218	477.8558
498.87692	485.6699
493.9666	479.3096
501.26312	502.0512
493.20688	486.72556
504.15237	528.2142
503.4319	507.75928
501.62125	509.696
500.29105	491.38306
498.00583	492.52402
501.3713	509.75876
493.41583	509.18088
502.48795	488.51584
496.25198	511.3885
510.49643	480.57788
500.97748	479.61963
489.21854	478.1818
498.02118	507.66272
497.14273	491.82086
502.37	490.59268
510.67786	516.79675
504.13025	508.3085
508.50546	523.16907
486.0325	477.39923
486.82208	520.9419
496.79865	492.638
502.9819	522.4443
484.42633	480.87695
498.7341	505.53967
496.2028	510.04834
496.37396	480.3591
503.31125	480.1831
501.72543	492.8919
492.28577	508.40887
499.83328	487.08755
499.08096	479.03595
503.23615	485.1058
501.20984	502.1645
497.90533	497.19794
508.4637	489.92133
502.41794	505.33154
499.1162	506.56113
506.89316	507.57718
499.5617	498.24368
509.9231	484.1498
507.1393	488.2152
496.19504	495.3653
493.5393	482.8137
499.989	504.80762
495.80777	492.38998
494.36954	516.8773
500.8918	513.47345
482.32468	520.3251
505.02414	510.47797
493.28314	524.9842
502.78882	521.4546
501.3215	501.9628
504.1772	492.21228
491.95255	511.72827
498.26376	504.17014
497.97134	480.6835
502.06747	502.81168
500.6909	498.51065
500.30432	486.42108
500.1674	471.29578
488.46848	520.14624
502.46375	508.54584
508.56552	518.90955
502.86038	490.98148
495.16727	491.29358
495.03107	507.77475
496.2892	504.10663
500.92307	496.53522
498.5833	493.28394
501.4413	497.9715
497.04327	486.03583
513.0465	482.0128
495.4315	510.6008
498.8808	504.51608
507.83102	492.01697
508.91788	485.74255
508.22882	513.48254
499.22366	520.71985
504.55423	508.75378
504.00696	478.09784
499.25986	489.4285
507.7116	481.56277
501.2331	502.1868
504.84537	514.7093
498.6951	497.65118
498.3808	495.56613
506.2613	506.41833
500.64993	484.51462
501.9968	494.64194
513.8118	518.9984
500.1703	496.38632
499.29657	486.89285
507.48892	525.07794
505.46008	509.76657
494.82504	507.29276
507.22015	491.74792
499.34048	511.37402
509.2984	482.91452
499.78378	506.17502
494.59393	493.37552
512.73254	484.59067
505.63687	483.8381
504.37247	512.29456
494.15292	481.6124
507.39267	515.79376
508.85428	490.31372
496.14197	512.78015
501.90756	502.09195
480.36978	528.70953
507.62875	486.52094
497.74255	507.53235
507.5669	515.22327
507.23114	507.623
491.66693	520.7038
500.37857	490.71875
506.63202	481.89087
501.34683	490.59033
499.58258	499.5817
504.53403	509.59094
498.1934	495.05643
499.24692	508.5005
498.3364	497.16608
500.23834	488.59454
486.2726	485.9605
504.31363	509.65784
496.70697	487.96844
506.41125	512.2063
509.66266	488.3429
500.51697	523.2136
499.43686	495.99213
493.21832	478.97757
505.2136	493.8923
505.11557	487.28244
487.43506	532.383
495.35156	489.49057
491.71484	508.76465
495.3444	510.0807
507.70215	488.62485
508.234	490.2513
497.40393	510.2007
494.48032	492.6334
500.04434	506.72498
508.3601	508.9933
503.06848	505.09552
495.84064	493.62445
496.8828	505.38248
511.39914	483.8973
499.84415	492.51303
500.0574	501.44733
499.00977	505.0708
490.76355	490.10117
501.68326	495.06055
499.12738	506.00735
501.63892	478.01834
496.77182	513.4626
510.54044	488.2843
501.39835	480.8367
496.33157	495.21304
509.71075	486.7926
497.60873	504.9897
498.96017	498.62866
511.25262	515.37006
498.73456	508.71494
502.08142	504.42908
516.05493	481.6432
497.5774	509.9074
501.90466	507.80756
503.88406	509.4254
507.7419	491.34525
497.4445	490.20456
487.86826	481.67737
486.63837	482.90988
508.30383	518.0219
507.71414	512.5805
501.39566	492.6363
512.0818	520.0497
499.15356	475.01178
503.12198	488.58926
498.27493	484.64163
505.25305	514.76056
493.3195	481.14124
498.77332	503.80225
495.73367	487.07135
488.01172	476.52005
489.90195	526.9574
502.05484	510.14035
493.9907	515.6377
493.8814	482.6408
496.60675	487.85846
503.07556	517.55066
503.4718	482.6203
492.87558	508.85785
497.85712	495.734
502.24414	503.94196
490.44186	525.5092
497.53027	493.21
497.27057	504.86285
505.24915	508.3255
505.06818	481.32196
506.40216	517.10376
489.55728	489.2626
506.45816	489.47498
508.54855	487.40155
498.07407	492.3915
496.88876	513.7646
502.16272	510.7364
