492.8142	511.99075
497.2502	489.90344
489.5666	482.89124
496.94473	495.40628
497.74265	513.83923
505.5539	482.39758
498.2	497.37903
494.45676	493.96576
490.52075	488.1463
505.4295	493.51263
498.9072	489.94873
500.78723	509.33508
495.05798	512.6296
494.07285	508.25836
499.23355	501.38422
504.51175	510.85428
515.90594	523.5973
501.45868	503.14432
495.29477	492.199
495.4893	508.78687
509.54596	489.99588
511.2086	513.7166
486.97974	483.68307
493.52634	488.36868
501.8458	487.0395
519.5972	520.0023
494.9852	518.6917
509.79364	510.392
501.8507	491.488
495.15958	519.0406
489.42996	479.86047
492.27087	516.4955
506.7529	509.8286
503.4131	492.20145
505.0979	489.9492
497.20316	521.16296
492.39545	508.33215
501.08264	506.89703
502.5523	505.9559
498.6072	493.63275
495.79007	506.3225
505.3263	512.3562
499.65668	506.38837
494.4575	488.50848
499.01715	490.0722
513.18665	521.44934
503.4065	507.39175
494.97906	514.1718
509.15973	489.5786
503.06274	488.85718
501.01938	489.62085
505.5491	491.32687
497.99426	521.19977
501.52853	501.9057
500.6724	508.9994
491.4105	513.46936
499.5927	495.98447
500.36627	496.17038
506.08276	486.92792
510.79898	510.877
485.45303	484.38937
498.5739	514.3474
500.64612	504.1367
487.8474	483.83908
493.24982	515.40405
503.85382	508.17007
520.6273	477.90234
501.6233	503.702
499.80243	481.0178
501.2426	502.22626
512.00397	481.67935
501.34677	507.75107
501.32312	505.5277
509.36957	509.60895
502.99237	513.19366
495.45908	493.73154
491.9434	513.3204
503.13477	494.84274
501.56717	502.61197
500.02386	504.9572
497.54623	511.83945
501.31052	495.7801
498.8539	488.58414
500.48337	502.0567
497.6811	488.22894
501.35184	509.14365
494.5538	492.90137
488.2932	515.3824
502.9798	511.63678
502.05215	506.82947
495.74554	487.517
504.12195	506.15665
505.31836	494.6398
499.8658	513.65344
496.66287	511.66696
496.92145	474.57828
483.6206	518.14954
497.36807	506.70935
498.27716	518.2104
504.30267	510.7882
500.13214	471.46298
499.56488	510.92917
500.07156	486.97058
497.4815	514.39386
495.84604	491.73288
492.36075	483.03894
490.6394	512.3667
510.14468	482.89984
484.69843	516.6874
503.92548	505.31186
496.9011	495.80637
496.2453	491.0159
498.247	498.0137
507.94113	511.64038
495.21716	515.76965
498.63593	514.36755
514.8765	483.09445
492.50223	482.3441
499.32544	492.22205
501.4595	482.30774
498.7916	479.03067
496.09793	510.07086
496.39218	508.98575
495.4091	506.83698
501.17084	507.33014
502.01376	481.67734
500.8094	494.35748
490.03378	482.70035
502.94128	504.03497
503.7292	510.49405
502.31964	507.7022
501.38412	504.19247
496.053	490.24063
499.74603	530.9742
503.89072	515.0438
498.5601	491.4561
505.97794	486.80106
507.08444	513.2632
500.054	501.7721
500.76376	482.31052
500.58475	479.257
488.7099	485.46973
509.1027	488.7532
501.2075	492.4935
501.86304	481.33884
493.0377	508.9199
501.04395	492.39896
493.125	487.43106
499.96912	510.18005
509.57324	483.23688
494.7439	480.45996
500.32385	492.8626
501.22763	531.72473
524.5705	470.4938
504.5047	512.99854
492.02988	508.7996
495.0342	493.4562
498.28882	496.89426
495.88928	508.24692
509.54733	512.3369
501.13345	479.11905
504.47595	511.25458
504.5063	509.6507
498.91467	488.2474
501.2075	497.80542
501.04526	501.271
498.55737	508.71393
510.1977	482.40326
492.89496	487.26797
498.28268	508.4248
486.55203	514.32306
508.22528	531.263
504.69186	491.62274
502.90045	505.73605
495.36743	489.69168
501.7953	504.93765
510.04498	479.99457
509.95895	487.13266
502.45416	491.6442
496.8996	513.0592
492.2258	491.95264
496.885	504.99567
504.68893	488.63376
497.76868	512.3937
505.12686	505.84488
493.71396	510.94797
499.92413	508.2844
498.36185	492.9403
489.7744	488.1492
502.3003	524.48206
507.86615	513.2811
490.36905	486.1634
509.34763	517.0993
507.71967	510.47177
499.07333	490.39642
500.4128	480.71835
508.36932	515.9665
495.7319	506.7636
500.69263	509.6286
495.3407	510.4546
497.7504	495.00613
500.37363	505.5098
498.8825	506.52603
497.47836	489.16797
503.44934	476.64957
494.05374	492.38147
493.44324	514.8238
503.81174	515.17957
499.28073	487.77783
494.43683	486.0243
514.60645	517.641
502.593	512.17706
496.6021	507.04407
496.93378	487.62753
501.95862	511.63684
501.10666	488.75653
493.2117	477.52618
491.70752	490.5465
495.2979	506.7389
506.70535	508.66238
504.81497	507.7351
497.1755	496.55606
493.034	507.12198
497.92703	492.37357
505.12497	520.0286
498.90683	486.64078
503.89404	505.89752
495.17996	507.34995
497.0542	505.9699
502.2529	493.2213
495.35007	484.02747
503.8472	486.11163
498.9705	509.67233
494.83954	483.11768
512.6664	516.16174
500.71616	478.42337
499.19937	513.5843
495.44397	482.01123
498.42264	481.60776
508.31586	512.0677
512.3501	479.6315
504.26013	480.74435
503.89743	485.21384
493.01508	491.9599
494.831	521.2069
505.95255	515.34894
503.23404	487.00226
497.86893	504.87268
505.65414	492.42426
501.02957	490.80383
510.31635	510.89188
499.60513	511.28375
494.65015	480.4774
498.634	516.8031
493.54666	509.11633
494.12094	492.2032
500.52417	493.89032
501.00992	509.84018
505.5694	512.9305
493.94302	489.91626
495.9202	492.11847
499.881	496.96307
498.26242	504.54318
498.72986	511.423
502.17725	487.50485
486.25903	484.11334
490.26605	514.54895
502.2154	503.894
493.0703	508.71432
497.79767	490.52893
487.89594	516.7727
492.87265	492.38013
508.22794	511.41827
498.64102	507.97882
492.63907	481.5621
502.20123	513.31354
505.61005	480.69485
501.08615	496.68018
489.74612	487.04883
502.73117	509.57028
498.79684	527.1797
496.82404	509.6756
496.67557	492.06512
500.26382	498.86032
502.015	494.1188
499.4928	490.0619
505.25705	491.72336
496.61453	510.81406
499.75766	499.48236
488.6149	480.83066
507.77744	513.31903
501.06885	513.2435
501.7749	482.42862
504.2603	504.37085
492.8413	511.70587
517.0336	531.93024
510.71857	487.83817
500.60397	509.8424
502.51675	489.2934
497.86633	496.35605
481.7391	520.20306
500.03925	507.3231
510.49634	510.68933
500.86008	491.91553
512.15155	512.51276
501.85733	492.39783
499.3885	490.67862
496.219	519.47015
499.21237	516.5352
501.68637	482.31046
495.94778	491.35593
504.8264	491.18414
501.0068	505.69946
500.0204	501.95404
500.03625	504.6534
505.92416	512.02264
503.50696	513.76434
493.62833	491.34537
498.83084	504.4715
502.61646	489.8029
498.25867	503.1999
508.09714	516.9463
495.34793	493.10336
506.16785	490.19855
495.6036	504.40555
494.66287	515.4549
493.037	489.2809
503.33893	494.48447
485.0843	522.5489
498.44168	521.0187
499.56833	494.1604
504.28265	485.5252
500.7581	501.4627
508.65564	510.4508
504.3048	506.9522
504.7677	506.9536
508.2039	512.80615
505.3641	484.10318
505.4609	521.95325
500.17297	490.9777
486.17657	516.317
516.8129	481.82178
502.23178	493.0279
492.82983	486.1886
499.96567	510.5389
503.7152	489.16876
495.81302	511.94263
498.18042	502.6485
506.49234	507.10077
506.42163	487.281
494.8719	494.08255
511.79523	527.15607
486.907	516.09467
509.9038	513.92084
501.41385	497.78418
492.84644	513.84076
495.27692	492.60553
489.2103	487.76962
503.59763	511.5442
495.0099	509.60703
504.4432	495.2443
514.00806	515.17694
501.7641	482.32904
509.882	488.0167
481.42154	480.45593
504.4948	507.95175
505.12506	506.46054
502.71735	479.75018
506.11325	511.89948
502.71533	507.83392
486.45502	485.4633
496.23386	490.0709
496.84152	491.83716
496.35352	506.9218
499.37512	480.325
508.15994	512.14166
494.3243	515.849
495.3486	508.35895
497.221	495.3788
500.4268	501.64078
496.3874	508.5597
502.4644	487.0585
504.8618	506.314
507.24838	492.56003
502.92963	495.05734
499.54584	502.72977
506.18945	507.03888
488.27515	517.8086
499.67593	503.11407
494.53458	485.22443
500.68735	516.8301
492.50586	508.86642
492.43494	492.24533
508.78513	486.2439
500.05014	507.26584
507.94543	522.2386
502.71622	512.74194
493.49536	488.79272
496.5882	504.3149
495.42267	486.03638
