319.261418800212 548.587474473073
598.561248724467 132.566650240311
576.527254838453 367.70806565784
391.910024269733 482.366331371364
592.311430317699 67.8783259110616
558.318427053275 749.961545478069
412.23316793355 206.054130353725
552.964227682319 546.230817205363
494.662866030333 325.879607856381
526.463688461341 469.238837243664
512.807292798947 504.355468275676
291.18415540743 677.387066430973
352.295780949078 489.754129756364
478.94486616953 355.21593651477
474.976816845905 348.308182714189
524.117466082315 675.570113492632
427.043198839588 622.20593825522
417.241707717178 513.52576683169
439.10839851462 472.794044733368
505.855539142546 807.109059973179
474.517159881078 459.908492826831
461.307754936633 789.490747521117
441.229286674527 710.877130707084
537.814216868185 603.390017200415
394.531931978656 908.284234529274
506.39290126025 636.88420770585
361.669521007225 559.017939908617
407.497365597029 374.698856755656
444.36424768334 383.921037147927
442.595524491748 715.613251070814
492.62626233163 817.481036723968
444.457261935982 493.805682430181
482.891283327589 572.80755184346
411.594561819084 714.858002427421
388.274750668306 271.344918558832
506.611212339354 515.171835886757
463.688346886324 509.450083964577
416.130184329312 358.932489194701
631.447789453225 647.579976534761
481.008207773348 501.160261119928
594.902505515959 719.311155513529
460.377197067681 317.917939006326
398.575527609881 449.79159337856
496.445403030295 211.069507535668
388.878485191858 581.607896745174
577.477712252882 782.093160027919
628.250921043294 416.111470060186
624.944628882609 493.173542985002
540.442737609224 740.157879854347
603.98726285571 605.029584530194
479.775230000675 109.304550647995
479.323936947762 539.294534469937
465.400580527743 487.096142132718
541.570355911419 221.562245068594
471.485863565955 676.218811961162
268.554930249808 573.426158695372
445.368227122142 556.471713836332
469.773973168242 663.086967763654
493.630672739881 540.936286324291
433.624328417841 690.631635266889
510.837412329888 413.759680389789
433.463586310783 705.098762035406
482.074157819104 731.696434758398
435.543268736934 580.882507565783
527.729681986084 541.294377436578
509.30496021543 536.693147474659
576.567274535009 290.962080917965
435.698151403145 856.141311062426
641.727595875245 655.834993415032
535.658525273243 694.118719738547
494.769895637888 412.033477334692
500.104418493978 641.642939277933
513.247634503084 239.511710669819
368.860518281752 487.482686799086
674.299695017072 259.149764226489
492.586995439815 734.342481989816
432.777016515384 936.911505367158
541.908414531827 632.894620459074
392.395200597857 502.587810273008
469.56617903788 394.37959444517
470.787052499186 438.563813965547
520.44720998498 260.863512545735
385.052414978985 386.088073916178
398.967648294902 388.896707780047
618.008621355982 531.795205262274
562.577813726878 862.452380994251
599.836114853442 666.601659352656
414.759261413151 370.931213806891
625.874986389529 897.854405237948
520.205010171521 402.077237124066
429.841161638649 310.945073075267
637.715180333293 750.932247021694
455.798316499095 539.007760834933
459.019975136695 658.273965347029
421.251745192286 609.278141483964
409.375046441953 488.649444698901
436.11812698405 637.360117603693
555.659308390009 617.754311574614
600.690031619542 733.779985164455
654.098249158383 415.600406377318
