479.117306533487 236.626773517806
445.252913345524 668.896714479714
441.394698572572 524.493249901888
473.970278735033 456.497939916097
480.787360269889 516.002423996839
463.098663576298 369.388924022558
614.254789948836 227.657539510829
600.357154111703 409.45717571983
484.668534686552 434.833779884151
633.135983273569 474.057606842302
561.529255783656 366.988426584642
427.841374561294 590.194608727582
583.691452332274 479.519105967511
600.034689208643 371.628896792526
446.553867669128 422.588117715555
454.81401752733 392.415281311253
580.960811162251 498.757501857823
484.5549879955 860.214397235118
597.434804108593 589.095270368371
436.101541363262 432.3169146035
672.737347922854 301.251463543017
633.260889996415 666.904827374597
365.220861480347 813.549568092536
475.088734764447 460.193756790919
512.815690841968 426.092166109743
605.85370056384 465.087198491479
643.981603111591 391.740797378369
686.193184339262 577.705055860089
461.039852228207 486.777151911818
386.523163699528 390.818079433798
311.533191531879 148.511527563077
470.95182032305 324.467678233979
529.284578372898 419.109597905841
519.41012550717 814.212672815238
561.534321552345 687.533946353993
455.42934545386 813.773858612606
503.988808590575 283.699442432905
429.430752749069 517.273005579202
503.053729222616 778.259414638423
613.256938943636 398.266296515689
546.00710290862 235.238639713807
363.08523062472 284.510853149553
385.50075418069 328.941584415734
620.633389978571 471.600282344299
521.78346301823 645.788711948112
438.203275849943 421.205683950743
343.836155083549 248.752262015823
506.275449663695 -99.6719292612575
436.630641890959 238.299283433664
537.45041399222 395.076533854496
465.171869668676 570.953465964136
563.540478391928 268.535779574905
596.839383137677 449.626461017247
510.792844386732 336.57942559404
428.852137373675 251.725866445866
513.760995884939 779.147875854496
460.033111604084 307.357196957355
520.821392460035 480.729830253892
552.861802174248 440.759494659221
548.237120080668 337.416896606463
523.639207092725 638.342973847683
615.682440295784 511.236922206756
517.669296971023 586.027737957496
543.943769240909 655.707648513677
616.228400109796 523.886614346868
542.608928186201 462.039260905314
533.602375632675 615.72620725377
492.456810365578 554.52058112685
507.712202940178 590.808357831093
431.148317402281 292.894770079238
462.128732918411 596.430205423476
575.799670788445 522.807098495039
457.311068977847 523.603167856008
408.700639813006 599.136739390247
610.988847746554 583.492002276347
478.302426484612 535.606606481982
628.497577302411 515.434855276765
581.044844010509 226.325994950953
565.406013332209 474.315832162546
650.692409465079 463.941217425656
450.924069951537 288.748991839111
636.268790370992 626.50182192159
437.708872735009 291.642067608627
544.180561023605 535.222866297314
483.593394626828 430.05895470461
656.540302104701 367.574008412522
598.162966857694 480.891885661821
392.077916320551 630.072671494655
549.453309510367 9.15220302691589
624.410394455516 549.135361621378
462.519986173463 488.667299153682
509.422190521358 371.722734373577
330.593960615608 310.935633872542
586.854425052041 814.024526643019
407.767538185909 476.545073142086
556.914165248392 442.288265774319
635.238043571799 508.343883683185
694.818647495606 823.719850111659
620.217260870559 418.065776672999
501.270015433131 477.41460824214
