483.462812675052 346.647213503952
375.364805994246 362.197351755654
600.027098831359 783.421316525988
525.118214536423 713.820403211757
424.835424489971 459.546695035593
495.116660820535 607.744635590885
562.733795878733 737.941041251613
667.568013416634 667.036899362518
531.320007839741 485.12745558052
653.94109746327 427.941714860652
466.055710555576 317.253193358912
408.012541881292 874.342703273853
614.01803245072 375.85141820346
468.959911714928 517.670349795288
673.151353074305 496.594969249956
310.603986859939 721.118924847493
576.028872319126 212.935074955843
536.107347716878 508.524010177199
420.619023773083 585.702980795308
359.96738170589 517.130756885351
458.224501796803 448.578029042798
545.341178033213 784.016285004652
534.797650871478 161.6521490373
516.651128033605 591.319425064718
369.80043761107 462.466953778848
513.307787624742 293.415762768033
382.963651784653 367.204472145523
414.893911403256 464.177601357962
570.072731832059 695.995873455241
486.922227393143 577.903214250147
623.677942280235 665.287313066282
512.101268306025 471.102727649186
519.510416098177 343.448933278633
570.635378408442 298.149646563022
474.852246327204 615.73578302167
534.380623898801 608.604681322849
461.149216414579 478.32994187036
630.197299917769 377.605724720416
449.412456756783 424.558686648146
601.181499397463 467.604909485389
555.153750059788 411.365180037081
515.071357377532 414.102839651265
488.687605611794 285.39617579061
526.841973414969 483.332231113962
465.419492208892 983.128781818777
518.906486541087 311.576676649726
452.865149351875 485.650634992453
610.090325628194 730.087433844168
311.389057946991 629.593396799439
442.757510037037 199.979696233162
602.982809607247 482.837547989612
433.368906729085 531.660563067097
458.40081142362 581.924394248866
515.965607038937 549.228092397949
547.315246312497 819.946645783857
576.629017728227 864.891052045519
576.097324713597 411.770980326386
565.866795884242 695.479777279707
599.314994231068 496.404439519297
458.278519671393 233.800793848254
446.97854886401 362.978500205826
550.544923920352 528.428330790961
585.044069473505 175.752011433706
525.432003543813 718.822703708949
408.259956865687 247.937054609329
479.895675333069 443.823619237134
580.674567091275 605.511874545238
382.365207918581 1034.84556016576
523.411076762675 668.156093834812
588.626829167182 389.538729666725
420.966743452136 383.154402766852
324.702669417019 369.759025184971
615.702855064673 384.123567914193
493.516820928585 306.548700768636
540.088261611912 300.522900035098
483.011622361487 444.605667384094
493.237025483411 567.981560586338
531.136062414818 593.80634572569
397.641753073844 581.365954008977
415.963749724419 482.920669454917
528.927992214984 694.1419133148
445.384006160524 475.056613149768
376.38294058371 507.71823719237
542.51121649283 531.759728978134
474.561859921887 470.016417224368
424.029691283583 658.323317323819
411.123938351242 437.003161396477
620.551182836946 485.688076604632
458.899666781778 410.455850465451
439.276758547697 557.270385752145
563.552111678852 672.076752772764
664.274975197265 670.899588260994
583.021338248917 397.391417296729
385.381576669628 353.863860541998
544.710836225169 543.447764820733
424.593299723469 347.958572419029
577.00333200081 664.184172734033
582.264280506158 678.648288495376
413.757823592737 142.132617019868
388.354078279798 717.420585045876
