554.840943080826 181.384986962577
595.500476284712 604.522863066381
507.493998538919 587.434647434301
378.509540946966 583.970040426381
647.95432068638 622.049701842298
299.52896214065 677.554143055887
537.640304683214 471.348019856433
680.232227389323 622.748710081669
746.713324993661 522.352079950927
517.561777289025 479.286153220798
334.984649855265 554.090095135286
483.427873326617 725.402778471231
728.743363528967 270.273930656283
523.979942292466 418.978033292258
642.200472505346 595.069621421228
472.395407476334 901.417943729338
493.616167478497 292.949912195299
447.271518665069 393.465343871108
544.073357455474 534.837447105307
480.488655071484 396.74880296708
524.166371881302 454.018915083286
523.57453234963 666.471237504959
579.68375283835 726.59771754205
519.239347480714 608.882853986512
503.746816326397 580.447701380666
551.292330238124 593.882681060131
334.954117218657 428.472072395991
448.841406195368 308.74040036931
339.184932191545 592.946017166251
411.513630901429 491.654261960569
713.964185329469 557.090955188843
608.805620858568 119.002608003057
587.600265568007 486.153265156561
378.94466008823 317.110734563218
656.657239482002 512.218207427722
617.146461121343 468.600399733207
267.126373329393 649.66358966654
650.718563416174 595.482121533005
318.135003921124 457.46213590847
531.067997348918 328.33214406416
566.790876911999 273.090065861167
383.602990440324 365.86265019376
456.318767850205 548.236913784388
488.767488055042 216.394835178158
469.195438105911 623.107571935527
588.346124679363 428.866323582957
393.356883367515 727.616960714044
384.921774837426 499.581697763292
435.07458782382 445.308237195151
516.640646337201 530.281110576174
332.132792228167 453.669887257444
546.283591732508 206.847760489258
422.312708488821 514.263334958135
515.375880061594 698.837451372489
463.17405934416 577.882075729598
513.675302083381 714.365146187687
475.147894281326 458.284812012213
588.911037818542 470.872556094628
489.822027011963 615.781733263719
484.750857719807 561.43432597699
508.762949073272 660.978617124396
470.913762301905 454.17858621275
546.432198702793 339.373074326696
566.630913165314 772.707412550125
569.511268321375 967.601083369566
505.125087811595 354.919534409169
490.618569777134 590.453547863542
258.903901095795 359.526892092647
565.954174408294 681.701069836869
485.906881743029 356.917364322474
480.465851894433 584.326628906874
357.168905291594 291.60815888388
511.657583528564 509.417677333048
322.606806289122 483.108500891221
519.171118609629 76.953283167057
472.649341844583 334.033927833871
568.445422696892 374.730061231508
511.733400310934 396.172922984751
553.894218615302 422.85406120676
314.982824261689 732.95095742738
558.907536769721 347.944964937182
604.664750690508 452.695383013375
590.674228201873 270.892356932127
380.499333395852 568.129388893548
508.255196625634 641.531910473883
469.771061436675 701.904378182274
381.681243806028 591.537999885334
426.070187373225 448.777700348773
463.665449682799 556.891497639263
449.489571936766 493.605822492572
671.276573417433 324.415424523319
440.503494805662 522.195774976854
506.363413303191 477.296456691455
421.285336273955 611.90064753295
552.584967554899 699.971138482315
504.03639505213 555.12124536103
402.541874088914 424.272769202679
529.189540239148 558.181872264888
648.904449503026 566.229045422755
521.349552113985 799.167878533531
