594.891500477134 693.907378171775
524.157379007925 470.403976703791
600.202583001087 429.141040896569
447.971036292787 810.287249138871
406.551250310113 370.333749241448
561.553482835288 438.978968005406
440.585901787637 636.817248498074
565.590086270846 528.99189793004
462.362387070223 914.661181796668
440.553172751585 631.029054378269
474.165416497013 643.532557338323
576.587171735393 565.360466619115
444.564415458447 566.018072567829
676.572033471377 254.048371829671
579.695329044514 453.019166720429
372.013301360038 751.970259436
404.928131423 335.194704947053
598.357604601791 390.140340995135
585.735570795652 197.858165518377
437.00662559325 782.909637128826
347.324066890664 382.631096261736
606.47645937056 298.946757848479
453.48244843351 618.481421083031
394.434486226066 746.683976799608
561.217263898538 636.096297855031
546.67760387683 926.489175435919
431.423998028417 428.315500860567
442.861279435528 687.992556270515
553.403986633298 884.901925593359
485.993637933791 272.796892402275
605.889627804054 752.141605599765
544.945244302804 299.852919749529
522.748663791575 322.08396634735
421.163643418973 469.098647046997
320.60675311538 439.152938048145
480.765270536338 640.56349796267
609.491681721089 623.977205293193
511.968449041328 505.841803068389
685.377692227017 581.153847870537
458.722845485577 626.98316205567
552.104850811791 522.020264261807
447.219812809638 316.88628102456
497.079042100662 540.988530078967
637.709348561287 501.218454400407
605.872098728467 623.232686588632
507.2726864134 667.084126190605
607.251192317868 506.704230590731
558.410121244559 543.064370306085
524.603999583346 278.566149514752
447.619056229969 537.681914083301
523.03633192355 304.703222800485
367.930742249686 542.882551852517
572.444965973405 464.442127789799
578.483581439761 341.102199953775
494.52230780479 620.023834487617
601.425916749095 220.857725814494
506.731895065854 349.755109498422
557.839398146259 688.938693257766
473.608814492586 520.381480439995
513.042387048264 476.906701215746
454.367500333835 637.731420259409
374.768983295378 333.594144936227
575.897328557933 759.15586349241
467.708149493172 440.557121507495
513.71041431089 234.959414113421
538.811897176253 465.742817472525
649.986363790181 777.325113433007
575.686113303897 22.2823496501524
547.205633519399 452.819594565719
566.750315094556 475.331263863269
505.873106498821 340.877853206037
478.018012110329 421.175021425672
562.164587592226 186.900387274466
391.125584561677 621.044190868958
717.715205176446 436.659824875604
601.861144627936 737.643022682845
420.437806730397 620.83725316158
620.435236192369 258.108619754038
401.922287198931 559.442708994707
416.231579360784 370.301924947531
559.367841271027 555.819291145729
598.387304342563 271.160529052659
499.577751622853 236.060656198612
555.510339633324 583.015547962573
344.87631028019 596.792553530593
467.878836680952 431.426738036653
454.55750859475 405.501259416458
512.265387019888 378.262891385559
421.184603782669 448.18396971124
522.871696560643 560.387956075067
538.836327337778 326.260146501535
460.598549148885 644.737172174306
407.414242297334 543.497118853565
476.509106579656 519.441701746409
442.911393785395 591.380383888435
429.56905603397 453.24728027836
518.354475563948 511.201103335449
533.93869007562 514.898981786497
415.27992558983 326.071654236363
581.836880760872 440.988665477222
