603.060979519005 428.069580253212
597.808238974369 500.677632642923
371.21733581656 620.452995784466
344.297792020416 286.165442568247
597.06143424736 207.421547105854
495.515875025535 401.902052073583
635.014243092696 666.2739370531
549.3852760416 541.94985707358
488.90104752893 578.805854993181
599.029937301253 409.292167561476
398.256011554435 370.378171302333
438.535915676472 323.591403791354
474.33674024393 540.968680578211
392.139386250133 786.501326053378
588.479193595173 454.242016110818
539.818920893714 520.133842331784
390.60517576896 458.753921531
580.801122080818 507.537098460653
388.945957096483 637.923651980675
469.423718531624 223.892372779778
446.771854636877 594.933255539736
538.983312105862 461.660694212176
604.412712810188 497.839382771858
430.381130148586 323.313547510114
508.783101336547 510.829160388978
436.85909778567 596.891315230763
446.750925518906 373.739794957579
473.707646437798 588.025278379702
489.619097174178 327.8371168031
513.287925835581 586.048977316083
434.788314603402 330.524346773782
410.159443469903 582.845499162652
487.346605000193 457.218611518262
623.661316753203 518.932745218576
442.328049390105 412.741337475461
445.859145582076 506.529396940082
494.854670521815 314.197220219733
514.17126132953 343.969553720993
582.388532896328 307.647830413869
566.182460056886 632.494361658498
491.980461571932 538.538676465892
572.020985052655 569.197896643429
654.44328715969 604.421318608414
600.781470090828 354.55882664143
299.466023854719 378.987032017461
670.253793642939 255.101026105031
587.746748451926 504.904979737549
459.05991639585 156.929636855854
477.997642606514 860.296719232837
603.515917859305 487.124050999856
384.354557784702 567.472204573389
601.448914080723 493.962292407846
567.095058213496 220.651528657599
539.099334452727 861.18666515378
455.683553560652 761.906254220751
640.624616295547 786.528306773054
467.83287328761 599.598638505471
619.513326479629 340.49259281479
417.314242122267 158.38026138088
372.778334262783 653.531478746476
460.917857885087 625.75555027513
478.730701966917 271.55161884284
427.82439136968 605.245638016101
460.289492474039 682.089104785452
609.578407138543 669.601137666235
590.157233196738 396.661501380029
490.726745924227 476.036469436714
475.131316771476 480.910243748373
387.306426540576 770.507107775742
500.791356122756 532.508126718093
452.809085894827 411.904949703862
677.917824924772 700.139686246455
416.942938548518 284.046341489947
477.592023758798 627.186890513138
549.03159087074 565.532181837896
634.815306544215 625.917104275845
411.79534383089 407.8232929081
333.499051676856 588.599387777807
557.957364073064 419.803561963087
380.189101121733 516.460965914184
409.025097690268 703.166763482943
558.998739501385 682.075954611502
534.831396783905 277.670333692222
554.650777833031 742.306139743316
448.67819900438 440.865860379636
503.091755802639 452.751899656241
529.401701920887 528.425436248644
597.29223074287 557.395801439244
578.559802207635 846.766082752574
524.885682338124 571.772466961747
510.408171976803 336.747441754935
393.109036387383 534.188903045425
387.766494915028 557.90872286042
551.961983876183 691.733842788896
460.846682607315 356.95729199951
479.009801005147 300.455188620412
692.303893311562 693.773262843701
544.297623704792 663.371550274939
450.940874868765 107.791942791759
342.374095845272 874.097018126416
