494.395134220676 258.202420103078
545.319120785772 159.583076637295
469.473560407649 200.62539523426
533.995637970392 639.453818688721
561.211883062589 493.514138032528
592.719700936457 606.015782081805
420.582094163865 571.819801366142
489.262196130068 563.261990660276
594.665869924039 646.82132229255
686.200252745969 488.155995033664
530.150321559104 513.265597357975
488.094768909678 318.966200293958
471.270500817078 495.462421605877
393.903350348918 403.256534918707
591.116994517882 515.028598736295
444.782282026073 731.673438824221
487.50231577873 613.884251105736
481.055911064844 350.729637526118
626.147677543198 488.733167120203
556.465313168672 502.126969162063
546.428843354809 696.240199293577
601.694894903793 542.94687187426
481.133223739863 347.106650478269
608.156765682005 430.468889381293
413.060246141661 476.061531579746
643.44119652061 365.633394616579
475.987197503916 457.176633585167
441.988355223184 693.466255628729
520.0270248629 220.736573065953
604.400653616553 381.305919915832
426.608881334754 566.915427695966
491.469533633429 434.490007014392
646.942418546698 637.032266962776
447.233031036533 743.286280112029
528.720879599987 721.669774700904
482.194322313099 631.032418957646
410.921752845565 770.382978518459
434.150871343092 363.328214467803
347.363123333859 432.550116315303
550.00727838686 494.066430703593
324.296501250527 654.097041984192
388.64989520325 527.401961624896
583.741123079099 419.303300854787
587.581405862005 537.270977918835
493.290654773454 623.64458495045
438.154191924097 483.048795460623
330.358465529598 294.122783201273
438.372130443437 616.504171310026
472.111557854626 348.971922417601
446.429451704677 703.028173077073
548.420947649893 240.910814948431
500.558860860935 887.150507757073
393.122437315564 353.394057286174
523.598120918865 389.203059217601
521.016647442717 615.425730037845
513.052525188637 671.754430918561
501.146404029181 653.148610541434
311.961589957791 685.736008711896
474.864320979364 345.833348530349
607.674071405429 359.157264145466
475.540374995023 541.484910733544
280.44158181215 776.751004486951
561.844406041697 374.185581062126
490.10057881858 490.248241659767
462.63608314299 344.426024379582
553.547181822524 446.057247370028
459.981044742441 442.868399108539
492.834217361862 394.459837066137
577.502656427016 494.995980546505
437.819810578187 556.534124841188
564.366354229694 619.048019064433
340.043964889048 667.473897158202
531.421295935352 459.414629567646
384.230632820194 379.126116841346
536.164885449034 383.086011539685
503.387390419853 510.128136164027
408.149783514887 476.449211256907
573.284152264123 729.255191815234
576.607574168421 272.650090024473
415.871139693616 581.956597645856
439.027677654021 551.915875358653
402.526640518833 337.121049762291
575.130243758918 368.897889589251
558.315240896829 575.109315223259
264.086800878234 540.821513402098
524.62104588107 428.055734369514
516.09315217389 744.667373623765
699.942845207707 586.910126445471
519.112171611173 565.868727233015
450.954583239481 510.516788890821
509.970220334558 832.522585797868
555.379830824124 661.866241230038
495.779940673829 476.042164951906
496.957377455703 406.753125206397
608.496103809349 361.898768262159
265.972248804812 385.973840119158
401.29885202486 377.978115956176
620.363292018384 491.44218030747
377.544334696072 187.409566117076
533.362902968452 354.43610870832
