404.665133184638 514.087434841708
551.188054186107 196.070247136954
427.729880170985 439.584346783767
527.856931219822 792.150925644083
562.719853125969 570.110244219593
504.962053066546 458.968144206743
599.007996880416 515.503307406149
416.887449856961 535.478497174332
461.82288091512 695.990098588999
520.658481257436 524.679852830072
455.582450425664 551.650359980163
553.97774151898 272.489148397021
368.495676115664 603.740438194463
498.247906344606 692.180840086606
473.10322509222 506.573072762781
515.035335926008 402.381094162926
418.523020965218 538.184874191943
497.191133617273 370.580404993616
467.25462846147 575.580896163004
527.611378062419 578.341086061754
414.275986697381 350.851547729803
248.144261479699 423.514457265635
503.883347678901 547.541610059135
509.264266480105 159.719436789527
369.394475905323 483.287496137932
462.163564216595 304.334195146579
418.832789040628 497.162342125052
539.908924190606 271.809516266689
525.867809555055 407.588560815223
451.014512181486 666.581934477223
473.151905027494 591.300196638343
444.926845355786 741.144065016196
593.003947568018 528.687757838016
438.394537669499 247.571254057912
610.663080652522 308.875966952579
557.943126248317 343.772372954525
531.479146240874 815.809869535001
681.532356468753 629.927102542372
547.517252177193 602.67288469362
637.571092446898 764.545848833737
585.176137156183 273.174831024403
470.774467367845 219.911509001381
507.956238436189 374.151467187795
562.050553076768 578.015964621087
670.956965497281 562.659902801294
518.634859025293 419.195256878312
528.250582235077 707.229905599024
496.839500091296 428.657612805591
488.982031655236 491.360573471521
454.889400359788 493.35560022585
408.601998267798 541.938892529453
361.613934715581 203.00447227537
536.140581537856 444.839435472849
457.772189986035 849.198433598453
548.852256324311 560.855913182145
469.184113729382 573.147257402962
337.616415724888 227.10532458623
436.545123877785 449.37395157191
536.085920383914 293.903222855066
465.413827137131 271.496487259276
490.355352484058 298.318852610811
450.255673888129 373.066180710365
318.911632617856 269.547727225327
474.996814179161 517.556434310642
422.349014306222 481.800764862831
417.378610563005 597.438502444453
514.4386700872 284.469122484685
513.384739367311 710.572360379833
376.457097541723 558.639705312069
363.374318449115 365.335855421653
546.131450653694 465.184345872412
556.771740130274 733.763157499984
425.340420949597 427.55611500958
482.333335480004 497.081439732126
475.177736408194 354.221493796814
469.124762517655 513.826407725166
435.925326894026 440.461138648528
466.70272941902 495.299239704153
503.390517075973 154.813489696511
506.600038184793 50.8792633933113
390.745516990166 564.05458766219
643.604094259047 445.781480181175
513.958661289997 647.046776564173
651.592657599838 806.480607510482
356.158995036204 924.835036350075
518.609006436193 617.864006589822
467.781929845091 847.508889029921
363.296886825799 240.076227531637
555.963485577322 813.880648632179
522.243715411983 902.858756324622
483.170571962724 441.074192833183
360.979604418835 613.457649700029
423.811544636859 467.615154973212
316.179850462861 175.478366148138
562.075604190798 372.637642528425
618.614595297075 282.224142166192
460.384633868368 621.201471602938
412.669214131949 223.500926570426
452.631541218587 425.156512952285
350.600559349199 246.48462674196
