529.180474615267 462.507625934531
510.6289322406 427.505184934401
545.546928931588 339.043862977882
500.068333239781 188.782455791334
488.278444993336 276.497006311175
528.473499730263 377.609970414991
427.708929973341 207.966989286342
404.396533847085 584.745561540989
537.052908492278 752.439799848742
473.393178247472 242.778010483646
587.4299574211 515.782242307198
622.200820380958 373.584631383681
505.617242037374 348.415697736904
553.24672028423 255.123283415032
552.148167319949 480.434454445779
546.094218051664 715.15598859748
475.680280143467 571.255096430208
455.645364059834 511.880385115982
324.904497987316 531.144322739159
421.192247776318 669.692808635422
581.473522115774 793.596417842029
538.308177275726 514.848021413682
539.323155993644 -32.6495541580026
573.743248557199 524.125433443505
427.906947661221 576.318860046732
674.78953733789 661.895903807996
466.987107156318 732.055770613663
476.794058031042 668.607012703086
371.931397184507 213.216990440729
447.406778488119 341.229099157131
446.154222196611 470.884121468715
591.549505581486 343.863010441622
530.601199773116 601.634076246941
536.058195901402 575.026198067699
494.185332654317 447.506355261916
454.427511473399 201.455156076935
573.068257443458 294.05415158643
471.585807202685 682.485838672214
395.91765011981 674.611842720252
498.493042659432 331.632385807288
388.861281273251 583.542113843045
498.163779460033 160.172307635827
238.306167106844 356.755518092126
379.315090351339 507.593013539334
383.776358676572 626.102949722962
617.63707865369 576.069082705555
449.565510528859 776.953386975235
522.215636319826 401.061032065809
394.579294317724 523.933755594182
476.280219907689 407.356898975743
399.942829434172 142.819985240093
390.95544219199 609.832899523307
626.10971658549 620.236208772168
462.651788644805 552.586684459103
429.268820505393 381.0738106472
516.092756424162 458.726933020487
563.528395607967 525.766185410316
399.23153023622 491.393914664533
513.116965658675 317.771042807762
468.888803944853 204.687459669086
596.607507469389 798.69778435808
448.106699647748 290.260507173746
706.138539065852 237.292881103385
544.688852243881 725.035176337152
532.1678905279 488.465572877186
549.045464694268 544.549233174465
615.495032610937 579.903907382357
640.34138577806 547.60722150144
484.27679001426 438.503973811965
607.292032923907 729.632688580479
514.494288988866 518.986058707319
518.44877086132 402.846714379607
475.336197394337 513.372801044002
559.621445544806 95.3962629124454
519.894338233267 596.472933650575
424.081190352101 931.434297812319
585.864150159819 549.4425432728
522.473906829458 562.019784267877
362.298840900632 470.883236051757
486.808309071297 542.860830937014
502.949457864758 575.000361033595
469.447924030299 509.105358395628
534.602488497335 396.106897427547
511.293016649818 224.431108110561
505.896281651539 221.504928673975
464.164402626184 452.735146033668
455.772116257078 904.747205073619
434.199584188426 608.019308181577
578.06556490651 615.493733733202
593.77484417598 351.9737355371
446.906633178535 380.243556312007
560.511218832637 736.169514800628
530.064823197332 678.873530386569
405.547035758828 643.835010603812
384.814448561041 453.181665386296
406.218542724632 486.063986574897
625.789429783861 441.054331901674
491.862061706269 853.934182005375
516.554803164441 620.421746285858
481.863208286041 862.073212749747
