507.692334085456 585.060303694013
409.312342944713 453.242400532983
439.076642234759 754.781698587967
492.626813585616 570.782542142109
526.803369453394 618.463486751371
443.413261518373 966.920252739491
537.331261669683 502.981360915135
396.605838293327 555.146771878238
420.907207731001 527.440021576362
421.395489435427 637.017474529908
659.435750459933 436.882352861423
440.080737770787 676.251040237186
384.976820127615 492.204963560884
411.35998532801 438.485339604125
495.952780486145 706.990704746139
416.805710356271 733.679626744338
417.776633947165 345.205631007626
356.512766781162 435.519547430435
675.030570117673 670.842623463393
362.808719770051 448.315318896919
621.274882371017 796.185392876228
488.473079833683 271.498386741803
600.213356225356 715.114929263038
639.912029571534 342.172795548688
594.984760700543 415.736115625618
375.035121928627 468.884440553746
495.383931760659 295.185766508404
593.66959240763 269.89726593862
511.964622859401 458.811718617746
479.240444065503 611.71378518405
503.81909019873 629.578420434929
549.366159224649 671.936635832355
517.76512812161 382.009298020521
628.822691605265 377.589358057552
610.224117775355 407.022620335974
534.919750702412 624.238404785887
468.821102927156 454.970373493546
559.422409317935 262.130927488401
387.92800238501 408.225041391114
408.463607277375 514.484089892192
414.797430888658 377.340298758612
417.915337096059 522.157757984627
616.059518086344 357.638944489188
702.455432912053 671.424571416915
479.217515328501 289.003416829245
329.697273121264 527.712431591125
552.212480182873 527.820142789074
552.719695894082 796.678563779118
494.888314710326 370.869197899111
511.966326082862 574.679439796099
470.693452273902 572.031726366634
578.320938021039 345.97834190869
538.539006524477 515.447786477102
351.879107462088 422.923433914379
489.570927774649 641.967295391734
457.74031125456 353.11570373649
370.123326036637 316.943282235066
504.076674870033 727.507767378034
540.330405657998 492.521176973652
509.195889004982 516.222024762083
528.148193464625 415.614825395013
567.467548800182 177.959918051638
492.577099802679 611.986385591987
503.028781402875 470.265237521317
630.3225251703 468.68053408239
526.011020755008 603.268614684038
554.678447478319 292.537069605342
461.999693165039 455.173609981675
606.790878244892 456.252800570865
427.906839985193 209.912508854467
448.925093317456 203.85856957245
574.925602220384 691.875787648332
629.684817971004 832.381660846008
616.050992860532 636.308279896191
475.277746707611 436.2152487932
509.298354460231 802.192670965124
394.362411314516 319.946213518196
545.122119094459 382.976287670451
587.841493597684 357.13364715716
574.250513614586 472.162334463926
474.504065492929 542.598885191321
585.151524676374 839.85667319498
461.212887338465 170.0165551616
627.511471279562 646.539716195305
450.323291042135 721.334810785966
428.535703882884 879.566794749789
483.269599866565 541.319856920408
562.677455342402 511.841992390138
573.31700532201 359.253810169878
414.058642699102 569.603233717278
471.648081702656 550.154498180812
438.629947596231 702.090204966817
317.6556508265 355.362588007541
555.912595698394 430.682997474699
510.248362377009 289.283457217441
424.657005041779 407.620342554418
621.852102822183 584.421191425598
580.79406100162 423.846383208089
601.736848197866 469.528689577358
542.027269830956 477.534548563225
