500.886036027106 500.614930321755
499.953321133822 498.091650116987
500.266541496154 501.92163431625
501.33709348115 500.630439288235
501.064938168117 500.659652255858
499.506045814753 499.575794184994
500.374405319302 498.391346311568
498.825111652387 500.280143986625
501.047285126382 499.564181188014
500.515518603162 500.470130727272
499.543666431576 500.37843151152
498.438796373077 498.666519156658
500.911176929042 500.395912762393
499.587847509714 499.873011690568
499.322415729087 499.471077758191
499.344142906166 500.009663009184
499.626404858021 501.447796633249
499.863919731635 499.437941601584
497.199206861307 499.773011027904
499.155191094897 500.282763432083
499.832664866935 500.307329300512
499.383476416086 499.860696261045
500.217279546563 499.483377131146
499.705586541657 498.927177780111
498.136719550457 497.979532208745
498.540730455815 500.674862062118
498.921295845553 499.048509081313
501.600290456815 502.874033614247
500.430537495396 499.782099291721
500.217396765894 500.01123748486
497.962566522166 500.841602467284
500.082879847474 500.239837495532
500.860947388094 500.107696339279
501.023537309462 500.120167260643
499.390556530836 502.685913765668
499.432648320155 499.473824214958
498.803018099227 499.695678156332
500.112174038356 499.116285996101
498.626625219956 500.488003021321
498.132642368701 500.298774700616
498.200329541196 499.916075963694
499.292285372674 499.741236971426
501.202944724901 499.233544032323
500.170650511177 500.551404768461
498.86851271039 498.716435057968
498.379062971483 499.696508409593
497.943404750556 499.199356101316
499.861146382614 500.758879167396
497.571160653638 499.902275136516
499.115733727398 499.12719009246
500.212124994124 498.439757116303
499.046279582413 499.552733551322
500.497929131295 500.732659779581
500.889896457017 500.080560199633
499.217434430602 500.914127078993
500.646574750525 499.701638532215
500.830570264557 500.666766627473
501.338038755559 500.020139861533
498.933021077262 501.109891180403
500.061793403632 500.359901396657
499.478800825337 500.372499919839
499.777977050407 499.227112072252
499.706669849732 500.08182212487
498.065990400353 500.512871044467
500.468228730484 499.835465280888
499.988396736712 500.357776393868
501.379005250411 498.14371608443
499.646249979345 499.41309887077
499.535011957741 499.742093290476
501.729641757039 499.192916740412
500.561081321479 498.890834462049
499.489000919824 499.48956909052
499.822840000241 497.201400510124
500.982064906381 500.535842399082
499.692480651542 499.73113830108
500.605202152442 502.548830903445
499.452463015482 500.120006431019
499.732746335653 499.936894407536
499.518958687691 498.325451012086
501.873570691793 499.16035985005
500.428184179097 499.428451639375
500.678280743438 498.779637253236
501.64780547307 499.901254405774
499.700983315044 499.614230137104
501.288145358197 500.976211038311
500.417432318098 500.442486320348
499.705803020932 499.553790110898
500.642240921932 500.266290746662
500.1169871246 499.644801969141
500.511280760223 500.009865984479
500.213183075326 500.155898602087
498.832314117956 499.797787464759
499.327672152617 501.227556454436
499.554567104203 500.778255936842
500.44311447023 500.637985996877
499.509389289901 500.379588945941
498.900397929508 498.698173537062
499.669635548755 499.568236339171
499.307161476163 500.049183418291
499.265292199722 500.694018929242
