500.231409480038 500.486445280586
500.448354939726 499.592808856893
499.694549992225 499.655873933387
501.393634140651 499.522753646183
500.05036902076 499.554137290283
500.430301555088 499.526091353125
500.797228242931 500.177775809958
499.73830899544 499.139629642273
500.460491173952 499.171705236922
500.96919613475 500.188129497257
500.14924151853 499.709373528286
500.394685010558 500.403047835118
500.549940430778 499.788024359592
498.47637735348 498.488668806555
500.822653720754 499.554704270884
501.437990534994 500.343838690358
500.270263604832 499.973053835895
500.145271565086 499.550054647811
498.8388319942 500.027465101367
499.202884991414 499.658529758783
498.324548607489 500.489997183375
499.69734058382 499.238443418642
498.376800137198 501.317334842292
502.042978516058 500.704447880243
498.894077603745 498.10631442574
500.479699613062 499.716519033761
499.884630487358 498.620117298957
501.278620773105 499.575240300267
499.688088879382 499.588699006973
500.389549645492 502.809310834556
498.487187482396 499.57447314126
500.419261329849 498.369044889414
500.596180157973 500.186783826854
500.785595241876 501.499886914345
499.996930746636 499.314526751582
500.879053325738 498.294362877032
500.022428980446 500.503185055543
499.705214747886 497.322151256784
498.867378128852 500.998455615499
501.163057324315 500.516715686976
500.427555264648 501.45804939814
498.846829338809 500.158567641921
501.852772470704 498.511863119472
500.589234027043 501.285386556777
499.436275136674 501.677417323279
499.203187000283 499.217168770882
501.160647974535 498.833705541833
500.029406930066 502.073206419912
499.076750641179 500.600004816831
501.123918588534 498.785114427756
500.088840670727 501.939162550329
499.634021348276 498.483892950527
499.585478451765 500.826467540129
501.432977231301 499.973604373742
499.843801688193 499.445216507112
499.633992402235 500.293487435924
500.688794544394 499.725079972255
499.400185500901 500.079892554017
502.30839307839 500.028575067062
500.016035867209 499.407008852205
500.016003348963 499.783117438378
499.516244454871 499.39309867218
501.462166678797 500.636079220566
500.209774199788 502.311929979099
500.974447514249 501.840098571194
500.166125487906 499.479643980422
498.172508260595 502.406764309825
500.154848531599 499.215651199589
498.535451611529 498.699538641108
501.915014798689 500.099785984352
499.615343775529 497.983528717697
501.06556089002 499.889587365038
501.809809030175 499.899920856614
500.112116106839 500.953032769137
499.798789087292 500.094876104782
498.879200300223 501.503941340712
501.024791640703 498.455625939279
500.362024135632 501.229870546251
499.462847103702 498.968225733719
499.692442582763 501.561042116554
500.428642472793 499.339667736546
501.950373023908 500.514028934371
499.918419730927 499.675650822857
500.857205790536 499.551771492622
500.357439552835 499.440567152137
500.244191262533 499.257925269356
501.487141557323 500.699108547839
498.905396318339 498.970804224492
498.904508191168 500.523502461446
499.2724918501 499.097773088343
500.349597978999 499.277659822985
498.799162886792 500.19265785921
500.032949797754 500.03738491625
500.633004297319 500.017774363198
499.215729640068 501.069880518397
499.716806411099 499.695220778685
500.527825005005 499.944923770803
501.860397114655 499.202171976276
499.650465532259 501.06651277175
499.489025274125 499.941692473547
