500.018656292522 499.369811346256
501.047619269449 498.911453200027
499.641343431186 500.825294930651
500.755892490737 500.583695841357
499.649320992859 499.040703014241
498.741330177465 499.956494197839
498.0432612178 501.476881818414
501.260655622456 500.036111494029
500.619922448512 498.226988849642
498.780920949804 501.266323468157
500.452237069186 500.618258759213
499.670695106065 499.450468160666
499.840780168995 499.462574459786
497.807529762982 501.295208268901
499.825827493229 500.103633933849
500.98819732786 499.756887429951
500.882958980829 499.865480489473
500.215026255971 499.59398836226
499.402691412139 500.536544241066
499.392152616788 498.393845403193
499.733476804818 499.379936463044
501.830384345411 501.024432223083
498.704078701895 499.54135380069
501.173947094362 498.978619989956
500.314449569686 502.367253900529
498.610107661673 499.470189150531
500.149657323786 501.310809143443
501.622689961321 500.83768535051
500.676254767014 499.804764864127
500.399813361855 500.554680230946
498.762297290393 498.221866362149
499.593128663499 500.923513634823
500.887509779608 499.95239727654
501.498121698442 501.745191620448
500.39973088119 500.35793738232
501.337745953706 499.115363165868
499.444917366241 499.284572791262
500.362382902329 500.955505918834
500.381227888038 500.183314890864
498.633991085548 500.500916384922
498.90454504023 498.199875713292
499.972043721672 499.636534228879
501.160888586939 498.690023207855
498.00638459628 499.17803544359
498.736463329561 499.422148118905
500.876061443796 500.252135511757
499.220726788603 501.159590114673
499.600674000241 500.496216776327
498.698731246834 498.866158364909
500.079530309894 498.710173237021
499.31752658778 501.339278729873
501.480707517915 499.540873457332
499.50704547743 499.666706337483
499.287521003362 500.17017334221
500.480395706255 501.235430448074
498.946273250776 499.035623028282
499.499760166803 500.189726863425
500.925732249885 500.189267998296
500.166332198405 499.475041805279
498.748541239751 498.383267884018
498.555102431966 498.355313175578
500.491913664568 500.141282927814
499.167413902783 501.170132485895
499.818437765823 501.060937557056
501.344011173805 501.005583575791
498.600837876979 499.543748878495
500.841482738866 498.658365713246
499.990394283032 498.355232604756
499.159965235172 501.016181849117
499.688173581497 497.891381264512
500.173219173228 498.782343815561
499.917824793955 500.193134845869
500.039438415474 499.201466110552
500.034209055503 500.184447820603
501.370247281723 499.879826727593
500.922321691646 500.323401236461
498.104275813415 500.598942910277
501.351518376757 500.40773385318
499.3281571243 499.600567082719
499.60531276113 499.180810750792
498.444081719531 500.309336174646
500.074061554151 500.158178687827
501.756261642749 499.801032424881
500.002561026312 499.277690842138
500.432771007633 500.017087907711
499.291148233502 498.998355270953
499.398587736366 501.397411149563
499.473801112048 500.883931297472
498.854872733281 497.62131539372
499.353036054832 501.255250905557
500.303428235284 500.524513324323
498.684544120952 502.071041169764
500.54800356456 498.691493534596
499.041939658004 499.423764570334
500.14165315683 499.368419660053
500.510324787201 499.766383677584
501.881537386077 497.417676579415
500.660665408831 498.208149453449
500.764599419921 498.948142556416
499.709704547485 501.02313158758
