497.597121932194 500.932373312168
499.333243906128 499.675098046737
498.605116548026 499.783685664875
498.756089495601 500.184501730845
500.686252519532 497.812751761695
501.545077036583 501.149223538126
499.139846173682 500.142938247304
501.132370777635 502.44428860521
500.467867073817 500.375583989432
500.077969874898 499.142529981006
499.156605640589 501.065052350214
499.353120744563 499.642337395684
499.7199837584 499.947991560775
500.301568187748 499.139369414696
499.524490921118 499.372139818346
499.50999311577 501.955119794168
499.078362809956 500.046739733642
499.805891286113 499.517720262012
499.905620230144 499.530170452749
501.14594008143 501.689726855484
500.580700225398 500.717215492779
497.784081413944 500.671168212441
500.324302345568 501.149827004402
502.413423976094 498.906623654769
499.865167581595 498.832384848627
498.627598852289 500.415026348906
499.059991113802 498.431897656218
498.648498255339 501.548446710193
500.418272647224 498.620285139352
500.937364744345 499.324341776301
498.085074471609 499.900960764067
500.45707207512 501.112435226426
499.850897144467 499.179687530883
499.957166501875 499.871793587575
500.186546150033 498.862822979232
499.380015309718 500.283818389207
499.800265120468 499.362763037891
497.904064036286 501.361584308541
500.049891860648 501.37081614568
500.333314153234 499.042651283953
501.030650624118 500.559793430524
499.81777008121 501.356895506965
498.556139599585 499.302905222036
500.342000081219 499.443823178096
497.392437484332 501.092431969082
500.623942608502 498.332499470992
499.78942768823 500.565283253161
498.906198116292 499.948421822215
500.975548152693 498.797319705885
499.578000201979 502.049986104251
500.690103339983 501.407002037912
498.273164089775 500.075328549483
499.650839551136 501.366244474911
502.712476770755 498.781431635478
500.588827199464 500.323133805293
499.686847438554 499.143462328377
500.747591308816 500.485870974007
499.877045483962 499.446544574028
499.31258936776 500.178083865724
499.36418509059 500.37740843328
500.817865053517 500.729321402345
500.079764422645 498.953314475059
502.477698504064 498.90453898477
500.187292216624 500.08280512528
500.372189100718 501.156183651448
498.666665428452 499.882562635026
498.672720405821 499.884421034119
500.487214109282 499.109382192004
500.928044536636 498.93331521071
498.935929359103 498.796063962332
498.943388487144 499.704826811634
500.065128041622 500.503994674357
498.268620244271 501.152438106245
500.66526340155 500.781801727719
499.05659383841 498.957298900369
501.929760467216 499.997116065716
499.043482668827 499.649704417501
498.174366025499 500.62720613062
499.597803180419 501.318848711468
499.840303845128 499.936876890197
499.737318476023 500.498750696902
498.390779257526 500.206545842186
498.85199434434 502.221725852773
499.732236595514 499.829558108787
499.825897001214 500.678160537207
499.834526049395 499.810658469555
500.181906496277 498.760987282599
501.038546274983 500.390244158152
499.501152973922 500.665108912504
501.572295167328 499.427551093379
500.793332908569 501.253729899353
501.271436237244 500.222581807579
500.387439478284 499.898942635381
501.295093579168 501.189692068129
499.803800094672 500.978211179591
499.528081788407 499.136215263499
500.141492950649 501.51107984667
500.317141147558 500.500277416237
499.928321102714 500.921555087708
498.787998449923 500.052969336272
