499.885240237628 501.467340012286
498.399275505563 500.142454968942
498.444487959841 499.744051979692
499.78748637736 500.945918365698
499.029201158573 498.296061068488
500.773544169842 497.920224794009
500.27761117537 499.679748438469
498.704702896848 500.519967137591
499.50976080486 498.842129786621
499.08564940881 499.205736432205
499.790376291817 499.253950358559
500.078946112796 501.144233655142
500.766799511542 499.013386436029
499.933343701289 500.585599161992
500.897875311204 502.228160853313
499.311387589258 498.94669779713
501.325008877675 499.236191257734
500.068122456643 498.641330957011
501.026890396448 499.595808794703
498.270212040972 500.459710776864
499.232255701107 501.490034570637
498.609245976655 499.429632871053
498.845263912573 500.05985272391
498.848620047007 500.900010391528
499.428512063605 499.433800060631
499.748306208178 501.163492946943
500.436973233087 498.977237948506
498.963074268573 499.478438796276
499.57132184837 501.058944818878
500.707255783183 498.720789037582
501.015968550058 501.930244187595
497.716645033664 499.971442233763
498.103771892374 499.17242692397
500.802822582337 499.181762906704
498.002780161532 499.165761825586
499.882743526032 498.236901727874
500.417258959208 498.486758947161
498.665642838734 499.179219441608
499.060445375385 499.949675888941
498.437398500788 499.747132516679
498.919872166609 498.165818534458
499.070475854676 499.611875469574
500.182228538862 501.037740372047
501.15017074197 499.13987689794
499.158622799346 499.91825355902
498.630928133523 500.358260446554
500.411477503018 498.537511501059
499.594943000146 501.225164502294
500.083011933162 500.413569671906
500.019075713243 500.537542116842
500.062136902625 500.121363376435
501.649558049504 501.870088105508
500.367174944214 500.715787353821
499.091992245882 500.587683019154
499.631191020242 499.044271597607
499.662123734889 497.840574204922
498.942979151631 500.58710133278
500.145229858639 498.791921868948
499.801065453118 498.534212189631
498.627102676059 497.808372687043
500.242621552806 500.090576705237
500.995692711896 500.236393493886
500.674748335816 499.005591424251
500.377572546331 500.600575164205
500.465272597343 499.709064987217
500.657334697467 500.556743970194
500.861406118277 500.680059812498
498.988726950295 499.830602517503
500.479842798809 499.914031359517
500.58601762467 500.541142778126
499.545070473845 499.447899589045
499.943108152502 501.631180643543
500.104595957746 500.601379381459
498.733967384639 499.474467022096
499.767578737679 498.511902194699
500.318955217869 501.301760916336
500.217473533443 500.828631362298
500.683166607343 500.023388946551
499.012160249985 499.782133215973
500.582128280061 499.637092660994
499.249488907887 499.292985578688
499.35066361194 498.975710661294
499.582048353792 499.62548645324
501.19486560889 498.68223789189
501.78135174148 498.892723812579
499.168882903895 498.722108757027
501.804642221572 499.142483002081
499.083911120589 500.987024570857
498.593366654716 499.884371657099
501.101872240054 499.039977503696
500.1015197673 498.348128040599
499.426349241945 501.314982189204
499.812407469589 500.174472381697
500.773347800813 499.739130458626
499.945737962972 497.23058132398
502.362264673112 499.792133029271
500.039706906477 500.073679511497
500.090210717514 500.21652892364
498.305487440058 500.17990540252
499.691645107197 501.47467455377
