501.182527501262 501.677961889481
500.302852373376 499.669289582585
499.250327788378 498.994002678626
499.54001903536 498.633981757944
499.44642523794 499.379172402495
501.097202280267 500.342590653987
500.331015185608 498.585217496791
500.288865516632 501.165989549094
501.822984497796 499.57000921694
499.313515660351 499.796059272642
500.62925867848 498.482122753785
499.359671322052 499.388638108175
501.435267651978 499.608795415641
500.577733658437 499.658959543281
498.615059948628 499.938920182859
499.232187438977 500.080165952456
499.494062115627 500.885406430151
498.633355377533 501.663105294054
500.442710125722 500.675923185659
499.939064100606 501.050254621191
501.986574430612 500.694168024709
499.800158449521 499.372568458244
498.880036846784 499.807313806209
499.392566821846 500.989956460766
500.466544146976 500.485028584272
500.107075747717 500.433593784426
499.800333420178 498.980573113683
499.314272668331 499.291301501387
500.344425856145 501.801227447276
499.981028990685 500.02754693317
500.384408793789 499.535722248939
500.552809760448 499.103004088493
500.519825224572 499.720714675316
498.953742179063 499.671108636228
498.99526402687 498.913819785702
498.636609393837 500.384367740981
501.234330876722 499.530019780118
500.016802573155 500.652885435617
498.641612090719 499.778759772673
500.296227428944 500.673378294938
500.188978792926 501.909840411754
501.861349440305 498.872851944508
501.768824570817 500.718368110941
500.779043219509 499.454726592564
497.800275158854 499.663262516211
500.48977349289 500.019081586826
498.067665171901 501.242088091615
499.042072178771 500.176943482393
500.166588932621 499.395541498698
499.513699186094 499.469031453538
498.554160123056 500.578083126966
500.445693602115 499.179077583558
498.803126445616 500.69713795434
500.212705670754 497.175892766143
500.497986025093 501.21937031629
500.398513193804 499.511344511141
498.666174395623 499.8510428119
499.688912171475 501.518056597646
500.478566269092 500.563053269811
498.944500744873 499.582189323016
500.642917925755 499.467842519411
499.944606281931 500.647348869364
499.241282996137 500.042546521821
501.006863841708 499.185551582049
499.166939231332 501.590570401584
500.27141479664 499.964053479974
500.569475850222 500.346282589004
500.056185074382 499.860891379887
500.349215415229 500.828543781892
499.313683658734 501.015150691612
500.401482030084 499.789202448036
501.749036028409 500.921896520573
501.02628580762 500.248815522154
498.979262464334 498.446516746945
497.987614634934 499.529103934179
499.698603666311 499.678282140375
500.274898256849 500.728954351194
500.316018714478 501.196136351559
499.273611081998 499.544668397025
501.052949470192 498.689492780899
500.506937564796 500.681412032687
498.743911801057 500.492660973072
499.312339192897 498.558324552815
500.754054613918 501.644518431018
499.351509360698 499.996779281328
499.394039997519 500.646278069103
500.002511988807 500.614195052182
496.228296544938 499.61305316438
498.796158791562 499.763738267814
499.380530942575 501.575938061565
499.397312112837 500.56499155806
499.387175133552 498.730951687075
499.489625428415 499.666765129102
500.7055756639 501.098423563837
500.014193879393 499.66100942106
500.481665610441 501.368512401404
500.198959984127 500.25331388613
500.060584457948 498.785975864079
500.081724308498 499.690867562131
499.343140417354 498.369767587732
