499.826967584743 498.42492480743
500.258113722327 497.927039921774
501.009188103507 501.369816641052
499.860402388119 498.536987107883
499.961584643616 502.062293130934
499.152293932978 500.491138263004
501.084806524396 499.275880047876
501.120948129201 501.695758308704
499.010724880707 501.338428582432
499.384520001644 500.418579768863
500.96131926924 499.502357498389
498.363595874859 500.4689557089
500.165132998601 500.574911341659
500.8040607616 500.860008000855
500.794361911719 499.884208519704
499.711526049846 499.68125406648
500.062132070272 499.880426548879
501.052880409933 501.200405983157
500.795913487238 500.060822594058
499.530287703989 500.656325416724
497.917129956065 500.193414772015
499.54956189685 499.617395773007
502.820076925957 499.499596010759
500.556622325018 501.172880495081
500.032504455124 499.084555505032
499.981505776787 499.342053635295
500.971556416187 499.485214098697
499.910976882434 499.555538655372
499.208559936676 500.15723578992
499.700791266917 501.068689214478
500.028438302715 501.141819222858
501.129819573928 500.896648068926
499.886323900721 499.048583087336
499.937371272492 500.93333992162
501.281426839069 500.291961248503
499.705574473461 500.486455662838
499.506219248446 500.64621382583
498.789356178987 500.146979413583
499.200722062465 500.20638875722
498.141224907632 500.297309365662
499.240133920083 499.138067458312
499.00485800728 500.522868643019
498.940982476556 500.096764221512
501.025123693701 501.64588390087
499.191178066765 499.379590398283
500.025037676871 500.170827416766
499.286185579224 499.073898066833
498.372639692694 498.395985862997
499.76405110012 499.262947386807
499.879595374013 501.510008584158
499.907704989335 499.95358646349
499.394316448704 500.041441020414
499.536607346465 499.716579949147
499.019465831256 500.469984882926
499.153110027701 500.090635868673
500.157341066822 499.643535213436
500.095666036635 498.984666125987
500.449758854875 498.48976553271
498.604871452587 498.590471532049
499.579912169298 499.819279098769
500.031665172197 499.393357429364
498.88693137018 500.153756411483
499.877457675314 499.880956832358
500.680325486606 500.590496934199
501.927869250738 499.355545462541
500.651837636312 499.770790546325
500.2278608324 497.844610656663
499.550973585761 500.175339921861
501.299073532635 501.264350938989
500.23329308495 498.45565523314
500.063439591917 499.401835466717
500.564943193273 500.968405224045
499.074321476809 497.839134898127
500.367958310751 500.740549121163
500.015848630795 501.452596827146
502.070400264505 499.615651293942
499.256111608738 500.485868560988
499.967770948507 499.356831443275
500.978432226997 501.128191072377
499.939496003739 502.282060120794
500.770868884477 502.711509079478
498.4152565473 499.721900689383
498.665476579308 502.383900082254
499.258129556902 500.369978757441
501.516145520139 498.078263301302
501.253334426295 501.309419497585
500.332120496143 499.404913629436
501.479886265668 499.627249042958
500.110104197223 498.944483947835
499.810236417841 499.866772736626
499.637392778957 501.033497014757
500.927156243379 500.243081158912
500.809617435314 500.621361174177
500.722288137607 500.07185790674
499.549459599758 499.100054640243
499.933243634991 499.701883731698
500.13253655731 498.939922153829
500.896037197595 499.466538771858
501.722808283214 500.389195978001
500.858718071436 499.924596721728
