500.789150878978 500.760866241759
500.049871137685 497.38664205775
499.148088128578 499.857378991241
501.290745285726 500.914477615728
499.860892447286 498.606505570099
500.788710043461 501.895143726225
498.994155879734 499.383694446448
499.711397887492 499.707578431259
501.315200040195 499.015164565756
499.310454688717 498.975185828923
499.594240611491 500.113796278258
502.507546593895 500.348126175272
500.534729490233 499.804166461251
499.985674535873 500.628504865808
499.125992797358 500.366909368213
498.563661651601 500.477978824109
500.683734755162 500.086513178863
500.495696355102 501.39355217016
499.861301391567 501.224967839707
499.936920211089 500.819398884533
499.812575407712 500.560234970478
500.599764807055 500.218356428973
500.868321005346 500.809546843501
500.131504536013 500.769557424474
501.206512859333 499.84974105885
499.486180185691 499.862100100883
498.688368175215 501.833980540326
500.43634841434 498.515562259588
501.417528216148 498.498450877487
496.876457110352 500.502330646376
500.845976858424 501.780657405489
497.545663339525 502.042835748288
499.316464315458 501.528630734207
500.782333864836 500.224744504735
500.249843235975 500.539807643611
500.373978785813 500.30335247739
500.119221291594 499.909713417118
498.093207708762 499.765733577478
501.184599834013 499.461310489416
501.892264211661 500.410747244629
498.316935579792 501.121653932395
499.093986846644 500.392342945408
502.49927517317 499.611486762019
500.717309193131 498.844279161287
501.798401029879 499.900827429904
501.069892662934 500.503723687568
499.719129091823 499.694046510227
500.699717883849 499.81521686154
499.422625680134 499.057639698449
498.997406528299 500.786552616215
498.443156844329 501.494629998517
499.97690696336 498.967523331873
497.701053475366 499.412110098468
500.496444844563 499.252399595286
501.045064807411 500.107094861361
500.177951426449 500.071991428206
499.245788220604 500.579513181832
500.408243296755 499.312629692399
499.677380891557 500.507198565724
500.116752392192 500.69172417521
500.195165643698 500.213759954872
498.814400676992 499.370003415147
501.683766696461 500.303165306801
498.508793096955 499.046113147431
499.533555305116 499.347514513982
500.102865380534 499.841109808693
497.859535996824 499.909731104169
499.43762342099 500.61912563877
499.670272005875 498.715299476886
500.430226349824 499.406578454684
500.440237736613 499.90202543
499.65693822829 501.028201431115
498.748850218716 499.698245302992
501.902395231111 499.853138864134
498.925428856217 500.117197907894
499.687302535254 499.206543130121
500.750808798153 501.156330413596
501.716280385955 502.094326619644
499.819451530128 500.948341470958
499.532356282976 500.586494589432
500.031870675013 499.169073318505
500.327854774407 501.491568507983
499.82747891898 501.594068528831
501.565231134982 499.671723733927
500.068170194399 499.698267452164
500.571498561229 499.46659613177
498.45261377077 498.579401471993
499.772831368964 500.294678995844
500.009247122784 497.255329780118
500.723063209113 501.029426429982
501.455216944798 499.417862659371
501.027238526784 498.790343737274
500.13085959132 502.013083231489
500.346633073645 501.060912272592
501.218662084817 502.541214004097
500.580426706064 500.915442381299
499.441520513797 500.850386684327
500.86120681486 498.908695360417
498.757435727529 501.660344175281
500.555435875558 499.459384610271
