500.974740951025 500.459511802135
499.507020908619 499.93186196527
500.057757561491 500.041503084529
501.095644831005 500.585428459985
500.433782836952 498.956840032736
501.160464443823 500.273689951758
500.071608752185 498.779427921807
498.589198850712 498.753485997011
499.151427225447 500.364617571414
500.335691239708 499.242572355613
500.400493741351 499.7972109464
498.701171131851 500.797101290634
500.152448390085 497.361123590545
498.876285319626 499.897463239137
499.505573583333 499.898268022867
500.508872689389 499.849871307842
499.275577259602 498.959431319118
499.38802358194 500.353778841896
498.400160381809 501.671989533961
500.678178696357 500.028438155616
499.960839061348 501.118608113897
499.884051540451 499.890817661058
499.047275736779 499.693357873097
498.29913082767 499.682685702825
498.982218131857 500.018946413323
500.906954791626 499.325809089421
499.8894582487 500.441252833644
499.948372686783 500.189113317177
498.184981259074 498.697527434721
499.888401849933 501.216566425914
500.774997262856 500.562502246092
501.735762207421 499.274883155256
501.53810624048 500.61875950141
499.932479710846 500.46044846711
499.737879750165 499.295562225697
501.234400276248 501.826621588802
499.889940252877 500.160435128056
500.226140331335 501.363468068262
501.300677256057 501.783712541544
500.343887869754 499.287315959214
498.626243229174 499.179299376839
500.973643113433 499.088739028492
499.745748768676 497.092800284226
498.90071362961 499.98020182589
502.008738346413 501.842817698388
501.659634766814 499.933156005766
499.599485226667 500.887814835217
500.290592568439 500.95847873829
499.546559285456 500.314618383021
501.595206868899 500.35841080222
501.387865104022 500.117231588748
499.412567956502 500.473466064984
500.969383535277 499.35385733546
500.597560296872 500.508143945364
499.245250236004 499.605513058216
497.700608530247 500.727225702931
498.347845994775 500.417091172423
500.204004517019 500.87492808322
500.013475820317 500.145544033168
502.15102758951 499.952980617693
498.644510173638 500.232086330901
500.973708664937 498.86388751054
500.008372106958 499.944727744879
501.073907218272 498.751972285184
501.702119814848 499.898822838235
501.314318680045 499.411600445963
501.382570748966 498.578443042864
499.792448056243 498.131423204289
499.587952300721 501.75423476136
499.582789164187 498.174351948574
499.070438285239 500.520759012565
500.329036926962 498.208133855412
501.259619483694 500.13634860745
500.203005397282 499.83856729177
500.877151684331 500.677366494382
500.599998384568 501.564679173652
501.197787399189 499.917705863241
499.197355799516 501.526523433914
499.714867990237 501.214394476936
500.509930396815 501.151055316375
499.989988684944 499.288738079242
499.6101865734 500.013953628797
500.964802806284 499.404565415284
499.887070414092 498.722256729156
498.56181568227 498.656850806883
499.867160062773 499.91953860935
498.861381421973 501.223695854336
498.688515815342 499.804593228142
499.461441086099 499.124920942446
500.696932652983 499.093197158818
500.269919362428 500.504653955635
501.097455187037 498.90802566497
501.578458979608 498.772501641114
499.872345268869 501.376783655325
501.821486167901 501.737401376698
498.000876511263 501.391204655369
499.089206642125 500.161411569209
500.85867115015 499.522694241021
502.29170331441 498.8938703278
499.712652879159 500.491948219928
