499.865834675184 502.136016122001
499.825240670236 501.518794936168
499.946151216752 501.47336360013
498.951878931389 498.131806493137
499.892935818906 499.643640119913
500.966004597428 500.02493721741
498.592446982894 499.636218795032
500.659086471219 498.671942740645
500.537364341311 501.448330495772
498.910646352734 500.873353528098
498.984847204866 500.503085392158
500.517464430539 500.246385925042
499.327800296743 500.31055035997
498.256131591382 499.448289135727
499.782120299264 498.890451965458
499.793902664432 501.314708782403
499.624752332809 501.23604031977
500.537438781133 499.85772215193
499.01421782917 501.499292609062
499.686715264071 499.527441103422
500.054785140896 500.046469351524
499.800467174454 498.641384760838
500.107789305524 500.653149200104
498.815152785414 499.565649289811
499.708201933655 499.648029046671
501.481910079815 500.910298385885
498.939195755914 500.311769026613
501.678654285356 498.985818094731
499.747039926048 501.094134786441
499.628791782696 500.353658045502
499.235307045705 501.647368372669
500.334981073296 501.697713176271
498.4151415872 497.912404509806
501.310626739056 498.869494434173
500.195030796544 499.935115771306
499.417766667144 498.367878040538
499.780224252393 501.026375732475
498.409666400526 499.402632340601
499.23066104452 499.603438009546
500.22838874852 499.320714919901
499.243279811444 500.384709899525
500.21972924388 499.728714527507
501.658424607004 500.528079203653
499.332816785305 501.06432899435
498.123197332717 499.708896632434
499.118696582646 499.377123589314
498.532826703476 498.743876802566
498.904632459463 498.855267460754
498.776274130832 500.314917505332
500.355280475587 502.117258628752
500.319204585256 499.432290980235
499.401817298416 499.586172909237
499.558141818434 499.309405785188
499.299158025999 500.681765590953
500.342466073804 499.77444848026
498.810314021934 498.957325826909
501.137164464058 500.86964142853
500.106956296496 500.668074654007
500.623460335766 501.726799474551
499.714877642985 499.514418243974
500.079048320202 500.853240608526
500.450826683832 499.634061345306
500.548344634691 499.719370353044
500.017872238954 499.752968064518
498.705145531052 500.097913474911
499.750440281607 499.46426696178
499.821889167914 499.134924944012
500.463450181235 499.399758438535
499.539537159562 500.364201474372
499.008361251851 500.691763952581
500.847779296329 500.027067572606
501.634955444532 501.373337939116
500.240489219106 500.699325941945
499.571147248576 500.099663034894
498.912894026356 501.643023086162
500.281841881709 501.130301315834
499.964349544325 500.135800005331
499.059273820308 499.986122428147
499.621005097444 499.851450410506
500.703962160726 498.236500864016
497.911563743959 498.56477742724
500.678987310564 499.150906878575
501.286336145336 500.576286870495
501.344126259337 499.916312262234
500.83491136447 500.134149506022
498.613500987186 500.271244936042
499.185169454862 499.201556412928
497.525575588346 500.150277127029
499.89960977223 499.19268823668
500.149937276723 499.377535457304
499.158925965345 499.626787042703
500.003185029276 500.798800203772
501.097438820347 500.711203775161
500.401809428023 500.096040229272
501.448586111713 499.300576603433
501.38721432395 499.580223539223
498.921056974473 501.307444455067
499.004945340769 500.983718439726
499.651885312734 498.308370495818
500.452460180396 500.446144779906
