498 497 493 495 480 491 480 491 533 546 543 464 453 551 557 467 501 508 547 539 473 466 487 564 447 591 603 624 360 352 569 474 663 336 419 581 606 600 583 558 337 562 466 564 383 459 490 446 476 718 613 366 281 688 576 478 517 760 769 799 407 576 401 432 214 174 470 281 506 605 590 339 135 229 843 826 322 768 601 881 733 861 440 263 259 508 521 498 584 690 75 891 339 143 762 701 39 331 656 486
497 490 496 499 489 520 496 488 460 493 484 512 437 430 429 454 419 533 425 591 513 395 490 432 540 480 631 554 463 374 630 548 656 567 448 464 503 528 425 356 304 627 425 424 377 676 317 411 357 606 398 450 628 658 709 720 502 538 250 423 651 609 470 787 228 399 800 464 544 294 300 143 788 272 648 747 491 720 396 326 799 479 883 859 893 430 590 878 676 810 817 310 656 685 122 74 944 552 971 300
500 499 502 520 512 530 535 512 501 504 471 461 492 570 524 545 467 527 475 580 578 546 492 395 523 598 380 519 381 625 415 544 609 498 643 620 491 550 642 443 552 379 486 477 514 415 715 335 438 699 679 575 362 534 582 241 602 450 351 686 224 262 540 308 677 576 705 705 384 215 701 568 313 628 362 544 861 494 806 714 680 843 266 644 844 767 578 504 96 400 156 830 383 254 573 635 752 323 861 959
503 492 485 486 502 512 535 531 456 545 450 530 518 479 530 554 504 549 539 571 495 594 554 601 406 448 376 515 634 637 435 635 501 370 519 583 681 531 372 613 365 426 348 513 366 711 514 735 703 745 322 323 476 725 559 290 497 397 515 476 721 308 487 504 280 592 697 423 796 522 322 187 827 469 724 814 439 794 482 329 142 111 322 764 215 545 124 452 174 890 236 565 294 108 706 147 830 379 268 833
497 493 491 486 505 502 500 522 479 538 518 522 478 460 494 530 468 427 592 527 585 475 489 528 399 411 506 422 385 465 548 488 650 614 649 404 531 672 515 454 535 670 342 285 482 420 379 492 648 660 568 654 327 723 759 410 726 559 608 491 464 444 753 593 185 780 557 384 491 458 554 560 157 698 814 781 571 791 594 698 335 354 98 639 524 781 532 877 625 667 787 803 911 393 135 25 337 103 436 293
497 510 489 483 510 501 504 502 470 536 466 512 437 507 557 471 545 531 489 530 528 590 559 421 577 580 497 441 355 589 621 620 342 386 335 441 425 556 436 353 407 347 702 633 382 528 604 528 714 581 586 524 612 370 679 753 305 508 280 395 486 295 636 320 177 481 661 360 657 286 217 518 618 666 187 240 882 269 269 701 716 755 791 686 424 550 720 660 89 830 568 272 162 440 489 470 438 528 500 491
495 502 500 516 510 519 513 482 519 483 447 550 508 486 446 433 570 443 591 423 415 453 401 387 535 519 629 554 638 465 590 561 356 517 671 620 416 342 422 643 432 568 622 488 278 550 288 614 333 271 433 275 537 416 715 563 672 727 218 226 381 213 302 582 474 586 715 334 486 356 846 837 641 590 277 296 609 301 120 808 444 602 504 603 91 906 873 782 727 451 436 411 285 134 458 918 823 725 817 642
497 505 490 511 509 478 497 531 492 461 507 513 563 483 510 525 582 495 582 562 528 531 606 409 384 520 556 414 370 466 453 575 350 537 605 360 526 456 482 328 561 653 650 578 339 368 735 719 588 715 643 438 511 768 355 505 691 684 447 271 228 364 492 699 756 659 776 418 414 637 713 485 396 373 579 721 512 351 532 222 722 811 808 285 244 815 500 276 309 543 390 47 419 870 340 391 915 334 383 546
498 501 493 491 506 519 502 469 528 451 449 489 436 481 567 455 427 555 463 459 472 608 442 544 547 415 522 366 398 513 624 599 432 618 484 522 527 669 365 664 464 487 664 384 541 542 717 261 550 566 651 447 732 514 248 377 569 637 287 724 534 668 671 567 533 523 804 202 593 179 343 716 506 550 597 380 232 731 575 279 255 643 757 140 457 661 168 254 547 466 276 424 765 776 176 446 497 422 162 632
497 496 488 505 502 474 523 509 520 539 510 538 481 474 445 485 484 572 447 511 554 505 455 382 594 410 494 421 636 358 646 638 415 419 495 621 659 496 499 400 379 619 491 496 384 716 710 311 349 543 499 741 354 371 582 371 721 502 648 785 450 287 207 750 350 378 186 229 241 404 723 837 348 243 754 501 335 273 162 860 617 277 767 368 488 639 631 573 484 473 353 929 641 174 471 406 709 924 430 67
495 502 510 482 490 512 486 486 544 453 462 531 479 476 478 469 564 572 417 560 416 589 475 489 614 479 598 451 488 483 616 409 482 378 387 667 576 664 596 492 699 407 651 428 286 518 632 357 646 349 439 473 428 352 554 328 309 678 555 667 526 444 475 358 205 648 421 575 223 262 427 174 275 644 188 194 245 253 676 558 900 432 666 188 101 616 550 194 733 260 240 679 245 391 565 924 403 693 200 358
501 494 500 494 489 478 483 489 518 530 470 554 448 524 480 498 485 548 455 426 457 588 469 459 575 410 632 413 429 605 592 595 614 646 396 515 513 624 669 542 372 591 452 383 488 319 487 380 335 266 509 569 513 672 321 357 766 698 408 519 602 615 809 722 206 494 331 225 172 814 304 818 633 571 607 596 125 863 679 864 639 149 100 302 850 170 804 189 242 797 72 239 367 224 737 190 460 540 662 677
495 491 500 506 515 505 489 488 499 526 554 445 437 456 444 517 479 478 479 480 548 458 462 535 388 562 467 593 386 378 432 355 530 350 541 430 412 595 584 337 437 402 312 568 568 442 284 370 288 578 573 335 646 568 556 591 384 241 233 791 745 767 738 804 812 443 828 614 284 389 357 277 695 668 423 845 757 603 308 564 267 399 524 475 589 720 411 400 247 525 294 598 757 43 628 183 758 252 422 199
499 508 512 503 496 496 500 537 495 540 456 485 509 445 550 459 438 565 549 409 557 580 438 576 581 531 529 458 379 361 392 534 359 482 624 572 484 348 617 681 601 682 388 360 519 399 359 288 695 681 619 752 301 263 437 483 467 690 243 522 632 384 679 626 772 325 806 294 530 569 370 839 353 843 313 783 867 128 381 659 181 474 162 325 880 422 658 887 155 668 812 659 143 601 420 679 897 514 258 772
502 495 498 503 485 491 514 481 539 488 534 491 526 516 490 445 460 579 479 600 596 512 424 435 554 552 520 439 502 388 607 362 517 584 449 381 461 426 320 685 491 670 386 697 371 486 707 590 685 468 380 690 570 640 244 500 230 341 261 542 570 472 370 658 278 434 611 547 470 429 606 326 759 193 640 322 598 739 842 320 421 457 656 860 487 538 74 402 349 872 366 376 920 720 543 84 481 240 927 131
503 491 513 496 524 485 524 465 494 470 552 549 466 512 559 532 509 423 435 476 404 514 570 594 545 459 490 475 634 387 604 568 454 579 394 356 648 455 463 678 566 660 683 314 683 356 384 591 691 480 366 650 297 576 757 359 697 473 762 253 672 800 603 465 662 740 647 183 375 155 414 349 278 481 359 205 684 233 767 562 546 494 587 106 903 846 246 527 765 244 895 263 519 937 753 804 913 962 698 385
502 505 485 485 516 473 504 526 461 546 460 493 461 504 571 559 447 499 526 546 438 458 478 616 403 397 599 559 430 398 468 414 399 410 437 433 644 552 438 676 370 403 560 690 673 361 279 280 258 679 579 620 683 301 734 479 608 416 264 482 568 203 509 507 632 693 447 561 583 803 416 659 753 337 793 815 405 139 258 504 618 825 204 365 500 383 781 578 419 58 674 893 245 915 632 938 628 129 732 456
503 500 487 515 521 527 468 516 510 533 549 519 530 451 526 522 467 520 469 451 421 503 536 383 553 532 429 364 624 622 364 578 602 447 447 447 380 353 318 304 571 406 436 294 639 424 461 699 464 654 561 306 346 236 482 576 634 352 322 414 608 419 186 306 209 627 823 303 335 727 817 521 762 317 806 417 485 508 255 101 380 750 131 788 197 573 395 337 192 436 333 261 675 567 292 248 519 793 186 179
499 493 495 491 515 508 512 512 509 471 517 440 544 499 466 533 523 475 490 482 547 411 607 535 473 543 536 608 607 625 416 491 463 487 667 342 534 337 605 455 610 360 582 563 332 588 474 395 694 327 317 446 289 525 690 467 523 408 433 453 786 261 199 754 381 433 490 297 500 291 756 202 599 182 336 315 353 559 197 510 553 634 205 261 392 323 826 392 528 701 833 853 858 385 746 165 978 159 104 33
504 506 507 486 511 480 515 530 460 473 497 484 547 443 536 466 580 526 483 525 528 463 441 530 540 533 613 549 494 517 612 411 626 351 626 345 612 319 454 500 419 337 492 512 496 402 651 679 346 348 532 467 355 571 714 436 471 610 425 751 713 676 286 336 280 602 408 286 246 677 544 756 750 346 394 615 604 123 857 615 311 573 541 556 413 446 632 697 575 667 728 456 915 686 416 285 369 776 603 283
505 508 499 517 478 492 533 508 519 456 552 474 479 497 528 536 584 459 425 557 602 479 488 442 611 476 532 420 584 443 356 433 408 560 649 510 361 397 607 336 482 669 397 613 386 444 425 298 636 406 730 360 260 335 437 697 669 716 252 359 264 519 227 210 579 728 609 341 379 594 385 403 637 773 138 528 443 468 173 789 548 223 781 897 382 580 844 132 432 705 934 421 345 906 45 227 713 440 560 75
502 502 487 486 511 497 526 517 476 544 495 452 454 568 450 439 431 498 525 439 447 518 496 424 622 484 456 562 419 488 369 449 642 422 469 679 515 633 317 537 417 432 394 538 312 368 554 280 373 469 400 440 743 444 290 253 515 264 605 213 632 681 305 708 478 474 415 183 160 744 368 299 135 814 147 855 484 325 767 666 428 91 705 318 825 94 702 769 201 665 489 715 131 386 316 203 539 265 545 87
504 498 506 504 519 473 478 476 476 515 483 539 439 520 437 489 547 525 532 484 432 601 441 593 491 381 478 542 551 526 562 433 390 421 571 541 461 398 460 577 516 565 674 527 531 489 403 297 583 652 325 471 609 636 335 765 496 408 333 771 550 602 254 436 491 366 800 558 703 382 512 503 352 557 625 274 317 438 673 545 109 826 129 346 904 488 520 526 226 894 897 910 468 511 559 635 283 388 626 975
495 502 501 501 486 510 472 515 474 451 516 493 539 516 470 524 448 543 434 446 404 462 461 612 583 571 492 363 371 506 538 622 582 379 570 450 401 593 348 339 682 605 649 627 644 418 267 480 360 734 547 295 507 446 775 269 374 543 237 391 443 612 785 786 733 566 513 541 675 401 327 834 418 437 695 268 425 643 856 225 810 824 526 187 838 871 527 206 137 581 88 136 772 473 105 207 861 43 84 675
503 497 487 503 514 511 524 507 518 458 463 442 445 459 546 503 466 559 458 562 440 472 411 413 417 402 504 394 405 375 349 358 335 361 653 666 407 377 646 381 608 397 430 583 723 540 467 387 481 454 405 562 335 372 329 615 230 240 384 474 443 360 438 369 613 601 728 170 543 681 545 411 723 397 867 803 775 328 348 681 676 643 525 454 477 381 725 920 172 65 77 525 312 453 177 815 43 913 745 545
500 496 495 513 495 473 528 477 536 493 503 523 468 487 488 553 430 474 479 495 593 568 473 569 395 612 581 507 617 357 616 650 533 630 639 584 675 674 486 584 337 473 301 547 280 279 539 604 712 416 507 327 290 761 525 634 278 411 524 613 591 334 788 529 498 222 503 549 458 776 264 185 217 191 365 344 229 786 618 330 447 132 244 713 774 276 526 653 401 753 669 702 342 878 885 548 38 427 167 899
500 490 510 514 518 521 494 535 537 491 534 551 448 445 571 429 511 522 466 556 483 574 552 584 579 392 390 600 645 426 519 522 456 409 625 451 595 333 657 464 566 471 612 536 458 694 463 564 350 586 492 321 677 276 497 607 465 242 751 674 785 498 705 654 244 455 217 197 521 645 624 598 400 366 310 413 276 632 810 102 558 539 459 702 535 848 668 667 117 158 758 289 685 129 90 596 570 699 42 310
504 498 485 480 518 490 519 535 541 519 487 528 521 472 541 498 571 465 424 533 400 502 562 614 402 556 458 488 499 460 470 458 469 549 422 352 541 664 672 424 303 695 600 611 627 649 664 348 653 742 302 545 663 630 281 671 534 467 725 550 419 532 449 732 356 469 573 487 313 565 304 620 599 841 277 295 182 652 258 504 703 544 903 526 318 684 84 873 325 112 133 458 750 523 491 326 803 674 850 618
502 495 486 520 519 479 514 534 467 452 546 525 438 459 502 464 439 458 456 456 397 593 474 554 385 554 468 443 581 450 385 629 466 447 630 379 363 443 319 462 344 310 624 461 275 502 300 355 536 380 262 620 282 298 635 775 532 297 291 743 209 380 186 709 287 396 182 537 705 836 763 410 525 813 332 185 778 414 895 397 447 694 814 224 884 262 79 285 750 204 949 899 716 358 499 57 402 972 655 320
495 504 510 499 510 520 503 499 482 479 528 474 491 504 504 470 476 496 514 598 434 520 437 607 621 623 418 583 513 449 502 361 513 539 626 645 523 620 412 674 578 346 291 388 357 318 580 679 578 552 559 418 657 719 250 243 725 640 289 240 686 281 276 338 188 296 240 332 306 177 471 167 314 758 195 275 681 393 798 685 256 653 421 505 362 806 774 836 791 680 895 189 959 557 583 279 906 263 965 464
500 505 492 488 485 496 476 525 527 528 544 506 565 557 448 498 494 534 424 475 500 437 556 433 420 611 377 582 465 568 628 585 589 661 667 404 667 444 593 418 466 501 351 607 287 718 700 309 559 499 377 522 455 323 251 280 735 575 294 449 337 520 212 257 649 697 716 433 424 836 191 382 835 561 197 553 315 583 635 301 842 894 658 564 827 851 241 227 818 807 870 376 185 877 111 233 931 77 245 207
496 506 497 500 519 486 515 508 472 454 545 467 558 447 510 520 527 582 558 584 556 455 590 450 585 466 563 582 421 426 415 502 393 506 579 540 404 619 620 434 637 606 606 691 607 452 266 481 403 689 524 493 346 488 613 553 666 256 698 767 661 311 222 372 697 519 714 250 662 312 434 632 515 284 820 200 843 762 847 833 313 177 606 867 667 536 613 704 645 530 640 161 413 263 485 199 567 253 362 127
498 501 490 512 483 481 476 528 476 547 474 555 525 504 529 449 580 528 555 441 444 498 441 605 535 429 403 600 579 471 530 596 594 395 595 522 482 523 451 608 319 393 596 456 634 676 323 434 430 560 460 257 421 472 574 743 622 718 206 324 557 796 508 778 534 280 534 696 188 712 757 858 226 299 798 417 340 194 237 532 123 654 880 350 534 179 675 700 514 802 217 216 251 598 315 604 669 98 369 247
499 496 486 480 490 517 527 500 543 525 454 485 503 549 494 535 508 464 542 578 470 531 589 451 476 493 511 614 606 482 369 349 411 493 415 427 388 577 372 614 598 351 622 595 622 727 493 517 420 327 557 409 266 410 587 727 625 220 326 449 544 349 813 299 451 589 635 791 346 560 175 791 409 252 739 703 678 442 534 625 489 904 193 357 140 736 440 424 450 668 68 892 409 374 322 181 492 700 190 682
500 491 487 502 502 522 486 503 526 501 471 544 500 504 443 524 520 537 435 592 604 586 511 513 579 448 531 588 428 515 654 395 559 340 437 671 330 346 325 393 475 552 479 456 591 592 463 675 673 384 648 487 535 566 324 640 308 343 257 536 299 360 486 771 531 210 266 675 632 289 383 325 571 544 648 128 418 356 888 892 754 747 565 130 129 612 168 770 142 915 132 305 850 630 93 288 748 25 59 327
499 504 487 503 522 529 493 533 545 507 538 543 547 499 541 422 522 560 503 512 522 423 574 604 526 559 590 464 396 385 605 532 512 330 387 638 611 401 343 439 670 545 714 376 721 306 662 297 672 636 489 594 714 649 645 765 295 607 351 304 402 537 531 617 402 345 333 337 223 466 481 693 705 179 223 508 210 156 761 882 340 831 633 464 239 199 466 111 858 610 853 816 847 552 185 306 368 960 745 503
495 496 502 515 516 470 494 514 503 519 554 500 493 455 545 469 440 550 531 573 488 600 523 584 490 417 472 513 452 628 557 433 335 423 328 398 589 344 619 584 483 692 400 563 704 392 312 714 544 353 472 414 724 409 332 372 721 706 568 262 392 724 219 501 428 683 468 827 684 734 577 622 455 200 162 319 407 497 166 529 734 303 320 596 593 79 234 382 389 101 608 245 729 560 555 948 368 53 28 744
498 504 515 490 507 473 498 466 507 467 490 469 463 513 459 537 563 437 590 451 564 419 594 443 510 552 549 549 514 609 349 537 647 348 544 422 405 576 606 634 420 470 543 578 566 599 486 673 650 736 626 575 542 500 747 391 684 556 638 520 660 296 793 803 256 333 493 803 665 167 392 184 292 502 216 705 159 158 252 321 171 434 603 592 129 817 552 822 402 55 560 459 641 516 927 314 183 288 448 561
496 493 488 499 518 481 525 497 489 492 453 483 452 532 568 572 557 556 553 535 430 498 579 444 452 436 521 476 407 404 357 525 602 372 637 412 336 501 463 332 318 458 353 657 313 608 481 446 256 747 354 629 239 437 620 482 521 511 666 462 390 199 254 448 433 551 169 583 180 363 267 479 515 465 873 712 297 460 842 709 868 814 817 225 253 804 444 115 73 256 759 782 574 99 873 604 964 964 805 415
498 509 513 480 516 481 531 501 544 451 535 507 509 513 464 428 419 458 423 511 555 464 518 388 460 549 471 373 490 469 359 365 522 347 347 359 625 568 542 680 704 683 611 620 583 644 287 696 610 736 312 360 590 471 618 300 647 385 324 566 319 440 592 591 199 543 309 351 413 705 611 201 578 326 593 540 130 456 347 113 190 430 201 468 452 554 749 710 536 244 604 47 244 135 258 353 630 104 839 601
498 509 500 498 482 520 526 466 534 461 463 515 440 476 536 479 498 590 437 600 581 494 425 570 616 484 449 459 387 457 608 550 528 458 570 470 527 626 661 477 383 306 515 647 573 554 265 286 363 294 534 331 376 521 665 455 515 387 322 664 786 560 526 648 287 750 327 580 605 199 675 321 663 807 488 391 603 715 139 348 778 140 312 844 769 113 148 215 71 607 294 118 405 663 507 750 904 233 162 504
501 505 489 513 488 476 507 467 520 533 514 550 450 441 521 502 493 492 580 483 562 539 559 474 407 376 445 460 463 399 484 442 378 596 575 557 668 436 666 390 440 299 403 652 289 540 310 383 297 633 606 606 235 247 320 670 228 651 406 353 648 255 269 606 537 483 699 650 505 583 151 271 156 150 419 238 430 507 195 266 166 245 908 915 403 830 455 155 712 486 768 835 195 66 731 929 231 481 561 582
503 499 487 518 491 516 532 473 464 458 481 557 470 518 542 511 457 482 415 415 417 553 531 589 449 456 411 576 455 648 567 651 543 607 451 379 526 579 627 588 635 296 418 410 535 455 268 645 395 384 578 495 344 274 290 344 569 397 345 408 775 632 390 387 223 815 659 653 684 219 315 450 137 281 257 642 511 826 864 221 668 203 647 321 665 469 359 61 664 183 648 260 241 259 59 878 919 815 602 864
504 509 496 481 506 474 525 519 502 537 469 533 482 561 500 548 433 491 537 454 555 466 437 447 423 411 475 634 524 353 388 542 486 548 430 436 525 642 622 372 577 475 474 489 509 446 620 418 257 587 619 321 762 671 400 246 540 621 666 734 530 714 242 372 775 350 329 744 498 299 232 270 610 248 874 600 855 461 815 438 729 460 335 735 810 210 784 134 644 730 236 547 232 732 301 943 255 657 519 964
500 492 486 508 513 478 519 511 531 493 465 443 448 539 499 493 547 519 504 474 465 558 612 392 610 560 497 496 451 453 637 359 560 360 660 562 383 453 552 348 657 494 568 434 301 525 611 609 597 555 373 477 453 596 284 349 418 342 311 392 277 710 499 262 767 321 237 640 461 474 722 202 189 539 661 653 854 306 293 894 423 863 345 831 347 431 601 171 353 560 501 72 726 438 628 414 746 377 181 269
502 496 497 496 485 526 502 483 539 532 481 539 528 468 460 565 585 464 590 454 488 507 610 468 381 613 534 522 597 437 510 438 533 366 486 473 362 623 494 658 581 351 460 683 337 310 730 447 616 359 547 436 342 765 285 267 652 683 640 388 433 500 779 722 356 568 360 561 484 337 577 731 701 334 292 707 639 539 381 457 473 479 577 833 241 349 896 669 214 238 145 722 124 116 570 965 421 385 475 682
495 498 515 520 522 492 515 510 497 483 458 527 445 549 530 430 545 418 584 532 444 599 579 584 446 437 602 532 379 612 469 358 471 367 358 607 353 570 372 424 680 351 532 548 555 541 276 444 666 523 393 696 391 610 663 432 308 728 744 500 719 425 265 455 416 588 165 695 399 481 709 629 651 158 734 752 830 619 159 424 530 296 549 527 597 864 237 81 509 933 484 857 153 777 478 606 825 30 468 31
503 500 502 514 483 488 496 513 545 459 505 503 551 488 546 487 567 518 494 538 433 589 521 522 498 582 532 557 359 461 362 422 633 472 438 648 591 454 663 484 388 547 583 355 676 303 414 293 554 267 750 304 333 379 413 390 224 650 645 719 705 660 649 622 731 487 590 624 295 161 247 219 325 218 259 615 444 505 323 662 491 495 499 714 607 433 419 856 542 446 702 615 518 651 873 398 371 978 55 38
503 490 487 519 481 484 530 537 490 548 553 522 536 527 485 510 548 424 514 405 557 420 543 607 567 601 464 392 559 456 367 386 408 493 371 634 556 342 386 517 529 670 424 676 671 464 563 454 459 704 488 470 323 563 415 780 233 614 322 670 204 766 307 312 545 756 335 834 628 349 672 396 428 471 468 879 670 880 162 532 870 796 789 323 475 664 399 570 255 848 881 614 841 443 488 903 309 91 628 324
495 491 508 519 510 505 472 509 497 537 498 547 440 532 511 577 519 420 505 478 484 545 423 517 603 537 498 454 493 487 489 444 373 434 544 625 561 636 591 362 396 354 467 347 416 712 639 522 295 268 686 328 240 419 238 283 758 409 666 444 719 737 794 600 516 187 519 799 306 816 214 747 732 522 484 724 635 588 227 612 313 604 636 375 760 349 834 762 103 379 709 937 888 662 770 327 230 422 489 206
497 492 503 509 491 506 490 461 465 454 518 554 536 476 440 488 475 491 552 436 565 506 393 528 429 440 448 634 634 548 475 442 492 589 429 492 613 384 603 383 526 673 659 421 630 312 427 320 339 305 387 319 733 294 522 744 567 487 295 479 257 653 393 352 386 696 222 576 643 169 839 709 514 161 501 161 609 558 735 746 710 439 337 178 722 666 438 876 857 84 866 822 232 270 659 322 337 278 780 670
498 495 510 486 491 472 489 495 525 501 544 506 518 454 522 498 520 464 567 517 530 499 424 559 474 490 434 588 368 554 378 571 569 438 380 372 420 652 469 477 429 678 677 427 338 371 518 613 616 460 524 519 579 539 769 435 313 353 442 353 473 804 284 205 529 707 375 745 186 553 346 593 584 745 462 675 837 513 531 474 900 423 112 208 641 629 198 113 692 675 350 812 396 73 584 684 317 112 303 868
499 490 506 498 512 515 534 528 531 550 465 500 534 521 535 539 584 499 515 430 529 547 435 598 383 497 579 603 523 418 455 452 612 366 375 457 389 370 643 674 398 512 432 701 601 628 452 480 676 551 711 665 262 619 450 259 561 402 439 562 564 594 665 271 262 333 568 797 179 167 477 551 590 325 134 246 229 706 543 227 875 658 376 159 875 919 231 401 164 629 312 394 45 861 498 737 899 666 921 553
503 507 486 509 475 495 521 508 457 548 450 556 562 463 571 515 516 461 512 552 418 561 570 381 580 422 527 449 522 507 450 573 617 403 466 454 346 439 593 426 379 303 406 282 575 305 419 334 694 284 325 699 575 324 317 379 358 321 224 466 481 674 378 777 188 645 187 819 686 207 489 737 370 241 752 626 728 274 875 153 563 232 711 302 886 100 699 849 700 347 813 781 705 352 168 692 668 785 470 417
497 508 494 502 487 530 469 498 544 501 531 475 454 495 543 495 566 524 511 569 577 524 436 464 424 580 393 545 506 460 360 446 573 414 509 634 602 599 409 697 423 422 672 529 601 306 407 419 451 591 372 401 392 556 629 263 373 253 464 481 712 260 591 466 759 287 681 545 225 700 289 837 435 711 313 681 374 216 577 695 600 427 753 888 832 692 576 583 583 283 356 112 142 578 363 200 113 758 864 442
504 498 507 505 517 505 480 492 513 512 516 509 462 498 562 447 490 446 411 500 604 531 422 530 432 572 534 536 428 641 653 447 426 369 441 487 515 611 629 466 351 703 389 349 329 487 580 354 407 352 287 409 742 526 576 351 262 297 755 512 484 399 657 789 406 658 566 204 780 244 453 341 823 595 465 561 632 853 458 113 194 493 179 415 422 441 337 174 710 56 942 572 353 345 283 748 326 201 474 890
501 498 513 508 485 521 466 520 495 530 481 488 448 479 449 531 545 492 480 410 426 475 532 387 484 544 439 444 376 424 406 616 383 441 606 541 363 612 565 680 545 435 611 675 697 688 633 299 502 712 508 655 544 468 665 267 549 660 426 549 332 646 279 781 298 376 692 267 324 486 461 542 313 360 608 550 881 386 231 253 703 556 902 744 910 796 837 655 901 140 661 331 341 237 771 477 667 32 802 838
504 496 496 506 503 524 504 464 508 475 507 525 554 524 463 508 433 496 417 428 452 448 575 481 553 432 472 572 443 618 546 629 452 496 325 382 317 350 532 594 704 476 710 496 650 314 461 427 338 657 285 375 304 322 489 459 429 522 582 582 491 426 193 347 611 617 804 442 463 663 221 696 607 458 652 253 774 582 328 424 361 603 789 181 272 818 85 683 608 814 234 446 402 439 316 192 651 264 598 688
498 509 512 500 525 518 490 510 460 500 483 495 450 532 505 476 540 564 489 581 600 412 613 469 573 467 542 404 534 508 451 566 547 627 583 390 641 313 602 574 648 365 288 409 514 294 317 341 519 430 742 615 621 564 282 469 277 467 723 419 650 573 593 291 780 385 605 364 168 377 282 836 714 146 815 877 125 683 815 825 522 477 678 363 153 299 544 601 332 110 432 698 268 368 571 87 89 948 691 297
497 496 498 503 512 480 513 472 499 535 523 529 560 549 504 547 504 457 567 513 447 467 529 440 400 407 611 599 624 622 457 365 337 611 488 419 413 688 541 642 338 608 331 568 360 703 407 550 461 498 729 733 238 542 717 546 720 379 314 353 360 728 437 723 591 361 229 258 606 158 329 394 223 442 402 215 447 508 760 153 644 723 855 888 892 914 800 711 908 492 201 252 465 930 222 29 293 144 116 217
503 504 496 513 498 506 502 506 496 472 532 461 466 478 566 521 456 459 487 488 469 511 414 489 387 603 516 459 504 602 584 406 596 368 609 571 541 411 493 687 605 683 629 358 557 507 333 342 586 353 369 257 409 405 658 721 537 432 449 331 220 311 309 676 281 536 518 267 646 205 340 232 198 178 535 372 499 208 478 888 393 191 904 860 485 536 252 864 688 204 313 182 38 232 219 930 219 83 140 152
495 495 490 501 525 525 467 506 465 521 509 467 446 432 502 480 548 574 523 504 491 494 452 529 591 427 597 364 543 440 621 615 448 442 524 352 498 684 487 482 455 361 625 611 684 708 385 401 471 648 456 397 560 234 610 632 471 588 597 433 518 562 802 622 467 246 650 747 266 244 512 564 587 585 741 606 749 417 857 459 459 647 420 399 478 664 683 267 709 525 875 327 41 128 843 632 552 269 903 757
505 493 501 488 494 508 525 468 466 497 449 446 509 488 426 483 457 553 431 460 593 535 443 575 459 375 435 629 530 460 592 411 428 501 341 327 378 329 465 609 511 441 502 628 545 660 453 420 504 297 252 271 411 293 306 644 342 244 301 713 307 588 477 387 394 494 174 796 457 720 204 147 812 597 870 202 788 650 298 785 551 395 127 179 750 472 461 648 786 408 621 644 611 580 575 776 88 355 698 270
495 502 497 491 511 528 490 511 500 507 480 485 505 483 562 420 539 574 573 531 595 600 585 433 431 585 597 530 466 427 639 525 583 394 412 575 588 482 671 471 339 300 561 553 394 586 365 612 354 621 421 699 529 323 225 326 446 779 302 359 805 527 512 670 529 283 500 351 769 531 644 788 229 824 805 855 723 717 679 827 250 778 153 117 528 194 692 141 363 877 94 786 419 815 159 664 646 129 863 60
504 490 502 516 505 501 504 509 516 474 448 551 547 522 544 505 449 436 494 454 496 597 514 472 442 413 474 542 555 515 375 474 564 586 449 548 498 470 665 625 562 528 692 414 644 622 652 285 461 671 526 345 656 336 533 650 237 501 705 611 359 787 323 811 176 495 201 565 574 490 804 819 678 399 126 243 433 872 300 871 749 796 429 170 857 514 883 586 121 145 419 838 905 466 409 660 143 565 538 708
497 497 486 491 483 504 489 484 543 455 520 481 486 532 569 461 416 572 526 403 408 481 581 546 469 377 556 417 632 609 609 645 438 404 643 532 654 407 462 536 545 660 693 434 685 614 428 408 745 543 663 474 601 734 743 323 300 408 506 414 768 804 649 531 387 522 613 676 369 725 849 451 723 642 393 639 401 870 209 320 859 779 695 813 917 371 592 236 247 498 61 556 931 322 489 139 19 233 802 845
498 491 502 490 524 519 489 540 484 471 539 558 501 487 560 555 551 425 438 579 436 573 530 458 539 567 426 571 379 381 516 535 629 591 461 412 651 322 406 620 367 705 539 502 658 273 610 339 396 282 441 593 629 619 497 350 680 468 348 572 488 632 356 594 175 560 322 604 526 184 812 690 272 156 591 296 557 228 890 302 821 717 663 175 913 293 448 288 195 606 144 599 441 653 676 257 578 386 950 936
505 495 491 489 523 527 512 516 457 455 485 528 446 495 543 462 462 536 422 435 522 552 426 479 594 539 404 423 618 603 479 521 446 429 356 673 486 499 402 568 591 296 457 294 440 677 458 487 461 266 332 329 315 264 590 413 288 558 622 205 312 520 809 207 422 699 504 484 469 171 813 146 186 610 824 207 265 808 875 457 209 516 789 653 80 432 379 492 798 294 599 434 588 148 745 837 287 167 934 575
505 510 491 489 477 492 507 520 529 470 472 463 459 468 510 505 420 436 419 439 489 489 451 533 462 524 496 487 399 438 605 398 646 663 382 610 419 673 635 353 310 625 326 615 443 685 451 655 535 395 611 389 480 332 350 328 372 745 606 648 456 518 197 253 676 187 789 261 648 702 181 324 575 785 350 529 495 134 152 172 847 181 764 354 606 757 561 77 275 259 831 346 589 890 319 961 913 663 478 592
499 505 514 515 525 480 487 502 509 516 552 518 553 559 466 510 422 566 523 459 571 463 501 604 446 462 506 368 606 590 557 570 451 555 454 589 483 358 431 601 323 557 489 472 686 623 401 551 392 676 327 709 375 409 441 642 725 457 781 633 416 334 325 688 470 755 788 603 592 415 189 745 681 608 437 652 681 888 422 197 387 312 151 285 675 917 708 598 517 303 699 549 659 679 100 971 369 120 567 231
502 510 493 486 491 479 533 465 529 482 489 484 542 488 558 559 464 508 451 553 575 405 469 603 604 613 377 475 622 386 467 428 402 519 598 456 586 603 541 499 512 345 313 341 696 514 585 398 510 439 278 565 557 258 708 330 273 312 778 543 778 678 709 469 277 444 576 810 550 452 344 801 853 137 393 333 283 372 626 119 124 615 358 216 311 865 732 733 594 868 224 886 598 673 578 342 747 661 31 579
497 508 497 500 489 520 471 519 521 459 455 518 544 520 436 429 478 548 471 409 510 419 520 473 516 571 635 500 386 637 586 546 576 561 503 345 573 430 610 427 410 337 632 317 470 600 512 278 505 553 557 331 422 693 298 734 511 251 389 211 758 602 391 236 763 190 267 598 181 757 370 452 534 358 487 331 597 652 729 248 226 277 200 103 560 176 876 496 530 401 484 593 101 485 930 597 57 691 828 227
497 509 508 494 481 490 475 498 465 526 485 522 553 484 455 540 423 504 472 511 537 588 444 578 445 371 457 554 584 599 375 566 371 613 464 444 676 345 553 538 359 389 310 676 335 274 644 317 673 346 397 495 510 748 610 397 545 645 457 778 573 760 464 379 349 466 306 473 429 310 729 645 695 280 635 440 182 569 803 193 375 651 134 171 760 763 383 456 776 230 561 814 626 235 250 313 307 310 899 419
499 506 506 516 498 476 524 469 493 480 491 478 532 500 506 561 509 513 477 561 569 601 608 523 385 398 550 408 560 466 542 523 636 344 497 636 630 645 507 509 398 453 648 301 645 562 709 295 527 339 251 582 698 519 615 493 704 336 352 624 310 335 494 612 731 769 831 239 192 807 810 391 676 261 670 144 526 475 567 669 213 263 160 650 231 648 334 330 939 439 146 196 249 374 947 509 614 193 830 853
505 497 495 517 486 527 501 539 510 491 476 482 444 533 458 572 516 450 570 502 416 434 571 392 447 542 456 360 453 482 599 344 415 467 407 398 408 432 414 636 343 334 610 641 286 558 599 520 561 699 541 417 718 494 418 519 632 331 612 450 785 509 801 223 651 525 278 165 350 640 408 814 386 506 817 296 204 403 759 822 157 201 570 163 882 80 909 195 883 792 299 572 904 385 409 442 636 563 478 363
501 495 485 510 496 508 479 500 496 454 508 491 441 518 454 558 450 526 510 463 456 566 394 394 419 515 571 546 613 387 499 585 512 371 536 646 633 498 599 546 443 437 492 324 693 530 328 332 557 623 591 414 515 269 742 383 254 587 637 675 704 283 669 486 411 322 511 341 392 278 151 361 592 697 157 683 793 739 204 101 283 698 166 131 226 846 891 544 793 663 857 230 942 631 439 858 61 274 65 884
502 500 508 516 480 498 513 471 530 505 532 537 469 448 510 547 530 553 476 530 425 417 527 454 529 434 549 614 463 373 565 617 559 622 642 398 446 411 587 614 613 551 710 542 485 469 624 433 393 564 707 574 709 530 361 662 652 303 281 283 408 786 616 505 446 234 187 585 661 204 586 487 562 539 278 356 425 403 175 602 444 100 595 263 886 109 840 328 683 456 87 680 871 743 92 285 444 264 840 530
497 495 490 510 511 505 525 488 537 547 551 489 521 534 492 517 489 580 549 590 500 403 528 528 410 565 583 502 533 489 480 505 583 475 424 457 452 588 667 445 316 566 354 324 644 378 381 537 422 436 581 485 419 731 226 558 625 695 449 658 366 368 701 619 480 286 701 205 435 158 612 449 398 556 791 480 668 289 867 286 368 421 571 737 243 249 146 167 365 87 924 844 366 73 882 502 95 557 882 521
500 510 497 509 488 512 480 522 466 476 483 547 512 547 447 431 451 496 492 523 395 491 385 573 452 606 372 523 362 482 636 495 582 568 410 482 498 354 428 442 656 592 572 718 705 502 682 417 729 433 642 356 422 267 740 751 407 468 335 673 580 190 538 389 818 245 824 185 655 742 745 729 355 529 172 188 133 773 636 168 198 674 383 209 80 696 156 98 225 155 845 267 605 110 769 87 193 53 293 536
497 490 515 506 520 478 521 528 470 484 469 488 450 526 541 459 539 540 577 586 453 455 523 506 519 570 423 424 642 645 352 427 467 568 651 425 513 622 429 595 330 672 627 462 350 530 465 383 573 436 732 554 522 755 661 310 635 317 326 264 405 796 802 269 780 377 279 287 541 366 381 652 490 674 305 472 184 646 242 530 222 239 169 446 720 359 248 906 102 430 793 263 365 348 464 278 675 338 361 818
499 500 505 496 478 514 483 501 529 483 486 503 471 438 470 519 544 556 423 513 479 598 479 472 480 620 479 630 443 595 597 648 502 507 387 491 598 544 320 441 535 375 615 529 309 444 281 473 688 716 284 702 403 475 335 369 348 528 373 793 654 658 466 611 308 799 306 434 355 524 354 760 230 597 200 850 684 305 620 739 554 351 667 818 264 692 238 725 912 541 363 481 944 795 551 520 750 13 303 266
501 503 501 510 482 517 515 492 513 469 467 473 458 463 575 549 452 472 563 443 449 535 406 502 502 487 586 439 638 400 457 528 660 654 528 519 440 457 438 566 313 671 486 311 696 697 726 474 713 339 491 733 736 389 388 458 768 472 600 698 434 204 235 724 703 798 623 272 737 838 388 222 204 738 761 351 426 451 345 254 779 852 310 306 111 388 874 688 793 54 171 763 772 89 166 640 902 602 925 334
500 494 486 510 516 528 500 472 484 509 455 458 447 473 574 567 540 521 451 559 439 445 546 586 510 416 476 470 380 546 440 502 605 430 581 674 489 430 496 342 656 345 285 635 555 665 420 470 337 511 623 604 451 579 637 271 311 624 339 479 372 613 500 596 197 354 435 827 777 639 762 425 186 819 674 530 308 274 440 726 863 518 130 250 425 676 822 744 624 725 355 759 278 170 559 650 706 766 896 46
503 500 510 498 480 471 519 527 511 482 548 494 472 569 426 434 555 573 584 476 503 507 416 591 487 414 531 590 523 592 618 355 524 630 648 402 561 647 392 362 529 301 701 400 514 373 545 287 389 441 504 302 450 719 566 369 664 318 359 796 735 343 299 683 475 791 692 458 700 544 701 571 714 519 284 707 767 162 772 248 660 637 298 393 177 324 328 218 295 261 633 876 416 851 207 361 290 345 981 858
496 502 515 485 482 523 511 508 528 461 467 516 479 561 570 528 453 443 592 496 536 426 409 405 502 404 575 582 468 509 347 486 550 473 424 565 506 676 506 577 586 503 548 650 359 487 547 632 284 749 429 407 383 487 536 511 230 271 640 452 736 694 268 760 344 672 418 443 564 402 657 697 572 506 165 241 795 731 716 350 629 217 743 471 773 283 654 303 287 83 523 216 661 292 811 653 937 897 635 197
503 491 508 485 503 508 497 503 493 536 514 508 562 455 447 442 575 429 437 544 531 515 469 399 495 414 367 593 526 417 367 609 505 463 659 585 403 620 425 615 417 567 639 654 366 285 595 493 668 520 298 465 297 475 246 605 270 517 562 429 561 723 382 395 419 252 185 622 743 230 520 325 856 450 143 408 732 156 143 389 714 901 128 709 450 257 678 345 135 553 503 266 933 610 437 594 496 613 241 698
498 495 486 494 520 478 482 538 499 548 460 496 506 525 463 549 537 498 576 537 546 568 539 562 421 449 519 632 641 496 563 493 655 516 467 458 406 373 431 461 469 465 569 281 317 379 443 454 372 577 440 273 376 393 237 539 643 226 665 359 625 634 311 257 519 205 776 313 592 308 663 765 589 540 457 424 561 455 410 280 895 589 788 355 542 110 398 369 475 392 179 712 235 876 59 502 718 802 304 710
503 508 512 515 515 482 478 535 465 464 458 475 482 505 464 503 448 487 522 506 495 491 465 462 591 494 606 537 608 603 409 522 605 390 542 444 510 462 609 485 301 386 590 501 305 584 334 433 530 561 547 734 623 615 741 292 371 445 219 502 292 214 576 366 306 595 252 550 589 765 682 208 279 816 421 445 179 699 816 116 133 600 708 329 744 167 934 590 792 748 895 223 894 749 309 689 645 957 149 278
504 507 496 500 512 515 493 493 494 453 526 534 445 510 519 488 493 531 505 401 469 461 573 459 421 596 445 381 629 452 617 549 643 463 340 457 409 345 333 513 345 705 583 501 383 722 446 413 413 680 573 668 401 671 671 358 677 373 763 780 753 554 228 205 447 590 274 690 527 248 795 713 345 379 364 231 317 548 728 172 323 891 834 343 363 908 923 439 191 754 774 72 242 365 366 303 746 52 940 300
497 504 512 496 498 470 514 469 525 527 490 531 453 501 528 424 492 457 578 424 505 458 411 415 621 553 635 623 628 513 383 399 377 586 607 518 677 528 434 505 297 305 613 547 652 371 541 599 327 448 614 742 522 320 316 340 221 224 661 475 482 552 622 271 218 801 298 489 674 179 840 517 779 207 821 126 168 753 875 611 579 462 95 918 394 466 363 843 449 396 250 409 230 730 642 859 850 887 267 313
504 500 494 502 505 497 526 524 506 497 527 496 486 466 429 420 585 448 472 405 561 479 513 477 402 576 618 595 457 489 598 407 337 404 394 473 498 508 609 685 297 315 373 364 622 314 325 559 420 415 486 285 607 529 727 442 350 610 737 473 627 619 638 721 654 409 744 744 276 535 497 847 501 869 521 609 615 374 295 405 233 339 336 239 554 449 659 848 265 531 257 907 213 55 226 168 382 393 522 128
496 503 487 491 499 501 488 510 473 501 491 455 472 538 464 433 500 416 526 417 448 410 440 500 522 442 521 583 396 490 597 347 350 442 512 422 558 436 600 381 580 445 425 459 557 321 688 609 478 660 579 247 595 314 600 466 262 559 588 203 197 206 290 206 459 228 310 587 406 223 777 354 661 519 173 433 165 454 723 188 497 387 624 833 800 926 597 88 611 779 619 350 871 765 533 940 609 342 148 173
499 496 509 489 514 475 466 486 468 516 474 491 548 495 527 485 510 545 423 443 428 553 442 527 556 407 390 557 379 609 552 630 607 343 620 510 516 640 561 691 473 454 457 380 623 443 507 674 492 693 605 528 658 326 529 549 755 698 562 655 593 665 450 259 619 359 542 516 260 407 492 763 260 504 797 622 155 239 828 488 642 334 642 888 774 489 634 429 373 411 941 665 943 711 540 173 642 147 562 266
503 508 488 503 480 470 480 524 504 530 508 503 486 439 533 471 549 543 478 430 573 436 562 569 487 436 372 422 395 516 576 389 510 330 573 614 430 640 545 590 539 538 648 620 299 503 467 715 601 558 714 591 387 622 676 248 332 775 609 620 752 378 788 210 474 172 441 514 802 275 322 776 705 146 142 315 397 758 201 443 822 630 867 695 262 472 603 224 381 302 283 370 334 429 253 601 557 919 548 495
502 499 494 510 484 485 516 512 533 464 496 485 443 441 515 485 499 519 447 454 465 573 533 527 381 541 587 516 508 609 537 546 577 472 462 568 641 415 659 665 599 518 469 472 695 353 702 613 479 743 669 315 657 413 637 638 440 262 500 779 639 742 339 407 734 374 466 728 248 765 544 309 409 790 799 272 197 566 345 414 733 428 551 210 626 894 641 365 815 550 416 527 448 717 693 559 309 686 371 602
499 509 491 496 489 499 482 490 505 517 533 514 521 502 529 517 575 442 426 499 439 451 403 538 448 492 512 500 515 538 374 574 452 491 640 362 504 464 331 489 478 296 382 338 290 563 732 341 474 324 584 555 723 262 640 654 519 650 683 754 518 390 751 673 321 818 788 603 260 578 544 147 177 858 194 432 400 250 822 896 226 910 178 584 309 251 772 422 912 752 217 301 832 476 118 146 294 337 13 985
496 505 485 490 522 494 507 532 459 504 447 466 520 530 531 453 433 433 574 578 519 594 598 452 551 458 392 447 453 618 565 432 465 551 378 649 547 664 343 493 396 532 544 616 682 672 720 666 675 443 255 447 607 539 290 612 520 605 752 580 599 676 722 338 663 391 694 816 207 269 359 311 709 199 856 153 674 461 110 683 648 683 865 842 450 547 503 348 217 357 120 386 723 458 583 650 48 581 615 680
502 509 492 511 514 521 505 523 467 483 535 553 508 501 481 555 464 411 584 454 488 598 461 556 491 371 574 495 470 350 470 625 453 537 379 461 513 564 539 556 566 363 688 475 580 403 538 714 671 668 454 745 442 390 566 539 334 780 706 203 721 224 689 563 583 280 406 648 331 490 735 474 303 855 175 331 273 668 592 794 902 902 287 321 248 737 543 107 676 67 479 411 556 135 141 739 192 712 677 400
501 502 498 493 518 514 519 529 525 458 514 455 555 542 428 487 445 481 416 525 490 477 408 386 384 623 448 430 511 498 554 624 430 526 656 592 502 467 509 576 509 344 645 673 705 465 708 279 653 599 680 479 306 370 683 694 502 790 655 575 491 358 299 255 332 339 342 537 517 353 226 227 451 582 141 867 248 246 818 673 353 507 363 205 726 149 657 745 877 443 733 836 134 87 678 173 207 289 843 414
496 492 496 520 510 480 525 483 464 492 473 545 437 545 452 442 508 494 533 400 510 394 611 447 487 382 481 503 569 519 560 599 658 330 483 527 439 634 509 603 428 297 323 527 713 706 508 360 450 616 290 427 555 702 673 328 562 718 392 359 450 430 590 539 531 719 490 281 186 589 503 394 813 466 596 150 579 885 848 780 789 860 778 536 860 667 407 845 838 805 420 691 50 758 432 397 384 208 150 262
