503 498 513 481 487 495 529 511 497 489 506 557 506 436 534 553 441 547 471 421 539 471 582 434 578 584 368 579 592 377 488 504 490 449 665 627 428 442 585 406 334 374 616 390 605 586 337 474 428 256 288 327 728 257 725 318 343 309 671 315 378 735 288 304 550 308 272 406 252 195 474 576 702 734 502 842 474 868 716 307 437 608 570 170 143 225 919 359 374 150 633 902 101 465 407 275 471 693 121 134
504 501 511 494 510 527 528 533 535 481 551 553 440 505 534 579 554 578 568 444 479 472 504 485 375 603 564 400 578 420 475 355 423 500 388 645 467 419 369 645 592 459 527 344 684 281 297 603 456 541 570 734 403 446 739 220 726 789 425 781 299 391 319 258 518 536 202 593 390 748 264 227 682 467 445 572 489 744 829 638 370 196 735 701 515 243 247 249 767 892 455 809 710 844 481 970 980 985 774 632
504 490 513 519 480 515 479 520 537 533 505 486 473 508 507 493 518 416 489 571 468 538 451 558 611 466 386 625 597 605 506 549 645 375 570 544 456 409 354 525 313 645 345 300 538 638 294 594 497 560 363 533 565 590 531 278 628 781 597 391 353 611 459 760 483 226 494 468 716 491 458 362 166 783 217 163 230 611 455 531 400 277 766 725 830 799 235 765 264 764 176 241 347 113 602 820 356 206 500 606
495 505 498 486 508 514 504 484 517 450 516 505 482 515 524 459 462 553 589 510 531 484 462 561 451 384 607 569 579 507 498 562 542 665 373 384 558 316 445 505 388 571 527 538 527 503 453 296 260 749 555 614 676 397 352 430 390 582 581 800 670 739 294 267 716 380 697 830 815 287 629 230 381 751 673 820 294 295 642 397 418 322 227 501 204 541 196 604 72 734 62 450 571 506 577 468 927 657 273 293
504 508 505 496 503 473 482 474 526 511 504 495 440 558 566 522 578 530 428 451 510 480 482 591 423 585 486 489 544 434 465 611 447 362 583 555 483 675 631 626 681 513 336 592 679 414 719 702 718 463 660 649 680 622 354 338 536 224 587 482 316 693 715 475 340 733 696 268 741 339 420 298 211 240 244 743 433 560 684 308 609 787 202 506 302 368 827 98 588 317 189 246 677 36 315 307 872 289 633 92
496 506 497 480 483 501 476 493 489 483 479 451 544 559 468 459 418 449 473 464 483 569 551 430 515 551 438 625 557 593 414 489 611 456 430 365 545 560 691 488 376 654 527 376 505 687 539 593 337 564 629 535 738 346 324 492 725 344 792 655 599 339 471 713 195 276 377 485 362 842 566 434 804 569 247 541 629 419 424 820 535 816 657 528 487 244 297 146 591 538 278 276 677 411 532 199 863 695 924 52
501 505 495 512 509 488 516 519 459 541 539 498 465 496 479 471 433 537 421 506 545 436 463 613 537 536 618 475 612 607 621 592 428 659 593 588 426 420 402 351 309 323 303 691 569 528 452 679 473 566 735 255 600 644 730 685 304 371 730 452 576 289 460 636 191 346 397 309 204 276 534 354 778 534 363 630 561 115 422 493 829 771 789 731 313 72 105 893 269 313 76 374 308 743 680 493 288 933 329 160
495 510 500 513 518 499 530 529 489 495 507 477 516 438 566 548 569 437 413 586 396 451 392 544 475 624 563 588 457 608 591 400 664 362 653 401 422 343 442 393 304 443 487 340 356 565 520 262 434 253 683 672 416 326 708 605 637 456 440 492 196 332 598 686 322 817 166 572 663 453 507 722 301 616 168 150 352 615 159 451 699 725 455 198 838 551 725 657 561 411 281 591 121 845 730 247 751 755 973 14
497 493 485 505 517 519 476 536 541 522 498 476 492 521 529 484 576 561 554 469 398 605 578 397 590 500 562 583 547 627 573 360 615 609 509 547 505 552 609 693 396 502 396 463 724 502 661 566 483 348 728 654 275 256 236 441 670 313 527 485 428 669 583 251 303 730 602 485 710 352 384 555 197 610 556 295 799 409 834 768 172 467 280 862 342 887 167 479 184 842 321 731 712 941 37 103 132 100 15 413
504 502 499 480 494 481 500 465 477 530 518 531 466 496 475 494 454 465 534 560 420 513 414 452 624 483 409 486 505 446 407 360 463 657 354 537 426 642 305 358 578 301 674 524 558 527 658 441 327 673 750 401 604 276 592 287 507 329 716 724 229 508 721 509 192 171 635 498 468 401 725 615 137 718 538 458 258 890 124 787 584 602 570 269 881 124 308 236 633 391 821 71 917 932 632 136 668 390 6 721
503 508 507 520 516 493 474 531 498 459 498 505 466 557 520 525 579 416 587 480 448 515 563 556 543 460 498 427 624 626 406 359 652 378 387 666 504 351 442 479 582 406 439 410 560 674 700 311 356 327 730 728 311 624 520 645 441 339 591 379 458 566 457 440 432 524 775 192 503 642 818 179 830 493 157 202 261 365 316 284 761 209 672 404 790 87 896 322 935 697 108 144 666 659 514 263 255 724 917 87
495 506 494 493 487 494 484 530 475 479 506 455 555 541 507 422 532 504 506 521 591 474 562 514 455 522 531 609 568 369 471 444 509 436 398 657 363 496 664 618 386 389 445 321 382 563 314 481 698 529 689 684 352 370 235 519 747 625 364 328 226 528 590 539 814 519 619 510 674 832 499 848 836 828 695 794 289 684 291 242 624 660 389 343 314 373 830 300 176 177 936 394 196 209 705 297 731 446 562 593
503 492 515 495 500 499 502 518 541 464 450 502 461 552 556 534 422 452 482 545 548 548 450 560 434 571 405 405 557 482 439 405 655 516 404 456 656 624 589 319 305 539 492 447 323 334 375 477 602 556 736 361 283 752 624 451 215 323 522 558 354 524 573 531 236 386 553 256 282 488 265 361 221 578 721 528 475 759 376 358 563 566 295 754 387 806 184 202 658 365 51 924 428 697 526 719 639 553 796 513
500 494 509 489 508 480 514 538 519 495 506 517 531 488 429 468 553 532 568 413 557 588 403 537 565 372 400 454 581 534 448 648 584 596 487 679 579 634 336 574 492 591 679 291 654 491 557 663 303 584 541 464 759 343 310 454 585 428 391 472 217 547 250 632 298 372 304 257 528 448 682 517 136 496 789 745 457 408 701 817 816 304 392 632 577 749 213 542 284 529 337 510 547 36 428 253 234 742 419 438
500 492 499 487 513 486 474 529 494 525 553 469 549 477 572 500 534 526 483 438 537 520 493 593 423 524 435 496 616 472 483 522 446 558 359 539 522 515 560 333 696 698 542 314 603 581 480 739 695 402 271 401 251 333 747 571 613 704 681 486 429 699 352 220 797 703 249 357 431 706 402 356 516 344 786 234 237 649 128 529 177 674 496 879 367 507 771 378 609 524 691 931 489 264 879 865 484 303 443 921
502 503 492 490 518 474 522 462 474 523 501 476 442 530 551 450 457 588 420 557 474 579 510 527 475 463 402 586 432 419 563 585 562 343 620 551 653 408 446 438 355 470 422 379 605 292 399 537 456 660 468 268 339 402 615 625 679 580 690 459 622 783 405 715 477 364 628 518 586 203 337 651 791 816 195 660 406 675 114 506 455 333 227 521 466 585 286 458 99 354 503 870 114 596 319 845 290 366 904 460
496 491 511 484 499 501 519 536 512 550 481 444 446 559 468 461 465 502 572 495 402 417 389 500 477 520 557 493 552 603 451 650 534 372 563 434 319 496 341 384 430 532 409 558 345 582 599 643 448 511 295 306 578 754 388 750 549 610 444 588 745 209 281 370 728 564 634 306 784 601 194 182 135 452 781 660 259 806 408 268 113 749 666 269 76 673 916 756 460 275 807 788 85 279 475 515 162 40 421 524
495 507 512 492 479 506 481 474 539 456 491 465 516 505 482 554 460 503 498 563 545 392 611 422 624 380 411 587 644 494 477 378 523 512 332 340 537 652 637 415 340 332 474 611 523 700 687 725 315 743 303 724 601 541 281 763 409 635 492 224 271 809 731 363 241 819 701 357 756 532 771 804 656 845 347 430 844 420 750 243 207 296 379 613 788 479 425 525 905 251 422 359 908 445 506 696 944 948 105 427
498 507 507 509 516 510 502 484 502 454 499 488 490 444 521 522 446 419 407 450 526 590 450 472 563 521 495 564 602 524 436 646 552 506 654 436 371 329 463 336 566 318 668 614 313 399 706 543 523 561 477 456 281 237 654 751 410 776 590 541 706 775 487 679 691 558 509 504 565 273 816 395 668 792 622 202 117 530 415 291 711 751 570 297 795 407 764 492 699 190 593 229 799 357 104 482 244 928 160 592
495 491 507 499 493 472 489 466 469 536 481 471 458 551 537 492 529 515 437 594 528 504 513 507 611 405 516 411 584 604 412 498 434 474 516 670 661 384 551 300 619 583 340 283 604 471 608 534 352 528 552 746 252 340 669 601 587 441 757 620 346 531 287 428 701 357 656 374 283 639 229 140 459 836 372 575 709 279 501 145 562 576 846 401 574 345 175 62 209 331 242 520 964 125 749 91 526 238 175 287
502 508 514 497 486 506 490 505 495 520 496 475 447 518 481 443 481 432 530 589 508 533 448 477 578 554 393 385 388 561 645 625 590 592 485 534 498 638 617 477 614 577 330 414 663 497 599 280 515 473 598 315 591 435 390 380 504 249 250 505 794 652 742 184 693 246 558 809 585 746 547 450 469 162 200 688 259 450 472 306 520 774 420 867 542 809 264 696 453 478 113 885 159 712 283 936 780 160 665 984
498 492 498 499 520 519 483 503 480 549 461 495 513 461 482 483 533 579 581 581 417 538 484 389 436 386 601 486 372 535 531 520 629 339 461 545 553 496 495 689 522 599 350 622 298 325 538 487 438 417 649 691 280 350 382 777 541 551 337 459 762 202 756 478 397 566 670 572 225 819 675 243 302 173 648 207 341 230 238 472 686 271 852 842 814 255 182 341 531 823 506 60 195 45 595 962 88 546 670 218
504 498 515 491 497 475 468 539 504 510 545 541 539 526 450 526 508 574 528 546 497 403 606 461 418 552 550 567 523 589 637 586 356 466 650 397 498 637 385 399 387 605 334 322 659 385 376 415 613 726 657 710 317 734 602 420 361 555 263 278 801 409 717 197 467 786 199 165 546 331 541 709 315 850 789 585 729 234 672 329 413 464 510 223 328 112 243 539 410 358 92 377 280 149 267 603 213 110 98 812
498 504 492 518 477 498 481 469 505 470 502 489 555 479 559 488 437 579 572 423 561 414 410 417 466 628 400 598 594 360 445 657 616 367 343 661 579 608 523 554 449 384 318 666 503 588 277 274 676 668 364 314 745 340 489 498 473 281 726 634 689 353 521 385 198 658 431 300 406 832 211 717 623 201 490 430 403 439 519 184 338 724 642 277 274 808 174 868 915 949 249 396 402 970 279 857 188 152 952 644
503 497 501 504 519 471 484 491 467 455 475 460 565 500 425 443 579 466 493 453 452 424 421 442 581 487 536 443 550 403 483 491 514 377 529 554 326 368 399 633 587 306 349 679 659 319 454 368 683 563 302 623 543 728 772 528 480 378 720 755 793 444 259 406 711 675 288 799 395 355 803 625 460 258 835 741 402 693 267 787 542 512 860 710 127 620 753 583 186 714 270 916 227 462 630 870 420 975 429 44
505 503 490 490 519 491 471 519 526 477 501 553 475 537 517 529 462 438 572 400 556 589 600 474 472 478 367 452 403 378 542 482 443 348 602 472 675 356 675 376 440 564 567 540 699 571 292 460 386 728 663 518 394 334 262 328 587 239 485 244 626 357 580 247 425 735 226 692 330 617 834 707 571 798 452 176 734 790 696 150 550 844 343 813 372 873 180 330 233 60 736 606 372 648 924 40 851 294 414 694
503 500 506 481 480 511 498 468 539 543 555 530 537 528 496 508 514 525 511 567 420 503 456 598 554 386 461 444 382 504 546 508 554 383 479 481 514 445 407 581 346 608 645 467 525 377 432 611 673 271 576 332 284 531 367 306 260 766 519 473 559 422 758 239 450 812 294 318 670 639 536 463 403 702 822 519 482 134 499 767 145 552 108 201 367 489 505 817 843 881 923 183 595 681 798 490 650 852 299 997
500 503 507 514 520 493 502 526 500 504 461 489 487 542 477 541 471 443 587 460 552 545 477 512 389 506 565 592 562 602 365 372 583 441 600 384 434 602 463 423 465 619 514 695 677 615 709 709 522 624 473 748 591 230 613 373 686 655 362 736 395 648 352 459 248 255 799 523 759 835 824 226 337 442 181 589 501 616 770 838 704 586 154 721 430 575 549 443 277 640 427 668 650 483 631 610 375 374 572 418
496 492 507 481 518 521 505 486 511 507 533 489 489 496 546 461 416 536 532 545 456 431 491 525 423 543 543 552 509 558 524 588 494 366 507 543 547 512 333 672 322 484 302 448 619 627 680 452 416 724 265 644 635 408 378 304 606 683 391 461 462 650 458 795 688 236 749 457 497 522 450 222 142 350 626 786 590 662 812 274 698 545 678 692 454 88 579 414 722 855 849 276 320 277 906 147 479 462 880 608
503 506 497 490 478 519 528 479 472 514 447 450 518 508 501 562 547 510 573 478 459 524 533 412 458 460 416 469 509 405 647 345 564 557 460 615 328 503 320 543 512 688 291 618 517 546 510 372 324 720 709 535 467 330 703 328 327 368 354 408 474 251 617 645 681 449 276 207 241 811 625 516 662 655 441 819 413 600 759 403 343 579 799 464 669 736 311 152 800 555 503 813 522 671 919 637 902 584 22 521
501 509 515 508 514 480 534 537 495 522 481 520 548 448 445 558 444 427 499 470 568 410 392 438 499 390 413 537 506 389 414 397 397 633 505 429 657 634 691 599 355 622 381 286 505 507 334 552 681 658 353 372 495 757 509 423 572 559 771 700 263 414 756 601 199 491 797 287 750 672 741 554 490 452 365 790 411 460 238 648 462 601 771 245 692 189 430 798 839 648 573 315 281 340 136 360 324 577 135 637
503 498 496 513 485 481 533 522 466 513 482 463 513 476 435 489 552 519 537 475 418 554 572 496 438 538 388 442 604 592 584 491 398 578 509 419 465 643 606 686 506 402 555 360 527 284 327 371 603 343 648 317 343 257 609 380 754 587 768 677 804 655 348 267 237 644 227 671 423 579 716 174 165 867 226 499 251 849 703 428 477 127 621 514 554 900 363 543 210 636 586 134 703 191 685 323 54 798 510 720
496 493 501 485 476 503 467 534 488 508 472 499 483 434 552 439 513 485 458 468 604 473 420 447 580 434 447 575 512 509 453 382 623 520 527 327 620 516 507 655 340 575 298 469 633 306 697 430 596 584 563 443 551 263 566 620 355 608 374 433 266 632 633 751 353 757 306 560 768 813 294 608 437 130 308 720 641 722 289 177 584 558 217 797 595 661 70 834 236 469 101 776 157 104 48 535 411 495 319 380
497 503 492 486 494 483 479 484 524 455 552 493 481 461 547 440 468 483 421 594 576 523 420 388 563 515 510 579 470 401 486 651 479 560 501 385 553 662 362 365 642 468 561 498 700 648 636 424 591 414 563 586 749 286 233 238 345 527 649 754 369 345 630 258 606 476 354 291 268 419 820 643 678 383 795 726 285 127 811 186 868 729 122 574 511 796 142 823 194 216 46 70 98 596 272 447 836 466 251 820
504 497 491 490 485 488 481 536 525 505 555 452 496 460 447 575 534 447 437 435 450 418 584 537 506 563 479 391 580 526 559 648 575 481 446 550 642 526 579 462 488 614 688 387 325 467 734 632 370 665 415 608 544 549 288 281 722 738 257 685 583 733 755 239 455 571 294 298 776 382 304 220 665 249 516 531 487 292 795 654 725 696 111 691 757 109 775 572 211 341 448 377 822 589 87 368 582 19 132 443
501 490 515 488 525 497 467 472 531 547 453 525 525 430 455 534 517 519 487 494 604 409 546 532 525 441 451 435 386 438 448 402 587 464 534 650 534 577 334 417 488 419 597 610 390 409 451 499 335 291 663 758 303 679 669 324 690 354 477 488 554 780 485 644 315 781 204 586 490 173 371 329 767 155 475 571 710 459 620 338 106 141 641 529 598 118 605 304 722 340 769 366 574 656 578 643 194 973 795 722
505 504 504 497 511 519 496 534 478 456 481 442 540 489 519 534 420 528 537 580 593 573 602 511 451 508 556 475 504 464 651 556 389 360 629 479 353 353 391 395 652 296 309 688 427 291 460 564 655 256 563 672 239 699 306 382 547 595 266 430 600 309 678 615 244 481 293 621 454 745 237 532 473 578 517 238 351 830 435 366 459 451 157 418 457 762 136 234 283 490 316 329 141 55 169 411 233 971 869 193
495 492 492 508 507 510 528 487 523 485 546 470 543 450 454 442 501 488 568 416 409 396 394 559 548 515 557 578 610 561 390 389 642 634 652 629 459 402 484 313 602 691 317 388 598 709 569 507 697 602 726 511 241 657 284 303 353 777 495 223 716 737 499 445 464 328 277 515 172 706 685 378 668 502 536 627 752 819 559 228 581 540 604 828 678 656 900 203 426 405 780 619 818 770 318 565 792 625 279 960
502 504 514 515 522 521 508 512 494 462 477 477 505 507 551 518 490 476 515 446 595 534 603 509 523 405 423 638 413 642 534 601 632 386 411 477 368 569 607 645 444 667 530 351 609 411 459 668 458 488 613 370 682 698 342 400 306 287 664 487 330 616 313 272 219 722 653 437 188 734 606 461 533 382 772 403 251 744 778 525 674 716 298 568 249 911 858 638 402 846 706 442 856 555 892 726 582 838 160 222
499 504 498 496 511 503 517 490 468 500 499 479 565 441 472 573 420 478 538 446 540 571 531 424 552 589 617 441 495 498 518 625 353 664 352 498 354 507 562 336 412 653 509 692 474 507 409 306 528 525 556 410 418 501 250 579 355 611 216 731 384 340 249 763 237 722 696 581 734 706 366 155 140 244 330 432 433 856 717 235 728 451 827 278 123 881 456 112 310 152 619 559 875 903 535 569 177 802 103 210
503 492 495 509 522 501 468 540 468 543 515 450 502 533 556 533 548 537 578 556 425 558 398 442 559 385 460 389 622 598 355 353 428 414 415 680 628 541 473 626 349 596 291 668 708 280 641 607 535 545 350 573 529 540 449 269 468 544 369 504 348 625 566 449 337 504 298 784 633 203 360 585 214 183 162 163 156 313 454 311 280 231 174 415 411 830 816 398 671 343 81 542 476 67 894 154 566 179 235 244
500 492 490 486 477 518 466 492 521 529 518 450 562 495 430 438 495 581 536 467 479 467 411 614 407 474 505 413 478 433 571 475 424 478 474 459 623 530 478 491 693 506 359 320 692 281 524 426 646 378 441 244 700 407 534 547 260 552 588 389 208 243 799 215 680 825 606 801 610 336 327 644 721 289 546 517 152 810 760 114 578 557 108 209 736 742 846 931 807 272 143 375 460 236 228 81 978 836 646 26
498 498 492 481 521 527 472 527 535 500 458 551 484 475 489 534 476 586 546 520 470 478 486 608 610 549 548 501 378 414 534 534 402 552 447 373 582 439 634 432 395 520 530 482 464 567 438 459 440 714 380 467 449 733 383 758 767 568 518 270 555 651 567 216 206 706 348 502 497 503 788 545 644 289 613 495 491 694 894 565 410 539 672 745 300 722 632 631 113 823 772 442 221 915 393 44 367 303 600 687
499 500 497 486 515 519 470 520 519 509 539 464 506 449 443 420 562 423 570 416 405 492 444 620 531 550 615 549 408 615 375 659 580 590 422 412 570 366 356 547 313 374 488 616 527 609 708 583 448 634 423 418 746 321 711 454 476 448 409 673 331 307 434 433 244 200 217 327 663 613 151 406 507 747 360 476 269 830 301 506 262 339 914 372 118 87 837 784 383 350 447 712 402 178 591 309 702 32 526 957
499 503 507 518 488 498 477 527 505 451 526 548 463 513 476 429 506 518 586 581 541 433 540 416 391 463 498 415 625 601 432 515 488 341 496 665 404 326 404 647 307 660 543 525 377 601 275 568 620 288 356 493 391 612 315 409 359 472 724 503 347 470 345 694 789 578 770 813 176 438 338 674 516 543 838 858 370 283 135 181 640 332 356 481 240 133 928 909 280 763 779 343 726 605 192 693 478 667 483 366
496 493 486 511 485 521 531 479 524 450 531 478 509 529 540 539 560 495 456 509 577 497 472 459 499 602 502 508 634 537 458 521 336 655 347 388 595 394 516 472 610 386 394 658 588 523 634 661 499 479 428 602 412 378 402 624 770 763 220 647 262 736 308 628 560 193 225 184 232 652 189 207 192 792 413 671 299 344 553 457 821 335 912 767 727 817 790 329 152 89 343 907 397 815 941 726 540 852 990 758
502 509 493 483 482 506 493 465 493 481 460 496 528 528 485 562 527 543 534 553 470 435 431 444 467 519 494 611 438 434 428 360 461 499 481 552 644 609 531 352 341 512 327 458 316 305 729 375 453 363 319 729 650 324 572 512 556 569 731 349 731 709 615 361 680 476 356 720 356 277 402 320 503 139 584 555 221 248 203 578 245 507 468 488 760 411 625 155 799 832 174 116 319 339 184 183 233 236 96 714
503 504 500 490 477 497 516 496 506 470 545 470 533 554 514 574 551 576 455 458 552 596 405 581 610 370 622 458 644 416 513 363 590 490 479 621 575 376 533 398 370 318 587 468 573 424 459 458 687 619 517 604 464 660 665 228 624 691 757 507 662 504 566 703 519 256 175 259 296 280 772 248 653 138 792 514 833 853 110 738 256 741 406 701 878 412 105 756 410 777 193 399 474 574 89 639 54 808 437 197
503 499 513 483 493 473 469 471 509 516 487 488 554 528 475 473 527 579 546 509 400 592 484 383 601 553 487 394 360 397 516 629 528 549 641 469 337 349 354 371 314 500 440 649 697 552 637 420 521 360 592 593 279 674 375 700 510 722 493 465 535 451 376 621 355 552 731 608 828 168 546 738 646 208 347 605 288 643 677 478 266 130 729 819 776 189 415 155 504 379 776 381 797 111 255 789 209 831 96 422
501 504 487 482 479 499 499 534 489 499 529 551 517 435 476 543 562 433 570 432 549 476 446 571 475 387 440 451 576 564 420 408 602 528 503 474 676 552 496 476 628 482 285 335 658 447 385 484 406 350 393 242 741 260 719 548 580 342 761 758 630 706 434 631 389 606 682 682 716 605 614 548 430 532 381 847 183 766 791 296 576 182 362 144 598 210 650 310 109 530 71 543 946 707 392 967 646 148 125 380
503 496 506 487 520 476 491 511 480 453 480 515 551 502 497 490 432 451 457 573 508 403 480 525 463 488 373 558 563 616 498 647 553 430 673 591 595 418 580 346 316 500 455 392 704 508 360 669 349 682 403 502 276 352 510 568 315 371 532 242 285 751 361 748 625 300 531 339 325 518 699 579 600 619 311 706 850 301 462 265 759 777 381 325 743 714 871 442 579 329 909 128 565 409 487 440 973 829 441 453
501 500 508 485 515 476 466 524 532 507 548 451 539 503 460 533 521 549 427 523 554 480 428 604 539 380 609 632 440 593 553 575 383 605 336 673 591 479 459 587 646 607 668 404 510 432 563 734 541 616 341 337 317 687 718 422 520 759 688 733 703 657 679 491 338 740 173 388 349 345 707 324 682 473 592 624 631 354 760 352 559 548 494 386 616 195 725 352 140 283 743 335 535 546 307 314 656 761 949 156
500 508 514 484 511 521 516 497 480 451 492 494 458 544 504 509 435 465 451 523 472 608 459 443 565 433 604 368 587 531 648 463 459 333 547 541 565 375 540 684 620 562 634 300 534 707 527 619 278 546 258 330 765 475 644 253 685 717 418 761 767 767 779 429 236 213 382 678 618 611 534 675 841 670 153 694 771 829 452 125 826 411 201 337 817 205 231 116 778 614 197 284 92 187 647 447 778 75 722 779
495 507 507 510 487 499 508 515 520 544 453 514 518 449 510 423 416 583 552 600 542 528 453 556 453 418 627 389 374 554 615 360 501 339 651 404 410 648 557 549 397 332 450 326 529 694 609 583 647 269 746 578 588 732 549 403 601 766 530 712 268 563 227 234 763 195 694 623 372 190 703 732 145 471 699 861 271 318 530 724 522 755 375 615 537 446 669 175 756 303 890 613 380 503 276 423 419 378 885 542
502 509 493 494 484 508 490 493 490 494 487 550 480 542 531 487 564 442 546 499 577 561 487 494 422 445 510 569 522 545 478 500 542 405 497 601 470 685 541 700 666 481 300 641 311 506 328 632 410 374 520 401 685 286 300 716 247 245 420 605 595 371 206 361 682 662 667 621 343 337 327 748 161 167 338 299 671 429 239 317 667 247 156 447 904 377 342 244 280 512 459 194 745 154 450 201 786 948 850 777
500 493 500 499 489 478 522 481 460 487 449 486 459 474 535 532 436 472 566 460 454 579 569 439 621 422 542 627 509 371 522 498 607 542 600 637 443 400 335 371 413 320 506 623 459 618 406 288 328 412 720 707 480 603 630 771 308 300 693 301 356 519 281 637 537 489 744 656 616 274 661 557 719 703 143 762 498 874 568 644 697 731 223 874 797 671 492 807 88 339 706 519 281 267 920 170 960 210 932 528
499 498 486 504 492 490 524 480 498 521 496 531 525 516 447 425 511 415 555 599 581 606 493 452 418 496 392 423 467 501 422 614 454 625 359 640 684 555 626 694 524 503 367 717 327 545 285 738 664 404 360 473 587 545 357 626 338 614 230 707 280 615 427 295 300 538 799 369 462 622 515 782 830 578 707 803 205 407 612 646 585 644 814 677 646 240 924 386 145 125 513 825 57 347 145 925 440 949 581 998
498 503 487 492 524 484 534 494 529 539 509 455 435 532 553 446 447 585 449 415 575 488 448 384 588 498 566 543 423 378 345 548 361 572 370 556 455 645 468 659 627 337 525 495 439 515 407 654 621 639 483 582 422 755 367 336 512 584 417 563 790 324 357 748 523 244 175 563 822 379 688 304 347 825 646 448 772 447 262 135 612 591 788 667 667 82 909 460 107 763 54 519 239 376 74 764 898 252 163 320
500 494 488 497 512 508 476 520 500 522 493 480 510 449 547 456 446 520 415 448 601 408 439 610 604 386 629 562 523 580 562 580 462 341 549 557 446 489 350 479 496 533 324 706 485 673 477 724 615 714 437 735 467 711 231 371 517 257 566 229 763 580 357 797 773 237 165 521 234 753 716 323 513 552 473 550 427 201 211 364 736 132 892 889 377 565 746 340 721 928 798 407 732 382 129 210 716 98 316 813
496 509 492 508 496 470 516 494 471 498 457 517 513 524 451 519 483 481 410 420 480 584 504 421 523 441 381 431 398 532 567 340 470 615 578 534 453 556 328 671 499 646 517 339 586 413 586 305 543 319 674 554 477 710 708 562 453 536 404 283 425 326 540 525 531 680 456 639 358 358 353 643 530 487 522 679 117 453 179 420 355 135 603 636 793 146 370 295 598 869 294 301 597 820 568 44 219 920 625 698
501 509 509 506 512 505 507 526 536 546 451 546 446 539 428 515 548 466 568 503 551 450 495 487 621 617 475 602 610 418 473 656 486 596 644 641 529 528 548 641 496 310 615 429 289 487 658 265 431 542 634 685 402 473 537 232 598 608 542 312 405 573 323 190 195 414 590 726 469 266 453 471 366 743 314 234 182 712 603 325 710 271 403 581 721 912 647 507 644 424 836 789 194 150 672 647 117 712 247 599
505 495 496 488 478 504 510 536 476 497 461 453 519 459 471 447 547 535 431 490 420 490 457 582 417 444 498 378 380 480 590 530 446 344 609 471 474 558 531 503 344 556 574 347 523 355 566 626 528 329 276 593 733 304 618 455 296 324 711 277 550 342 453 575 693 825 488 427 224 773 175 645 372 704 448 813 522 691 105 392 632 618 758 792 381 841 826 424 206 555 740 905 681 161 853 360 651 891 464 913
495 509 509 519 496 471 499 531 494 506 496 540 532 545 464 526 442 457 424 452 535 406 393 531 549 381 396 563 363 371 496 660 417 592 419 393 497 579 332 466 469 497 655 580 418 570 480 699 633 268 399 449 568 382 751 601 299 515 455 534 720 758 701 481 327 551 555 276 172 647 647 496 334 711 613 854 369 429 111 788 689 591 308 713 364 732 830 301 496 377 79 653 770 830 590 546 497 561 961 319
500 506 491 492 504 496 497 482 481 453 532 555 439 489 511 504 482 523 568 587 515 457 588 503 455 421 372 463 575 569 479 466 402 417 351 601 406 356 605 652 504 514 712 319 567 316 553 460 318 674 415 576 425 328 357 552 554 259 423 573 566 490 470 820 199 826 316 319 745 562 205 288 371 229 709 320 708 526 270 423 369 368 192 105 278 614 214 602 432 548 437 251 688 166 102 536 457 75 57 106
501 496 485 487 492 481 510 483 511 510 505 504 520 467 530 501 431 431 455 545 558 504 471 382 487 568 469 391 383 583 491 496 543 607 471 575 379 483 552 550 458 535 517 456 629 406 417 568 351 670 514 426 553 336 566 706 737 430 480 569 276 435 765 233 606 611 218 424 752 612 802 584 705 185 490 282 266 765 674 348 97 188 270 903 653 816 778 710 388 431 681 933 137 155 863 316 732 391 503 255
499 499 502 489 478 485 468 501 488 510 527 525 472 465 429 467 443 494 414 493 431 583 424 381 601 556 498 487 526 437 511 551 356 537 549 421 608 473 320 463 457 348 503 448 380 423 407 268 330 724 422 720 612 726 723 376 378 325 600 696 268 547 583 342 184 512 273 481 732 797 579 627 302 132 522 682 343 818 382 356 343 427 419 699 770 449 145 443 204 368 733 313 133 259 694 881 33 486 933 476
497 507 492 503 475 492 532 499 506 539 515 537 491 532 486 569 426 463 450 510 533 483 531 388 498 601 541 614 576 377 369 399 515 511 394 675 568 615 521 473 341 348 692 300 539 397 370 345 623 267 486 330 640 538 725 333 463 237 584 494 729 781 554 223 739 346 807 520 339 469 443 286 268 143 465 358 876 552 842 174 548 853 437 813 554 204 908 252 169 262 280 121 479 214 911 607 885 605 770 451
503 505 485 480 496 501 502 522 544 486 471 464 485 503 509 498 424 421 493 556 538 581 516 464 596 599 416 526 590 444 581 624 424 500 619 409 455 472 484 557 428 654 375 530 632 676 503 433 294 454 537 376 755 693 671 326 494 782 560 391 236 491 327 749 470 245 338 367 338 753 441 579 152 179 552 195 668 839 169 312 704 815 473 357 511 867 824 232 914 332 141 96 688 77 61 92 842 138 223 472
498 509 508 483 501 472 476 540 475 458 482 545 459 510 490 444 557 531 552 550 428 465 529 571 400 457 443 490 579 506 481 355 470 432 649 522 683 638 314 352 564 314 547 389 489 324 329 362 548 620 670 682 377 510 264 326 387 241 513 443 643 254 608 641 344 208 520 403 490 302 679 520 498 170 325 485 459 182 536 125 230 206 441 272 264 570 174 679 428 491 277 889 187 387 634 655 916 679 699 136
495 496 486 490 520 526 526 467 526 473 454 531 538 457 472 461 515 499 478 554 591 423 480 413 622 576 465 498 369 547 631 367 361 464 526 348 427 577 321 630 367 317 330 389 511 401 645 549 381 441 272 661 695 431 431 726 575 272 517 536 756 192 468 238 709 697 568 298 558 391 218 388 589 466 250 373 711 701 848 389 595 487 541 613 902 908 790 671 397 56 636 539 477 297 251 173 902 674 539 39
497 502 510 500 495 476 468 487 509 506 549 555 454 440 570 532 496 459 566 491 470 609 531 550 381 448 575 456 509 648 410 525 599 598 412 420 634 409 650 449 677 514 330 454 513 301 394 621 710 399 583 703 396 659 310 302 475 692 689 397 612 696 277 594 445 727 196 328 627 462 338 790 741 462 618 596 428 153 716 893 148 504 166 857 167 78 887 868 217 745 644 444 578 654 142 243 492 754 923 241
501 495 485 507 503 498 518 514 511 469 494 494 437 548 445 472 543 543 427 443 423 436 446 506 506 442 615 494 387 401 454 559 446 612 378 663 435 624 565 642 313 475 342 683 329 458 454 437 397 306 495 667 631 723 270 630 538 591 617 664 627 418 475 433 631 301 786 724 631 305 445 272 720 334 168 856 370 529 765 767 435 835 373 135 291 91 814 307 922 476 245 431 937 189 240 925 797 59 886 642
498 492 498 517 512 474 512 481 519 511 469 549 540 486 454 457 453 587 439 549 591 403 461 541 472 523 551 360 364 356 543 392 467 417 372 662 621 544 455 404 674 481 361 678 471 701 373 713 658 713 723 328 456 403 422 246 705 270 260 669 359 282 369 751 671 496 814 413 834 617 528 438 261 830 791 348 156 292 424 310 522 464 115 332 705 230 177 145 870 873 81 529 796 72 201 922 46 691 8 854
495 504 506 504 506 515 467 533 459 466 530 444 487 476 451 536 465 447 515 594 439 441 536 443 428 549 411 418 643 389 488 388 607 401 593 426 604 353 468 620 429 484 689 631 520 408 729 416 423 443 350 404 574 309 238 225 516 617 573 612 550 333 716 781 310 319 233 174 359 722 271 635 331 536 294 346 674 807 392 432 214 566 216 867 414 292 926 500 579 413 714 232 833 559 543 350 382 551 845 221
497 499 498 519 497 507 527 464 478 543 463 535 466 471 492 488 526 415 469 422 488 556 489 522 517 403 387 617 630 537 614 372 593 431 610 581 476 665 432 330 545 647 326 301 524 520 725 680 610 525 574 271 753 630 773 377 575 456 376 723 318 641 626 363 648 827 464 308 619 200 573 537 166 609 758 812 751 677 766 797 310 853 683 826 241 882 695 533 436 698 642 760 239 319 606 597 36 869 781 165
502 509 501 485 484 517 470 510 474 511 482 494 557 458 538 498 520 562 570 535 407 562 388 618 442 376 616 533 551 498 415 372 404 435 636 525 442 433 690 587 419 695 431 694 533 666 602 506 467 339 386 304 424 611 284 513 263 651 662 253 731 775 624 501 283 404 507 347 777 280 149 765 767 260 570 481 677 122 185 633 615 773 423 605 485 129 352 444 462 630 935 811 103 943 496 166 76 460 886 121
500 501 502 500 518 509 485 461 483 538 517 483 499 525 462 445 455 442 574 481 461 498 399 586 601 547 560 572 383 398 399 588 412 654 618 412 498 460 608 685 519 411 477 499 513 580 402 453 326 600 568 336 570 286 750 705 556 327 526 541 414 570 514 494 776 744 551 232 672 588 441 191 503 856 822 584 870 772 327 493 596 216 610 372 679 141 896 616 672 851 863 942 828 807 520 646 624 93 702 503
503 496 486 482 493 511 502 501 455 513 461 510 501 504 505 579 463 483 460 534 427 491 545 447 515 404 562 610 630 590 503 590 587 500 454 568 546 613 404 560 680 690 379 603 585 452 676 498 512 371 457 349 686 720 315 601 350 479 325 302 494 202 755 732 758 464 394 700 701 555 406 311 175 437 622 804 704 165 880 127 536 649 781 116 485 341 585 826 183 814 578 734 845 287 760 139 387 50 684 695
504 497 504 519 506 521 519 483 532 498 455 553 505 470 476 524 439 469 540 599 396 536 507 472 405 627 534 551 501 476 568 543 524 555 436 483 610 396 685 612 581 671 394 595 639 436 584 426 441 619 302 329 247 313 724 699 683 714 494 457 343 304 555 582 426 580 703 268 232 540 159 335 232 298 211 767 737 149 526 705 216 861 501 292 236 789 489 330 575 816 697 477 446 49 601 24 742 467 517 830
505 491 489 512 509 507 508 538 496 508 553 501 540 516 524 565 425 450 546 535 564 427 440 471 549 613 593 437 614 396 374 516 645 545 584 341 466 347 588 502 573 439 297 495 591 346 352 278 485 742 417 669 519 416 281 451 346 722 227 585 334 482 563 507 618 345 711 732 241 489 781 825 840 603 662 411 710 676 717 859 215 811 147 529 599 473 88 149 159 521 100 207 676 578 594 175 95 842 776 832
497 502 495 513 510 516 482 479 483 480 491 559 498 463 561 454 416 523 447 470 543 585 534 590 379 520 496 609 372 520 572 391 570 542 655 540 538 528 399 427 641 293 685 509 650 270 386 533 431 630 354 366 253 247 269 556 356 348 429 658 635 325 541 238 238 653 825 747 319 600 287 205 478 208 634 359 430 864 477 264 595 812 198 309 514 334 610 762 705 367 550 176 427 228 518 674 184 405 988 331
495 505 513 500 483 506 526 505 530 504 530 489 444 455 456 422 490 481 557 589 437 391 576 599 559 385 514 375 377 536 521 594 381 526 517 419 558 372 608 405 440 545 686 567 534 593 426 702 663 545 405 352 613 598 409 277 309 698 239 439 442 759 535 564 564 490 738 284 808 678 493 798 268 242 398 148 305 762 286 525 566 296 367 109 703 473 708 60 406 518 762 899 143 226 280 601 706 619 929 195
504 502 501 486 494 497 506 516 466 522 461 532 439 526 491 496 572 503 526 537 463 549 490 496 491 603 580 362 406 541 402 461 609 643 620 320 582 607 655 445 484 707 417 348 368 665 673 270 447 291 568 340 373 704 404 589 239 666 312 655 695 594 501 331 740 726 388 567 672 351 701 364 475 163 799 657 145 477 259 871 229 346 440 328 124 155 204 511 628 245 196 357 85 620 68 456 684 777 179 432
496 503 498 514 497 473 513 515 488 542 490 554 459 466 490 466 512 498 418 421 427 477 575 466 590 382 559 447 511 382 476 469 501 361 424 602 607 463 329 387 522 479 516 588 462 597 648 268 485 406 251 510 681 353 654 754 255 700 260 504 758 461 232 310 405 276 672 574 565 803 458 469 251 203 354 791 607 550 317 866 442 108 885 893 142 332 764 476 461 268 726 165 140 189 517 939 571 905 383 164
496 497 513 504 503 508 508 521 488 549 525 441 539 533 463 569 469 577 539 588 541 530 397 440 434 534 463 517 552 574 507 419 520 391 533 398 586 617 648 596 329 688 442 608 521 639 658 380 696 298 699 683 476 755 635 477 629 416 637 487 662 381 647 387 757 659 671 449 545 442 530 723 313 262 594 583 327 353 147 825 317 342 504 206 892 373 732 307 523 442 57 552 423 176 49 570 739 712 992 943
505 510 487 494 511 521 504 472 483 491 531 544 541 520 451 507 533 455 488 569 435 482 578 491 381 374 433 427 582 381 513 452 379 568 573 592 666 558 627 628 629 318 557 566 693 281 630 683 452 722 568 531 685 568 685 358 771 247 420 618 433 561 496 290 593 695 446 311 205 735 785 315 376 502 323 222 650 530 572 334 270 756 556 538 112 870 638 891 308 192 151 616 808 894 205 470 184 626 323 371
502 507 489 515 512 490 505 524 484 504 532 515 466 548 546 482 568 443 527 485 493 407 427 532 519 420 446 537 381 566 618 391 453 607 561 362 500 688 446 551 519 414 465 483 510 519 385 357 586 603 534 388 277 686 245 580 596 556 528 595 610 443 760 230 329 557 181 664 521 411 739 683 235 829 813 408 719 829 675 413 228 575 578 599 677 212 837 641 88 594 743 584 103 620 832 40 519 234 430 562
502 492 495 511 501 520 500 462 498 463 519 491 464 513 515 460 426 416 554 590 552 451 610 599 518 613 568 494 644 372 564 372 627 583 366 575 414 509 341 589 314 338 547 417 595 713 385 665 342 745 338 374 584 563 556 459 678 320 735 471 729 788 444 722 654 464 239 327 700 168 840 765 459 576 528 124 705 413 486 314 273 880 282 207 258 121 386 823 63 141 936 291 411 739 431 812 378 203 686 399
496 494 500 509 496 505 519 478 522 513 532 541 534 513 452 451 488 573 464 588 482 433 439 408 498 449 510 544 488 366 593 458 388 632 383 468 469 617 500 533 374 430 562 677 539 654 355 469 345 477 273 615 371 612 729 400 742 717 653 464 596 380 327 378 605 463 380 756 653 508 433 443 811 531 255 373 162 639 554 340 100 692 153 254 653 447 930 584 94 70 747 824 554 602 731 581 215 315 727 312
496 494 514 500 476 517 485 524 513 543 524 510 496 493 518 536 422 472 589 496 584 555 613 519 484 594 473 437 548 629 456 397 409 596 562 557 355 370 491 391 702 651 568 704 528 654 310 368 464 288 456 279 668 427 361 476 598 761 483 278 293 421 455 665 345 672 188 203 489 736 540 234 234 669 622 341 482 316 304 269 226 375 272 558 780 300 865 665 673 762 139 577 148 213 876 454 795 655 61 201
501 501 509 493 498 518 510 478 466 452 508 443 458 492 467 448 530 410 522 586 572 481 565 543 577 418 397 436 510 604 605 499 607 332 643 586 579 517 335 666 470 545 418 346 299 504 513 375 305 306 288 354 257 590 678 502 704 332 230 636 787 705 438 637 254 209 783 390 342 475 840 592 198 570 709 203 512 222 740 686 376 635 111 818 295 650 925 228 362 334 525 323 831 491 339 491 717 377 838 83
503 496 485 508 479 494 522 476 529 500 493 465 556 562 470 520 553 419 535 488 421 426 591 573 604 569 458 525 578 560 643 429 492 570 574 605 645 497 359 337 679 333 622 494 371 609 658 515 267 537 655 469 687 431 517 669 351 589 238 713 226 699 613 681 462 460 389 478 359 317 599 712 200 609 238 188 644 120 801 823 158 825 409 626 883 769 794 510 868 211 296 136 381 451 724 850 778 930 54 808
498 500 511 502 497 475 495 476 478 549 469 469 525 445 444 561 471 514 437 411 580 513 589 405 571 440 504 375 610 496 350 609 566 565 554 611 629 577 610 631 354 528 396 447 278 464 348 339 583 717 447 285 275 693 670 586 518 560 723 352 731 790 354 417 722 577 770 380 590 392 435 664 851 454 539 177 634 704 324 347 240 307 681 482 81 612 814 296 465 256 325 120 54 268 93 445 691 313 286 500
497 496 499 516 495 498 479 465 491 463 454 476 487 504 456 441 459 572 485 502 455 556 554 525 543 569 486 625 510 601 461 615 596 440 481 429 390 333 530 474 374 646 635 307 372 497 342 574 411 576 273 599 360 261 504 661 404 211 369 635 525 238 428 629 567 492 758 581 646 530 650 822 512 312 513 309 446 460 210 106 743 365 252 291 410 730 654 234 471 865 471 502 668 583 49 428 91 981 294 285
498 508 487 507 479 472 529 476 482 509 543 451 560 454 521 463 422 458 584 453 466 601 402 613 485 437 596 620 470 487 381 549 413 419 439 346 488 328 664 514 613 673 406 616 330 423 727 677 663 291 329 384 472 702 714 458 331 545 243 767 231 544 378 515 544 587 446 278 318 306 490 185 348 741 187 133 518 352 742 830 123 239 196 137 339 574 418 498 170 545 573 394 386 230 841 735 496 348 841 964
496 501 492 498 490 527 484 462 544 469 447 490 450 505 449 439 416 509 407 416 426 391 452 600 418 491 569 391 417 423 593 602 561 592 654 321 407 357 681 322 586 631 477 491 551 282 728 293 261 295 325 373 650 349 272 770 407 533 363 719 533 459 671 545 239 194 729 471 615 621 197 357 481 181 533 468 694 341 595 792 628 446 326 769 916 136 339 925 358 788 930 475 733 131 641 651 806 449 249 208
497 493 513 518 502 512 508 467 466 466 523 452 462 469 556 464 531 571 538 423 429 549 564 588 442 441 602 488 485 630 426 520 617 402 638 507 361 494 471 303 513 611 429 361 708 549 598 604 414 405 544 540 409 479 733 562 539 400 333 511 334 209 532 380 537 190 480 621 164 521 797 745 344 327 320 622 833 181 711 448 301 344 327 794 109 145 867 438 544 204 145 492 214 952 593 401 251 712 536 237
495 508 513 505 483 528 473 513 489 497 509 453 484 554 488 483 513 410 467 409 578 392 597 544 534 407 589 487 469 490 371 465 654 526 473 507 541 439 604 557 691 441 618 435 621 710 589 447 427 697 407 461 351 478 338 411 276 566 441 712 515 580 696 598 568 433 416 333 258 833 540 222 792 592 638 591 186 429 229 219 207 696 691 306 802 824 544 780 489 94 45 924 401 620 341 298 790 804 543 881
495 508 497 499 513 486 483 494 512 529 469 449 442 435 489 520 506 431 444 484 489 434 556 411 451 616 539 516 359 541 390 652 340 395 586 450 358 366 547 584 654 709 675 534 284 444 626 270 330 255 348 544 647 278 595 760 634 764 776 297 654 562 294 377 805 328 498 593 440 599 242 761 669 733 683 246 662 732 529 148 536 454 374 800 631 662 221 104 114 323 488 323 841 410 482 196 221 201 937 171
499 501 492 514 519 495 529 525 476 524 514 513 527 451 493 490 554 521 449 520 556 478 393 493 574 531 459 438 603 357 347 393 479 647 420 679 447 444 452 540 625 639 577 633 620 387 430 289 673 410 350 519 539 617 752 318 607 600 389 574 416 258 488 667 664 278 394 426 819 792 808 679 828 559 351 405 311 740 551 394 659 700 906 357 798 223 722 819 832 759 932 533 616 865 32 193 105 875 824 878
