502 509 510 516 516 497 493 525 472 475 472 541 543 478 427 544 546 465 553 454 599 413 546 590 391 501 468 499 499 457 543 342 571 547 386 345 460 554 413 478 357 343 706 693 671 307 578 490 603 726 433 418 469 468 519 577 431 368 324 759 624 469 397 223 436 551 544 709 427 514 400 272 308 511 249 352 884 508 562 509 661 313 686 837 169 493 77 790 504 286 945 54 394 316 49 78 260 316 507 255
497 491 507 517 478 489 499 535 477 533 471 540 451 433 533 516 479 584 499 497 571 442 430 571 521 457 437 391 516 358 511 564 371 549 379 387 638 684 525 601 550 383 553 700 457 293 692 318 421 409 407 484 253 262 266 704 536 775 709 750 774 363 582 731 327 313 542 451 606 517 591 205 649 357 369 672 568 617 854 536 510 629 763 331 814 245 485 874 919 929 740 764 44 298 585 831 522 505 909 810
500 507 488 506 484 527 529 475 495 527 525 494 509 493 475 529 551 525 488 492 467 397 495 589 421 484 413 597 365 385 606 352 652 524 635 504 497 580 614 414 576 490 642 687 309 346 351 636 311 612 369 340 712 235 580 272 441 686 568 497 691 618 265 470 676 683 284 468 337 755 320 536 535 601 166 375 769 123 720 897 263 353 681 848 778 174 823 383 354 295 120 643 940 347 553 161 463 366 49 568
504 496 514 500 476 495 495 499 458 483 495 472 520 549 480 470 503 445 509 477 416 556 407 502 437 480 589 408 399 488 557 432 386 535 491 428 475 428 542 602 396 609 535 523 515 610 510 296 371 667 720 242 505 439 625 329 527 711 317 695 301 274 549 588 582 304 392 661 182 482 834 461 658 746 516 376 467 562 763 442 376 258 148 580 883 392 811 254 113 297 160 317 389 221 683 241 318 384 454 964
501 505 509 495 498 479 476 532 484 543 545 468 508 512 463 438 511 531 456 480 591 598 584 486 625 546 619 540 614 415 417 572 453 631 649 662 539 382 340 477 677 443 531 673 288 368 319 276 337 653 401 568 374 394 499 647 721 627 557 575 204 307 380 523 404 548 640 488 355 250 174 685 559 472 654 195 583 849 113 875 651 387 286 301 513 852 856 600 700 194 841 157 194 147 850 451 216 355 858 428
504 506 486 487 525 488 481 494 480 539 496 499 464 466 534 443 579 453 414 518 536 413 433 432 405 592 403 362 498 553 438 349 646 616 538 648 411 395 527 326 697 490 593 301 285 390 646 402 374 583 626 741 537 719 546 278 244 295 437 614 782 211 476 551 671 443 171 529 465 444 402 310 360 852 439 820 290 139 178 126 618 464 470 905 326 488 549 318 858 590 154 217 383 214 453 848 238 22 789 921
505 508 500 495 492 478 481 465 470 514 519 491 474 460 526 515 427 556 578 458 544 608 451 519 533 445 480 427 368 583 375 552 660 456 585 426 645 551 679 587 328 431 422 513 604 621 689 269 394 464 588 436 515 328 773 391 322 389 373 205 590 624 210 605 814 457 341 807 219 386 604 669 557 522 294 873 300 807 805 517 293 182 607 574 820 376 72 927 588 779 139 672 206 456 955 798 919 771 789 814
502 504 506 488 505 479 501 485 502 475 458 509 460 467 495 574 415 543 423 400 463 490 534 443 377 499 382 398 597 464 372 635 555 530 469 362 491 602 633 632 549 555 441 609 456 664 722 270 391 458 671 695 708 495 513 584 491 326 393 386 756 571 773 490 587 563 443 346 669 520 504 693 237 353 848 125 554 250 243 201 207 704 415 385 850 880 468 371 462 657 494 477 898 520 488 775 821 103 178 191
501 502 493 484 475 501 530 480 465 510 509 547 467 542 554 498 432 582 525 483 511 417 449 602 584 494 605 605 468 372 471 593 414 406 604 559 642 342 446 556 583 478 498 315 428 270 352 444 680 632 383 265 531 376 271 429 675 700 239 295 501 395 692 548 572 534 413 572 165 228 543 761 346 728 625 390 390 532 590 316 290 324 312 769 753 751 450 214 721 163 276 194 728 211 858 431 699 363 902 412
502 499 501 499 502 482 513 509 466 491 464 462 512 497 427 437 497 526 588 503 442 401 508 570 396 620 373 379 430 403 463 405 646 422 521 617 626 539 405 325 480 546 509 535 714 652 636 636 444 458 665 632 635 269 598 406 287 723 620 735 678 715 280 315 296 793 560 389 628 678 827 760 185 239 572 608 289 476 588 161 243 773 626 901 735 820 181 135 275 409 115 902 194 206 325 188 732 839 428 146
505 506 499 513 491 519 501 466 516 540 490 547 442 527 491 494 542 558 504 474 429 603 536 472 381 403 635 407 579 380 481 497 432 352 395 485 555 398 487 600 331 460 711 648 375 384 531 435 470 501 419 707 418 353 367 236 284 480 325 451 204 715 249 640 538 378 205 283 357 841 452 181 526 143 419 218 539 885 621 298 190 402 887 276 234 305 753 76 686 178 745 393 637 45 582 115 240 952 747 604
498 510 515 485 485 527 474 535 464 476 498 551 479 489 456 423 536 540 499 492 440 535 567 565 423 472 595 441 438 475 386 503 514 642 513 486 459 588 417 615 315 602 459 287 559 340 279 633 343 599 351 328 699 372 514 672 735 619 314 489 588 619 443 288 593 329 746 819 506 248 307 660 243 836 280 234 122 295 827 539 800 808 331 555 902 439 269 519 857 745 421 760 803 546 308 543 731 594 955 515
504 491 508 518 476 494 486 472 498 498 456 478 517 499 441 452 498 586 462 482 501 525 510 441 389 573 497 534 580 452 503 441 339 373 510 399 603 365 537 582 614 488 369 313 448 632 376 721 688 710 302 588 492 746 569 425 259 646 479 691 654 608 376 733 183 441 764 281 794 397 676 768 271 276 474 470 202 788 175 200 902 146 901 743 538 856 634 862 438 545 852 905 346 501 174 765 489 61 991 838
498 491 488 498 517 502 495 465 461 496 453 453 526 546 563 438 553 435 492 521 557 516 596 557 555 518 479 485 633 642 382 577 593 564 411 525 525 532 429 376 423 663 434 675 306 552 499 482 457 411 370 491 472 644 286 471 523 448 206 344 634 272 222 251 295 246 215 206 588 655 362 325 436 751 439 697 652 189 376 400 402 471 622 742 735 81 197 307 792 143 843 817 287 406 354 281 965 190 418 511
498 501 514 496 501 479 476 497 491 498 493 452 538 456 531 446 515 487 450 469 556 597 489 473 440 457 370 519 359 620 528 421 557 589 512 648 644 355 575 322 598 466 396 442 361 730 329 639 488 394 313 313 589 279 626 419 296 374 351 398 270 326 341 273 667 501 649 574 395 171 331 226 805 395 155 550 153 146 417 265 851 132 191 622 189 205 445 157 508 679 273 779 653 497 774 374 390 327 965 670
501 508 485 494 518 489 532 522 535 532 501 550 476 472 440 453 513 570 552 433 481 594 601 619 416 549 590 483 627 436 439 488 426 619 560 621 316 412 484 608 360 626 450 389 472 287 358 431 471 730 592 493 477 571 700 675 694 259 534 255 422 302 357 698 325 561 165 322 794 369 686 613 648 595 779 502 140 582 848 497 828 420 271 803 103 276 372 760 637 598 71 621 161 34 365 302 377 526 451 843
501 502 490 513 521 493 535 498 493 542 447 544 522 497 438 468 435 558 571 562 411 585 609 450 448 429 390 570 466 368 586 540 579 409 349 596 319 485 548 346 484 619 361 536 373 564 533 393 613 551 609 275 497 488 668 595 296 724 240 232 712 706 607 752 396 672 391 672 725 331 387 358 206 606 751 811 754 772 246 288 777 876 672 698 396 703 784 490 347 607 223 60 858 124 167 605 835 543 398 249
505 498 515 509 515 522 523 497 468 453 469 560 561 453 426 458 423 446 580 478 542 608 388 384 531 390 563 430 628 554 640 556 622 333 670 669 418 529 676 330 371 474 531 433 503 650 332 662 662 662 610 458 261 670 440 239 302 442 648 710 600 566 788 705 478 170 363 758 794 427 588 738 522 208 852 531 138 300 293 199 228 479 765 681 833 293 912 842 573 510 78 311 663 659 875 665 406 874 405 599
496 508 493 504 509 498 475 516 459 476 540 522 478 443 495 511 547 583 460 575 556 552 426 448 583 372 527 421 403 501 545 526 511 392 447 430 407 408 456 613 444 435 489 480 474 517 455 697 603 260 681 566 406 447 564 523 493 477 289 512 722 261 403 799 677 199 173 527 288 425 781 271 610 763 585 243 290 182 790 680 863 889 220 425 141 545 416 320 663 729 329 194 756 134 585 732 976 975 695 437
496 494 506 481 504 506 475 524 501 499 473 528 478 463 556 488 534 413 417 558 468 557 520 620 382 514 489 571 397 534 557 601 477 514 449 624 374 461 681 462 496 500 400 560 351 465 303 261 707 501 547 499 496 766 708 375 743 786 450 498 547 728 638 210 458 651 772 253 172 531 371 821 155 519 701 218 506 576 477 661 450 147 677 836 179 279 559 390 234 826 275 585 226 245 644 719 786 180 10 966
499 506 513 485 495 503 486 467 467 532 545 533 453 444 498 495 467 560 423 531 506 526 599 526 545 528 604 509 607 591 559 645 653 539 546 505 535 563 347 575 477 630 412 382 394 541 476 326 620 419 350 385 690 663 735 569 566 482 425 619 507 345 472 435 653 525 424 351 626 585 234 802 734 283 278 742 389 470 470 349 283 691 696 227 619 486 925 817 674 736 658 559 612 852 50 235 745 61 726 930
499 507 491 512 499 525 479 469 503 520 494 465 549 473 495 437 570 459 563 557 448 466 452 610 388 509 549 389 645 650 461 606 551 357 521 561 416 663 551 627 550 328 378 598 584 444 520 415 287 432 489 267 377 617 292 515 301 742 717 446 598 296 706 449 534 811 579 839 168 376 513 274 248 740 576 578 632 427 204 389 436 324 667 289 364 865 75 492 236 577 671 435 289 325 912 840 970 982 899 76
500 494 509 481 509 526 488 488 478 463 451 526 473 509 518 439 561 506 461 550 565 516 467 448 512 610 595 418 484 617 615 609 400 457 368 361 567 679 481 653 630 601 425 329 477 420 433 513 548 615 352 336 471 436 323 240 393 434 266 362 759 194 583 658 610 621 521 498 753 288 605 431 432 146 200 602 670 252 434 165 345 737 722 814 326 549 333 894 226 512 183 234 620 410 326 23 91 696 955 297
495 507 505 500 513 508 469 481 538 503 489 446 473 567 498 576 436 587 483 571 540 540 560 424 583 502 390 388 474 572 581 417 386 330 591 578 672 366 512 452 478 543 425 618 402 385 698 474 524 276 316 301 514 744 473 371 753 489 269 707 524 771 341 225 179 432 494 692 223 326 539 650 296 663 603 775 416 571 335 587 768 594 808 260 453 137 424 858 167 503 169 531 827 452 220 505 523 374 515 617
503 493 509 494 515 525 499 516 510 483 551 474 517 435 479 420 507 483 476 493 522 405 481 532 436 531 493 457 452 585 497 605 360 641 497 553 511 336 656 535 318 336 500 381 417 585 432 385 714 546 379 586 578 663 394 701 305 494 776 563 630 361 289 266 508 524 653 225 677 818 710 783 422 515 299 488 702 887 709 178 746 414 814 110 270 582 247 898 404 787 363 91 87 809 336 164 526 769 860 787
499 506 501 502 491 506 510 488 491 471 525 525 441 452 550 531 540 521 550 402 574 463 422 597 468 411 561 544 552 411 578 532 448 354 501 476 667 642 605 647 492 366 630 495 327 278 440 401 443 413 494 416 688 676 471 662 601 471 497 233 404 230 774 324 535 610 621 671 620 565 770 217 289 245 163 816 379 366 892 660 187 831 700 360 593 167 921 77 216 769 713 665 548 379 788 202 681 431 970 512
499 505 488 480 500 515 528 507 516 465 552 492 459 448 499 437 455 514 517 470 599 604 602 598 397 525 375 429 407 511 541 356 548 620 659 613 550 381 616 647 411 314 357 497 446 630 576 504 742 703 466 720 681 323 542 250 673 538 310 365 400 628 613 508 715 769 767 583 318 537 387 696 641 858 194 514 575 273 334 215 475 546 774 179 465 115 739 95 732 234 576 517 559 709 966 847 657 877 737 621
498 502 485 509 481 516 530 511 542 523 468 453 562 532 456 547 415 538 492 574 492 427 416 426 609 577 383 476 359 584 428 495 513 576 575 589 411 504 632 432 670 577 650 482 279 530 702 298 322 455 259 355 716 306 244 698 338 588 366 520 449 247 279 390 406 638 253 254 501 713 581 350 238 597 395 629 863 550 840 354 799 434 180 685 901 551 809 505 87 559 415 138 690 493 760 197 347 38 292 960
505 499 511 510 493 512 515 467 498 470 526 464 475 540 499 452 460 464 459 524 463 595 408 443 450 393 617 626 445 585 639 478 628 602 432 460 455 609 333 442 545 330 669 280 676 315 732 732 648 424 738 374 485 679 680 524 462 441 271 674 346 371 670 561 228 396 181 326 542 493 528 610 834 513 514 347 590 558 452 453 807 651 86 230 169 240 412 769 546 71 334 587 557 650 699 157 314 100 887 169
499 506 487 517 518 500 466 499 528 490 525 520 516 480 429 555 471 478 419 425 559 543 500 512 597 427 412 383 424 495 599 604 430 361 340 348 371 450 424 560 335 463 348 702 683 577 539 433 390 274 393 465 621 607 436 733 267 336 745 510 539 784 741 305 794 270 739 650 764 385 798 788 510 372 595 525 526 588 106 491 476 829 567 398 225 149 71 636 211 531 478 203 147 699 677 521 360 234 246 49
496 502 494 480 509 493 506 499 499 538 538 510 440 453 542 538 569 590 591 488 442 556 545 457 396 475 581 408 593 558 607 354 565 640 360 434 328 567 673 410 413 650 459 362 722 510 339 355 277 516 369 247 705 347 439 455 626 268 368 276 302 220 259 208 497 507 823 454 543 294 174 460 303 420 172 240 129 780 883 279 289 294 343 296 406 526 508 817 610 282 212 654 579 264 568 816 889 42 287 297
500 491 507 509 483 507 501 506 516 546 459 443 435 445 461 437 465 542 499 485 452 495 508 421 411 430 589 614 448 564 369 553 409 338 393 454 397 468 380 368 310 653 419 635 700 441 315 294 687 290 402 253 759 384 383 615 462 457 503 701 216 450 813 583 432 315 670 321 167 645 360 859 238 620 399 159 441 632 234 649 878 522 295 414 264 882 166 127 902 151 796 163 192 753 798 206 171 232 272 254
496 492 498 493 498 500 491 518 525 484 550 440 480 462 561 564 432 521 581 564 585 495 559 421 605 510 596 622 546 543 650 424 638 626 373 583 522 626 357 413 516 460 449 593 500 605 459 658 605 598 277 557 318 674 584 295 215 637 546 444 791 651 605 768 230 473 507 720 362 323 258 173 605 672 855 402 372 887 783 401 317 255 358 98 526 147 401 268 727 697 192 210 477 883 572 822 789 579 369 468
501 500 512 507 509 507 528 534 532 513 487 448 544 556 528 425 533 432 444 451 545 532 436 518 541 374 374 360 603 513 647 563 461 614 660 475 522 349 355 531 529 619 496 470 566 442 559 531 405 602 286 487 248 362 394 352 258 404 430 681 533 614 580 417 632 391 834 452 631 508 809 695 351 564 820 281 772 274 112 641 451 433 693 555 535 522 576 742 827 447 336 302 258 443 150 671 21 767 758 565
504 493 510 499 498 506 505 514 469 450 553 535 565 522 486 423 477 433 431 453 413 583 473 501 548 451 538 591 424 647 410 595 657 646 458 634 348 677 448 668 537 514 543 427 626 691 438 448 595 324 429 626 354 246 391 773 403 522 605 657 675 317 247 414 514 475 741 594 299 599 711 424 617 323 134 255 705 276 760 170 298 667 404 467 625 810 123 750 186 289 63 703 527 649 795 690 160 958 818 57
501 504 515 515 486 489 522 469 491 531 452 538 561 531 483 458 490 560 474 460 437 495 512 430 411 398 377 562 405 459 627 547 548 519 648 635 502 355 682 551 300 389 456 489 503 393 458 449 555 358 496 585 660 357 679 516 417 385 755 701 471 386 347 236 422 685 308 572 723 412 632 856 258 158 606 415 433 804 759 720 123 379 691 192 901 679 82 441 370 128 530 932 653 257 813 384 428 54 714 703
495 505 488 513 495 498 476 463 531 511 452 486 546 441 551 543 482 509 414 492 465 464 492 404 452 394 495 572 423 612 496 625 446 388 418 631 389 602 670 371 532 456 499 282 667 381 619 695 271 444 749 539 446 755 372 232 724 229 428 366 698 427 384 540 202 323 718 635 689 249 176 796 743 159 753 669 718 740 522 467 663 169 730 660 622 178 351 715 722 504 524 47 693 312 741 213 243 307 625 90
505 492 488 500 524 513 496 491 483 488 524 529 435 526 575 420 482 414 435 517 500 449 552 530 534 503 550 372 459 556 601 520 428 409 364 352 684 415 338 412 510 402 549 662 612 478 338 581 697 580 540 455 299 461 657 776 619 581 636 428 412 661 543 726 186 176 589 681 772 546 733 320 549 798 454 203 621 773 248 194 751 858 271 539 549 569 762 71 783 116 114 48 157 875 582 62 838 379 876 646
498 493 492 492 510 477 529 487 476 450 549 444 527 520 486 499 447 526 421 547 521 526 554 595 448 478 374 411 365 609 359 571 649 409 594 527 528 514 494 678 333 301 600 316 687 281 521 604 711 322 754 268 731 635 308 467 562 605 364 574 275 362 402 641 278 749 765 322 433 347 670 320 450 231 286 642 488 168 731 414 543 101 146 760 822 278 86 265 404 872 768 893 394 137 316 124 386 632 136 504
500 493 501 497 513 517 506 472 538 507 494 497 450 475 470 522 442 573 466 467 535 463 441 521 507 385 601 565 399 483 471 582 612 420 483 469 402 388 575 356 618 391 649 465 560 682 365 272 627 540 711 707 275 560 605 718 592 226 252 500 669 508 700 317 411 737 454 275 495 486 320 769 622 352 311 320 499 538 479 832 644 429 360 467 192 171 618 592 875 381 561 81 191 323 922 527 101 668 911 3
501 497 510 485 497 509 524 503 505 466 465 475 546 440 545 555 460 548 426 543 481 609 498 601 541 409 625 497 490 465 432 393 357 545 495 486 629 344 392 420 586 706 674 696 674 555 411 656 581 702 377 480 355 606 482 294 402 482 721 372 442 200 798 529 188 312 510 196 601 690 656 155 829 250 173 125 342 555 329 607 232 152 720 862 697 79 199 668 767 341 131 462 709 88 482 492 858 185 392 552
501 509 508 515 517 522 492 492 467 457 485 473 470 464 426 578 487 534 554 509 482 597 590 454 513 619 574 535 434 636 546 654 553 376 348 639 427 388 567 532 552 292 488 535 582 574 570 330 723 420 691 722 264 517 473 693 353 224 788 685 497 766 465 450 663 184 262 769 239 210 538 785 426 186 460 654 459 429 193 273 342 393 836 490 670 300 329 585 147 839 271 379 818 597 963 823 366 378 502 355
496 504 507 493 506 487 492 481 498 498 456 527 562 519 469 503 507 484 582 525 426 543 604 533 449 401 489 611 390 569 521 400 448 577 537 659 371 410 381 582 504 435 319 465 316 523 552 578 669 366 613 717 277 740 321 233 532 643 546 687 724 300 304 781 750 787 582 482 598 792 359 494 321 529 721 562 768 170 224 187 602 234 693 117 618 784 512 223 714 628 658 550 610 32 174 435 24 123 253 156
497 493 508 514 504 480 507 534 467 520 541 480 539 533 435 535 569 478 498 453 415 467 511 618 461 480 543 608 512 478 359 607 489 436 378 408 608 619 603 576 486 428 492 364 453 446 560 372 340 746 725 647 751 695 265 352 777 299 284 528 420 229 320 563 647 467 607 701 347 192 148 442 702 674 832 687 842 681 540 582 135 840 648 603 128 517 296 147 96 747 198 322 786 330 151 61 914 477 412 915
495 504 504 497 521 489 493 495 530 498 502 557 445 435 479 522 442 515 542 454 521 439 596 413 466 450 482 640 612 449 452 511 532 500 550 423 461 352 593 439 441 593 353 295 668 525 533 650 256 680 694 546 264 292 448 349 272 240 217 301 482 196 647 391 668 438 291 730 210 165 708 229 335 585 609 686 491 776 370 761 521 586 430 491 139 360 256 607 499 444 311 521 379 631 500 827 384 86 665 948
500 501 493 514 504 489 505 517 459 481 510 533 473 518 455 515 464 551 578 597 458 401 515 500 565 615 533 578 629 474 589 616 545 533 492 507 683 391 392 406 619 448 646 645 323 367 429 565 554 380 752 362 289 414 396 238 783 672 644 751 482 475 541 570 182 569 763 190 628 187 659 250 737 139 301 604 709 120 490 106 256 107 834 505 452 165 554 175 820 448 171 616 465 473 143 813 824 221 953 483
502 496 504 519 509 527 519 534 512 508 542 530 524 433 545 435 483 520 491 409 483 610 609 452 393 373 547 637 558 417 354 470 387 560 641 600 554 481 537 324 314 473 684 347 396 708 656 413 460 737 738 690 405 286 421 380 549 685 744 430 351 804 438 401 193 626 708 457 224 504 823 761 596 610 592 390 884 772 550 508 766 344 720 403 99 166 689 703 145 67 708 277 802 751 724 607 184 976 771 849
498 501 485 514 487 480 497 464 458 465 511 520 498 523 549 574 521 486 571 414 596 471 425 532 484 470 623 551 562 426 538 444 628 551 463 500 529 581 510 690 533 354 390 409 328 393 670 500 601 315 372 508 539 376 451 385 614 408 391 224 247 633 461 312 783 615 613 246 205 699 439 696 248 489 860 481 423 187 451 275 237 757 545 304 201 779 858 460 240 647 657 752 756 337 388 869 157 334 393 43
505 508 495 501 523 478 526 482 516 470 479 493 500 494 516 439 545 418 443 451 438 399 510 538 402 547 562 550 608 373 623 507 358 401 496 591 335 603 522 482 363 580 596 557 370 354 637 340 477 302 249 491 454 256 234 774 514 701 384 658 414 226 540 786 575 405 356 571 279 321 434 692 595 725 175 130 364 393 714 125 875 213 276 346 549 252 384 106 405 86 506 137 588 721 427 413 426 527 853 917
496 510 506 496 511 475 487 488 525 497 448 539 455 532 519 532 524 501 451 524 423 589 495 487 383 411 367 445 503 641 583 594 575 407 453 510 380 687 602 468 661 595 685 667 675 411 318 485 635 476 271 672 308 752 233 251 320 773 291 380 478 445 478 515 581 465 772 274 340 531 737 826 170 496 838 426 655 462 392 461 384 277 475 389 256 599 809 818 661 123 266 537 871 721 743 99 373 100 694 297
495 495 510 500 520 516 519 463 530 483 471 534 462 472 539 454 495 436 415 565 405 518 395 613 475 433 398 484 501 585 573 564 520 514 643 467 330 389 624 311 667 320 577 418 582 645 431 714 509 489 565 746 271 448 688 567 474 486 610 586 549 606 727 787 344 663 774 753 357 788 375 530 551 412 392 733 817 586 825 167 457 713 330 525 717 519 381 435 413 680 362 198 751 50 878 667 617 40 404 495
499 501 506 496 496 501 532 507 516 527 481 534 483 528 531 472 459 452 504 473 480 481 405 605 517 426 618 548 450 514 377 490 496 613 485 355 383 359 620 488 590 614 347 418 482 690 495 363 544 511 355 466 659 762 225 480 487 755 375 719 512 619 678 562 328 725 432 208 754 332 303 834 736 716 520 576 635 698 648 874 184 453 724 648 660 832 860 776 940 479 900 554 350 248 853 477 166 266 357 100
504 506 511 489 512 504 520 464 519 514 514 476 459 529 512 442 462 474 585 595 549 450 475 382 612 470 379 573 365 395 562 604 557 649 431 470 472 659 411 522 559 600 685 442 548 400 584 720 421 747 620 522 314 464 722 656 603 505 343 478 363 630 270 376 800 389 695 733 407 456 301 815 202 225 172 655 543 320 849 597 176 546 285 741 128 717 159 124 79 655 720 462 831 840 597 861 721 467 883 924
495 491 511 505 483 508 504 517 475 519 536 534 561 560 541 506 498 412 553 426 465 423 425 589 473 415 556 374 360 555 487 400 408 563 410 538 500 680 638 368 383 683 690 567 290 571 383 641 447 527 506 538 289 261 335 239 345 229 297 574 256 359 435 802 554 188 543 345 168 740 559 218 255 695 699 278 795 831 139 747 264 339 219 685 369 489 805 672 798 810 746 368 463 801 905 470 893 587 652 483
502 495 509 501 503 480 472 516 492 482 449 530 491 479 565 522 439 549 443 416 433 567 475 492 519 602 396 634 517 430 420 612 599 481 343 657 344 607 472 474 296 430 433 587 497 715 455 373 412 689 529 565 369 650 606 406 692 622 754 245 317 434 266 188 511 494 653 236 237 425 316 712 439 342 272 795 847 568 314 850 106 565 446 500 240 105 668 229 904 496 936 92 872 195 39 139 363 531 560 641
498 505 496 496 508 501 532 533 463 494 487 508 486 461 486 572 500 440 416 585 594 400 398 552 598 588 513 533 426 506 491 427 572 467 608 386 641 468 455 308 640 343 694 614 357 588 471 610 609 702 406 340 335 577 764 269 527 592 683 720 300 794 482 808 687 424 765 654 183 752 811 514 243 692 651 772 691 844 276 509 430 597 189 822 695 902 414 758 82 395 311 598 965 789 232 932 295 154 839 486
496 499 498 484 478 486 488 477 511 483 458 451 470 440 452 556 456 424 504 593 604 506 448 445 500 457 545 485 611 601 584 612 428 554 568 658 598 377 385 534 650 396 558 444 427 273 508 402 588 578 636 661 544 325 763 257 392 602 708 584 545 669 662 389 309 612 615 284 651 403 230 436 433 551 302 615 528 225 226 123 872 102 248 243 239 736 319 129 938 899 368 305 407 715 106 855 359 629 875 182
497 501 492 485 508 513 488 481 542 459 465 495 464 536 528 456 492 475 528 541 574 399 574 509 532 466 401 422 606 634 606 644 420 493 600 593 450 481 467 628 605 512 560 702 707 503 527 699 366 628 464 461 509 628 296 564 340 632 242 394 512 763 221 743 200 399 623 630 350 766 591 605 409 624 862 591 345 343 294 319 254 213 409 197 908 492 210 512 481 374 888 464 259 664 367 876 505 122 863 209
497 491 498 490 509 492 500 480 466 460 543 488 495 493 448 577 440 487 435 551 557 446 586 535 441 563 566 507 586 625 416 649 463 552 616 447 544 624 390 582 544 678 550 557 447 558 430 554 656 337 385 500 369 689 366 625 745 309 551 256 298 563 189 256 279 418 761 685 467 597 570 327 642 830 265 706 172 733 552 343 356 606 397 100 330 595 124 858 150 652 404 904 462 791 255 648 876 467 475 29
495 505 485 504 481 493 511 474 464 518 495 484 560 530 442 534 529 492 506 557 399 536 413 543 380 542 469 621 631 608 353 483 365 521 386 511 583 487 529 306 431 629 641 582 456 529 319 342 481 429 752 728 636 341 601 774 473 232 667 451 452 570 635 754 380 221 583 376 350 788 159 794 716 747 737 258 345 714 522 686 883 822 257 102 350 305 878 769 263 596 116 191 711 392 546 45 849 421 666 587
505 501 496 495 480 493 534 530 543 455 527 474 501 546 487 487 496 574 447 588 441 405 407 570 618 472 589 484 400 581 494 545 631 501 623 359 592 545 347 671 503 418 699 682 389 596 511 544 630 652 469 743 260 422 360 282 463 469 372 321 498 312 222 770 745 378 624 790 276 785 402 757 808 458 574 574 640 113 675 255 241 609 618 746 546 445 563 706 304 708 446 51 663 400 82 558 302 414 224 336
503 509 495 507 503 486 530 488 520 483 528 536 445 546 493 539 461 447 547 517 509 469 469 497 540 543 376 484 569 569 601 508 527 406 442 502 378 623 633 626 431 550 620 452 315 395 285 596 481 318 348 676 692 508 274 459 338 664 336 541 528 754 813 607 465 697 199 446 559 542 438 622 399 855 316 146 133 454 806 382 351 424 821 324 235 726 895 783 460 109 399 49 443 603 114 256 612 731 898 436
499 496 496 486 502 520 490 486 530 464 529 454 509 536 435 525 579 543 532 534 494 502 571 388 489 374 484 485 508 418 574 550 421 632 517 550 658 411 675 538 345 610 520 563 639 651 524 687 550 523 473 571 304 601 524 424 489 283 411 275 798 427 748 742 225 716 796 591 742 769 288 152 424 455 269 314 348 525 172 338 381 505 868 111 205 229 452 67 636 177 291 219 527 421 189 827 420 949 165 929
505 492 488 497 523 492 530 497 530 520 470 445 519 435 504 557 449 439 562 544 581 498 591 387 584 626 595 516 480 553 593 476 608 411 585 639 324 320 489 678 343 432 600 410 715 610 487 289 397 748 499 406 621 320 432 278 411 296 308 765 650 667 383 192 462 707 355 175 625 659 432 445 771 606 554 200 804 190 693 623 418 126 701 382 635 788 486 644 666 948 490 258 274 333 418 705 962 656 917 210
498 498 498 498 480 517 476 504 463 484 492 456 519 485 543 555 435 541 501 582 464 459 486 560 512 413 446 411 544 483 570 557 438 374 406 523 494 544 401 498 441 342 712 708 526 386 661 588 668 562 573 530 386 255 466 507 636 614 445 467 523 798 524 691 471 480 403 499 586 442 330 530 728 651 854 628 431 439 559 754 654 866 228 731 654 709 932 368 95 376 774 663 93 462 763 633 100 751 173 767
503 490 490 511 525 513 508 484 506 464 447 469 461 501 457 556 481 571 423 466 568 515 422 554 495 537 536 381 442 389 439 594 613 659 634 459 679 380 619 481 581 591 574 317 693 700 486 265 290 554 669 491 651 505 767 449 550 453 730 316 482 767 256 227 526 719 394 319 613 259 616 351 352 200 127 764 796 162 486 621 727 340 603 561 800 874 572 253 201 603 937 366 501 36 359 417 729 189 551 959
497 502 500 512 516 520 490 482 511 472 466 474 519 506 558 485 471 411 469 553 519 404 560 591 477 515 541 395 553 520 396 627 569 583 605 446 624 346 546 618 671 453 395 482 555 653 436 515 276 391 548 683 382 297 503 778 711 613 613 525 789 646 318 692 803 294 173 336 441 777 317 154 237 664 163 515 500 278 867 674 304 423 859 872 754 313 515 229 452 86 585 515 464 37 759 428 518 139 130 82
503 506 494 503 483 508 477 474 462 531 520 535 504 520 438 423 430 571 511 591 492 482 608 486 404 412 532 560 486 574 583 412 645 409 505 436 414 387 678 606 296 307 572 326 667 663 286 665 396 401 312 549 464 291 351 713 684 561 294 260 713 619 705 743 269 222 701 245 606 300 214 541 604 521 685 455 552 818 348 571 418 816 167 566 771 685 774 355 282 721 538 635 291 945 59 434 686 414 30 677
499 502 490 493 511 493 499 526 496 510 504 553 435 509 495 428 512 566 527 400 396 532 385 574 567 609 623 393 611 373 367 389 392 453 461 411 352 619 479 462 678 626 593 569 454 366 279 355 599 742 709 303 381 468 660 605 719 436 416 607 700 261 443 275 675 608 713 193 482 576 773 730 467 765 243 693 611 114 736 576 112 197 834 397 627 212 658 615 515 620 907 112 113 232 822 782 832 488 61 596
501 504 486 502 475 524 480 487 499 495 450 550 558 558 507 461 505 449 425 421 500 572 467 451 610 574 501 468 357 609 408 514 566 528 487 540 326 357 360 319 649 452 680 679 415 414 625 456 637 256 453 742 722 769 332 750 691 705 597 650 399 617 594 807 448 783 499 671 439 778 836 388 468 817 619 180 175 298 459 316 891 423 418 456 780 526 745 806 112 543 257 859 447 52 798 689 737 325 648 972
498 500 501 506 514 488 510 485 486 495 502 503 479 452 558 554 515 463 569 555 439 436 614 443 556 379 632 569 514 512 513 354 568 429 589 405 325 444 446 663 653 502 534 619 286 531 496 494 663 735 561 273 401 584 553 366 670 767 382 487 605 764 666 235 187 387 677 381 195 475 147 302 478 484 232 793 208 542 599 865 583 299 203 706 188 617 757 783 353 180 920 551 586 815 134 868 547 551 68 875
500 491 512 492 487 515 472 527 460 515 477 520 558 521 471 522 527 428 541 577 524 581 422 450 545 601 440 500 600 486 612 483 542 339 570 363 458 641 578 582 637 607 314 703 592 694 623 634 468 297 399 756 549 290 715 712 555 572 653 500 392 572 273 625 603 547 500 286 736 321 461 539 824 762 253 303 701 670 807 194 547 190 907 364 669 494 130 902 579 103 888 340 745 762 827 292 573 282 502 531
500 497 498 500 516 520 471 471 539 478 519 491 535 452 469 470 433 528 566 532 546 526 605 583 480 616 464 531 590 545 571 626 420 465 578 588 625 471 498 545 521 291 298 325 496 573 480 431 552 410 401 573 510 247 636 481 431 540 663 696 764 325 664 568 317 400 284 546 524 458 763 365 438 411 223 665 827 697 777 791 730 97 610 407 398 133 341 82 278 422 101 606 534 174 131 167 886 650 958 304
495 500 501 495 498 514 474 485 528 480 490 499 474 487 568 481 522 475 444 595 436 461 567 463 442 613 457 432 526 547 505 635 517 494 670 656 316 314 516 599 342 454 464 410 506 458 399 544 650 401 282 600 473 273 400 238 496 381 723 465 197 217 601 721 730 597 167 739 526 366 369 440 749 407 153 871 626 701 647 671 468 196 152 310 863 453 687 257 809 372 770 78 175 387 313 535 76 739 904 308
495 499 498 518 510 505 514 490 484 490 502 546 484 449 488 572 548 488 470 476 449 561 434 392 591 553 384 575 582 511 451 422 524 569 592 457 351 476 358 429 481 670 693 406 407 570 504 485 542 709 733 493 248 547 758 583 562 285 691 534 797 271 255 659 179 603 307 378 573 292 771 295 769 336 281 829 799 430 787 424 300 508 843 874 132 696 890 192 406 908 383 691 540 265 930 766 872 333 402 251
503 506 508 519 479 473 499 463 530 525 485 474 565 450 431 515 582 474 589 484 510 539 550 529 488 410 545 558 602 448 434 423 377 436 399 349 554 596 660 356 687 433 438 315 330 331 546 596 612 535 285 548 338 623 703 490 621 520 699 645 456 804 369 609 481 255 632 513 773 346 444 198 176 595 821 325 664 565 616 527 373 169 567 578 862 380 381 353 172 583 418 697 773 232 165 891 600 192 827 282
495 491 508 490 481 501 501 482 464 520 538 463 478 484 433 575 494 522 503 547 568 416 513 493 558 500 485 415 432 423 639 506 399 576 654 574 666 679 354 567 310 518 639 363 519 620 413 399 707 717 737 371 438 388 526 300 385 593 708 674 595 242 486 458 727 512 639 513 755 737 173 613 528 234 266 799 544 873 237 385 816 628 293 273 622 140 719 563 649 132 323 193 720 314 522 229 975 26 721 690
498 504 490 489 519 491 494 511 492 497 541 485 515 518 466 470 421 463 460 470 589 557 463 470 569 462 486 412 476 528 440 345 537 542 461 487 552 599 499 512 417 407 308 412 452 663 518 596 586 612 574 547 448 301 612 283 396 709 564 582 650 289 251 528 409 830 240 616 164 697 600 271 503 525 792 609 875 321 878 236 887 803 780 332 313 682 152 867 79 388 916 83 539 579 646 691 717 872 821 102
501 510 511 505 522 508 489 466 459 493 501 473 475 450 521 488 443 475 535 470 492 415 572 387 411 450 507 511 437 426 375 375 611 478 477 627 414 450 430 692 480 441 373 474 415 700 353 580 438 715 633 666 354 617 598 242 457 629 381 377 466 246 484 420 691 303 471 232 355 839 668 280 401 863 757 467 585 581 532 251 162 160 121 181 742 814 711 142 430 79 614 677 867 507 890 846 707 907 135 858
502 509 502 490 518 495 482 503 532 504 446 516 446 564 507 557 445 513 585 537 439 484 421 502 409 392 529 360 515 465 473 568 338 476 587 355 467 385 365 396 682 638 662 578 441 707 544 613 644 458 581 667 713 385 556 342 412 447 713 272 461 344 685 186 564 405 634 711 285 297 287 425 294 660 567 292 829 752 780 724 752 442 279 559 242 724 73 82 562 503 140 752 312 238 264 374 287 139 298 997
503 494 491 517 480 472 508 491 519 542 509 551 465 488 542 506 433 554 454 588 583 549 535 518 518 578 439 561 368 472 613 595 370 353 535 554 549 458 591 592 426 436 611 589 466 477 586 515 269 660 273 647 384 502 566 577 567 361 489 225 510 585 308 378 177 301 284 397 584 282 347 564 246 228 328 530 473 809 816 216 377 785 349 525 578 614 432 589 401 694 800 183 589 266 87 556 160 784 424 979
495 502 505 490 509 493 530 483 529 504 554 550 460 526 546 425 540 417 423 462 422 516 423 526 614 611 562 585 546 370 446 607 435 488 557 327 486 441 323 635 571 570 468 564 518 626 695 563 642 478 452 736 353 634 455 503 565 503 387 512 197 448 527 533 419 249 656 274 178 199 545 390 661 326 250 779 279 343 336 644 377 735 212 818 671 662 584 375 310 409 689 915 74 453 725 691 631 632 229 445
497 490 511 506 479 508 488 528 473 456 499 485 487 457 572 544 582 566 410 577 485 544 534 587 537 482 418 488 382 647 486 364 612 519 440 424 638 672 637 579 364 473 444 703 701 279 677 319 660 454 702 559 600 321 304 480 654 526 701 510 355 332 564 771 204 742 565 511 345 182 822 186 627 811 220 433 879 246 857 184 400 266 547 523 487 477 110 929 180 159 633 440 363 372 954 830 180 645 247 485
495 504 511 499 514 524 474 464 485 469 462 511 445 567 455 536 444 509 476 463 527 484 613 604 545 535 521 519 630 589 353 520 521 534 553 556 339 661 635 487 343 677 534 496 582 373 401 337 367 578 328 595 291 678 665 606 268 365 274 539 287 808 322 721 333 490 324 349 594 635 835 263 306 778 792 687 158 540 843 775 152 654 252 343 627 370 844 619 760 581 753 232 844 98 942 418 201 405 377 185
501 506 491 517 514 515 478 462 482 481 555 463 472 473 499 547 459 502 565 441 433 556 508 518 493 612 584 368 457 430 446 345 387 495 597 579 486 673 323 676 353 343 581 679 594 341 563 524 284 373 538 633 484 719 314 348 313 583 332 551 308 279 507 469 327 805 489 528 779 627 855 206 801 516 758 417 294 460 727 643 544 848 884 638 700 532 629 71 683 702 380 522 776 966 972 98 372 566 224 210
499 499 513 520 483 529 494 519 461 497 496 468 553 553 513 441 461 528 575 471 399 419 435 448 580 626 417 494 616 490 492 425 623 617 483 567 621 622 616 464 550 349 470 513 291 433 528 373 301 421 622 701 360 653 563 362 261 788 687 326 272 668 446 716 238 215 675 586 631 428 795 658 282 745 666 797 660 646 808 478 179 442 538 288 305 774 548 344 797 51 545 623 890 552 425 898 516 351 865 518
504 497 494 489 524 504 475 508 531 511 447 521 551 535 489 526 517 458 593 490 586 478 545 424 559 614 483 481 642 553 459 591 498 456 604 444 554 432 686 639 511 412 335 548 313 319 347 290 696 447 621 701 604 534 280 523 410 740 553 529 309 292 374 278 230 175 298 221 457 236 653 822 475 494 329 246 464 223 345 436 426 142 120 322 588 241 273 595 645 477 804 127 159 115 265 208 431 404 143 281
499 504 488 497 507 472 529 520 474 465 511 477 506 542 457 434 520 584 506 591 550 421 389 498 493 523 414 534 440 459 521 572 449 646 457 638 361 501 382 482 670 446 700 699 707 301 705 539 718 692 497 439 444 512 731 264 418 238 326 339 263 277 411 288 748 821 649 587 576 810 442 632 462 535 698 549 792 823 534 542 740 493 455 324 81 736 918 505 671 837 300 74 601 456 101 803 444 100 42 637
497 495 505 502 499 518 483 469 525 503 489 478 530 525 536 548 416 447 548 470 538 485 438 605 553 546 551 482 597 642 369 351 537 427 461 459 438 479 375 324 507 368 338 683 543 645 485 680 708 461 420 397 676 418 466 669 765 268 527 549 479 206 586 453 815 807 460 229 496 694 735 790 302 713 171 769 473 412 336 336 167 200 253 297 414 575 618 506 263 192 588 175 712 277 922 335 498 967 946 648
498 497 492 488 481 530 497 534 489 485 544 549 467 440 483 441 573 491 406 472 449 533 445 453 465 407 469 524 384 508 380 660 478 388 512 497 324 508 659 523 327 636 590 478 452 564 373 485 405 735 390 605 368 519 385 505 219 452 711 219 437 776 322 474 562 577 712 262 648 826 427 321 688 820 244 553 249 585 269 583 612 846 111 828 238 641 731 181 751 410 264 331 789 74 148 429 60 505 425 797
504 505 498 506 475 512 523 472 535 527 543 550 485 560 437 434 582 546 424 593 541 423 549 575 409 423 528 455 381 576 367 546 637 335 431 353 411 588 668 395 481 391 418 543 538 423 354 525 469 541 736 626 759 542 341 557 679 396 388 366 621 800 542 461 713 308 241 428 162 184 494 309 345 665 786 170 808 166 294 876 332 465 762 724 189 504 541 220 70 287 309 232 409 775 70 952 640 552 638 151
495 490 509 493 503 509 496 490 526 489 484 552 479 537 523 537 553 581 498 412 530 460 560 434 571 545 583 395 603 367 466 624 552 411 643 393 585 524 445 361 336 495 312 423 548 660 481 523 632 694 569 636 520 281 362 561 565 511 622 483 480 763 353 672 446 290 495 502 683 519 733 771 393 215 335 478 693 609 672 322 797 648 390 596 188 711 494 229 769 845 489 251 417 92 494 166 33 57 374 494
499 508 507 507 494 508 534 473 506 479 530 459 439 491 465 528 463 487 494 536 433 563 444 469 452 519 623 410 538 566 639 538 440 628 522 359 327 359 363 570 445 356 451 370 468 683 579 646 537 425 504 564 277 560 382 526 245 520 433 629 669 658 437 552 409 471 422 664 593 827 787 346 460 860 853 518 789 634 312 838 518 534 357 585 624 121 632 797 451 614 196 451 590 650 741 195 75 378 560 840
498 491 491 483 517 494 475 468 522 467 462 526 511 561 444 521 545 565 513 438 566 463 471 494 456 625 467 448 552 580 510 443 483 443 465 395 666 380 634 592 513 328 708 506 467 503 566 475 431 630 268 493 683 644 347 600 724 281 340 235 266 418 263 664 533 463 823 365 844 319 280 660 439 753 364 371 532 578 593 537 625 248 578 92 343 727 212 570 878 83 674 781 391 415 737 163 840 973 567 247
502 504 508 516 477 502 484 467 477 517 468 483 512 518 445 452 510 428 501 563 424 512 410 515 463 464 489 368 588 362 447 525 337 563 392 414 431 349 692 458 555 409 349 495 353 655 488 531 309 547 457 753 368 342 377 660 385 468 791 358 307 190 446 527 784 552 356 648 200 663 483 442 807 152 828 771 158 365 583 119 493 864 658 89 129 278 604 670 876 185 846 419 477 577 100 223 814 142 672 556
498 502 487 497 516 519 513 483 479 508 505 521 524 538 437 485 494 524 455 571 456 542 536 579 622 536 620 488 629 455 390 470 352 669 558 379 353 376 649 602 497 563 624 511 628 535 632 588 715 645 743 248 447 435 348 612 475 642 658 489 596 587 243 511 313 533 381 491 770 514 344 625 551 550 469 669 687 494 677 563 337 403 901 288 830 717 335 364 201 405 48 75 594 668 762 415 258 365 898 5
502 500 511 489 487 493 485 478 503 543 541 468 542 444 532 546 555 438 411 492 494 524 505 595 388 616 385 416 386 485 650 479 652 650 459 461 455 429 568 569 556 475 658 716 592 497 672 712 506 609 361 644 417 464 453 228 718 635 297 787 257 650 716 451 287 401 282 804 651 257 279 747 607 223 843 219 428 417 341 324 429 804 519 720 148 877 656 228 674 336 801 152 544 262 511 800 245 49 917 702
505 499 489 508 493 496 496 513 496 512 544 524 504 499 562 522 439 475 536 533 497 510 416 599 618 473 453 394 378 447 501 643 563 551 434 547 661 364 663 401 568 617 333 280 564 699 343 519 436 576 581 532 604 284 650 329 725 740 504 510 777 601 739 542 273 666 485 575 769 301 200 435 779 302 368 401 455 705 477 478 680 147 666 715 295 101 71 122 238 72 529 443 150 960 343 483 906 934 657 173
502 504 486 496 507 489 483 537 489 457 550 528 479 430 535 503 542 477 490 579 452 494 598 458 598 370 493 509 600 577 430 445 510 582 390 637 613 516 638 491 697 333 302 659 679 588 726 349 690 429 628 739 498 738 713 678 623 445 240 647 804 610 711 749 457 298 310 241 206 401 385 414 145 662 405 606 548 394 170 121 723 355 171 94 728 386 752 757 524 219 128 386 116 213 378 575 279 82 428 362
499 496 511 503 507 516 529 524 530 504 507 486 538 464 553 466 465 548 414 417 550 566 499 418 473 399 518 444 369 559 429 622 581 596 530 332 439 427 309 609 431 319 590 451 655 274 389 567 502 500 319 444 413 402 607 462 231 405 538 732 264 622 227 269 747 617 294 564 695 731 159 831 517 317 197 468 626 397 426 204 883 573 737 881 518 208 110 346 173 474 877 183 774 30 446 929 200 461 766 516
