496 500 514 486 484 524 534 476 477 489 473 502 482 480 510 455 448 453 578 578 463 484 509 387 557 589 614 612 517 367 353 419 435 547 395 614 580 570 695 509 605 366 428 509 336 522 491 348 488 418 518 533 521 346 747 688 630 666 711 616 232 454 339 780 565 481 476 360 685 198 671 565 545 486 148 138 578 777 416 586 590 858 834 737 105 666 929 133 190 677 178 722 699 859 625 131 664 341 947 44
500 490 499 506 510 516 485 503 514 460 492 447 550 510 490 429 474 461 493 412 571 477 483 409 567 598 461 542 416 529 484 518 633 519 532 352 328 548 352 306 422 317 635 475 613 429 695 292 681 486 406 325 452 616 486 613 667 406 303 734 398 451 255 262 621 383 438 417 398 774 806 756 840 594 866 568 824 335 819 704 110 143 185 644 749 363 881 837 189 873 489 77 444 309 598 960 399 549 387 977
503 502 504 489 522 519 482 506 481 451 452 549 445 569 562 468 451 515 594 434 602 527 440 404 570 466 632 601 385 552 549 590 519 566 565 660 570 494 690 699 412 482 691 293 655 526 621 266 471 524 600 562 762 255 306 670 748 334 281 267 229 803 199 679 210 555 220 256 161 522 266 292 135 284 812 678 885 319 113 786 433 759 298 356 151 508 862 133 943 174 451 328 689 225 866 897 944 147 74 183
498 497 485 496 514 495 487 498 485 459 508 528 443 481 530 455 470 471 561 421 516 577 422 562 624 492 573 571 636 476 346 583 366 473 394 496 393 566 618 642 458 472 509 576 574 364 329 528 678 614 373 471 284 285 448 760 236 259 606 537 334 204 217 298 593 592 582 278 559 330 361 764 456 314 288 770 527 775 715 289 423 410 684 257 441 133 196 881 604 881 918 892 923 840 659 296 594 460 334 6
500 508 501 507 481 494 491 527 522 513 522 480 452 477 516 509 541 528 525 529 585 564 602 458 508 449 508 521 505 628 522 341 521 440 441 380 582 353 307 529 593 631 392 466 425 580 697 346 286 415 647 665 671 269 577 617 620 569 336 585 618 392 489 781 724 448 523 670 305 444 710 651 418 613 581 206 592 179 145 721 498 196 810 227 901 760 196 864 744 533 453 779 78 853 129 74 266 337 411 376
505 510 489 520 493 530 482 500 510 522 494 528 507 544 442 514 449 434 489 443 490 492 609 559 447 417 410 556 448 544 539 547 492 453 447 458 548 484 608 390 426 571 309 333 687 693 694 337 392 444 680 245 754 587 614 663 453 695 409 581 522 744 497 207 808 722 470 611 287 679 199 662 607 765 630 219 632 795 815 697 730 869 455 547 187 419 180 436 649 55 474 376 142 353 822 647 691 339 259 649
499 497 504 517 506 515 490 526 492 527 515 509 534 432 514 438 422 567 466 419 534 408 600 617 422 490 368 630 613 541 383 630 492 570 660 646 400 359 608 458 629 607 626 497 350 319 552 519 654 384 551 613 348 681 280 392 705 749 456 462 536 568 416 532 372 612 190 703 724 502 428 610 141 477 680 800 434 247 707 232 515 576 212 697 684 239 377 531 920 323 195 658 608 154 276 186 145 51 644 597
495 508 510 517 511 527 524 516 536 450 450 442 538 479 502 577 510 475 465 520 508 470 593 537 437 443 539 480 544 363 585 487 353 402 586 673 550 531 642 312 360 538 548 503 531 660 635 733 694 293 339 285 640 279 742 610 749 237 495 582 220 603 440 315 475 687 208 778 715 412 477 418 684 270 143 466 832 766 222 584 632 606 561 169 118 371 448 85 216 195 600 284 564 246 180 665 474 803 491 21
504 492 496 513 500 505 518 476 534 508 454 462 518 547 450 457 538 514 427 475 424 567 423 421 469 456 426 481 551 404 564 645 544 342 661 480 435 474 661 589 450 298 351 303 500 313 716 368 403 628 624 751 669 369 734 488 687 272 498 478 388 708 467 762 629 438 352 802 645 838 627 557 707 476 430 549 351 176 708 604 572 492 159 485 501 519 696 699 693 587 243 561 575 429 34 755 19 541 929 211
504 492 509 487 485 506 519 536 483 463 515 499 540 451 425 555 442 423 467 452 422 506 564 415 410 430 545 548 405 410 524 534 531 553 339 566 478 548 318 547 401 531 403 512 406 675 290 657 617 469 608 708 423 724 659 734 348 594 290 302 786 803 203 655 175 699 531 499 247 535 210 517 386 184 728 433 833 528 410 829 685 331 139 447 921 680 504 576 563 547 746 349 662 884 529 220 74 612 291 932
495 506 491 492 490 506 481 491 473 466 532 476 442 431 464 537 562 425 550 522 589 545 444 590 589 433 563 637 563 489 349 473 631 562 396 424 586 410 473 507 437 409 610 418 280 676 661 647 615 464 635 362 755 676 693 365 427 536 758 460 802 624 451 379 355 487 775 362 243 465 665 455 431 286 606 228 214 777 140 671 346 485 779 514 155 706 378 165 316 604 394 63 859 417 821 870 859 234 946 544
499 494 512 518 521 494 519 499 468 484 525 530 495 434 441 440 449 459 565 566 567 425 471 412 531 621 442 494 639 364 642 640 595 640 372 396 428 562 507 461 386 471 324 358 491 546 306 561 354 556 569 426 611 617 312 270 442 609 435 293 356 775 657 355 771 785 408 178 374 790 748 629 595 608 372 616 859 702 271 714 625 180 853 477 840 131 864 114 198 133 746 823 818 240 34 836 172 535 784 445
500 495 509 503 477 477 520 502 474 450 508 470 511 505 528 431 542 462 482 481 405 606 414 381 404 423 547 582 596 396 480 404 559 467 428 644 636 457 438 524 467 604 603 512 672 304 637 583 333 560 417 515 278 655 693 320 259 329 588 327 336 371 493 675 547 205 611 751 472 272 266 357 242 490 155 799 264 145 245 559 392 256 425 107 240 329 774 686 87 829 844 527 863 416 319 697 240 902 582 249
499 502 506 484 482 529 505 478 521 479 478 546 478 467 541 491 443 572 415 458 485 560 568 533 483 420 421 629 586 481 476 508 553 389 570 543 624 432 490 572 310 294 530 334 559 342 554 447 371 295 461 535 292 521 457 384 260 419 238 763 421 500 773 589 284 627 574 761 400 255 832 185 228 422 154 621 736 189 759 118 183 599 534 697 217 119 755 918 682 121 619 65 851 764 402 399 260 224 563 390
504 506 485 514 505 494 500 510 466 492 493 467 498 570 554 462 558 563 584 594 568 558 478 415 418 428 366 556 462 620 582 396 545 332 381 604 513 671 499 577 503 508 461 719 529 333 515 373 663 725 537 395 711 475 538 514 742 229 265 611 394 748 751 605 216 285 539 595 691 353 249 622 260 223 556 870 596 711 571 266 784 614 163 569 588 882 572 367 484 781 404 665 309 930 964 856 161 504 196 218
504 499 486 498 487 492 503 495 510 470 495 511 558 550 554 533 437 487 577 443 522 397 456 582 625 468 388 378 377 477 575 529 519 606 429 548 373 588 529 477 588 320 492 669 701 447 670 482 298 634 713 637 508 473 553 428 746 533 306 601 630 428 424 483 218 476 588 265 208 651 511 163 164 436 625 775 144 643 489 370 593 878 520 903 466 576 255 756 525 325 607 346 454 357 926 731 639 523 265 469
498 499 503 499 521 494 490 512 469 481 463 483 499 492 440 426 453 501 428 561 475 511 489 433 472 471 499 480 499 484 463 414 645 587 505 474 467 456 624 454 337 610 499 434 562 723 544 646 499 583 420 698 248 598 391 428 405 491 557 601 448 208 673 406 237 398 793 199 508 584 309 696 543 451 237 303 735 274 780 282 643 142 322 213 388 228 297 241 727 461 140 122 212 777 737 442 598 168 756 626
500 502 486 506 500 514 499 539 472 536 541 492 499 477 533 552 585 523 584 548 401 588 490 419 500 410 608 622 356 461 514 411 559 594 519 451 451 377 446 583 628 622 440 712 602 514 527 450 382 339 569 418 623 348 251 363 632 226 496 364 242 618 314 230 568 259 765 734 592 288 843 246 415 289 733 504 490 315 247 479 733 385 652 216 403 225 683 638 89 137 89 421 801 87 317 465 154 249 994 74
501 492 496 516 507 528 500 521 541 534 509 468 513 567 564 460 548 487 424 552 577 474 390 519 407 437 404 588 406 649 428 395 388 491 381 644 533 404 634 536 381 621 511 384 516 699 511 702 326 635 651 508 418 550 457 775 312 337 569 681 310 696 604 649 223 478 342 529 663 453 419 185 162 322 840 848 536 870 527 469 286 117 854 598 642 361 837 274 439 327 283 350 79 909 44 585 656 434 968 757
497 492 487 491 520 493 466 533 515 504 451 504 501 535 466 448 494 480 509 415 508 398 568 422 565 604 451 498 410 380 455 582 452 546 634 374 584 511 420 393 479 463 444 304 487 397 710 516 324 303 294 405 468 387 683 557 405 587 629 757 337 484 600 343 252 515 402 743 718 840 220 261 837 338 258 336 172 456 891 865 261 695 270 791 702 136 121 488 939 489 788 892 254 152 736 242 836 627 293 858
500 501 487 499 504 514 527 496 493 508 489 518 512 564 552 514 524 467 505 402 482 530 580 431 423 425 635 516 446 462 466 621 534 648 664 596 519 454 622 525 554 670 713 396 439 307 401 737 719 658 412 418 505 632 712 253 216 266 465 742 394 701 807 711 572 810 481 660 296 248 662 691 729 226 318 384 720 474 379 620 820 816 531 166 925 535 547 286 561 411 301 634 497 180 658 558 307 681 164 213
498 495 491 515 486 488 499 535 525 481 474 523 514 551 531 503 420 525 503 456 531 554 546 542 465 513 481 524 423 452 491 618 347 635 591 662 435 618 580 684 637 308 591 325 623 349 449 277 610 566 294 612 263 498 397 308 303 331 649 475 223 344 369 188 793 667 283 443 244 533 216 773 577 330 529 683 736 463 638 735 855 390 575 420 689 477 762 590 828 858 416 905 330 618 496 314 650 57 15 960
496 493 506 487 514 491 525 465 508 524 449 536 449 499 560 487 559 441 513 588 486 557 609 483 473 627 520 427 610 461 569 510 360 483 556 397 623 496 542 343 629 614 453 327 511 353 345 562 481 742 304 734 591 387 454 292 536 385 734 587 453 439 665 372 735 820 283 526 289 761 338 437 284 144 659 611 318 675 326 311 674 445 152 145 531 391 276 443 789 796 665 849 965 468 930 439 695 100 245 116
500 494 489 512 521 514 514 465 498 462 509 475 557 482 521 560 564 482 536 463 480 411 504 616 503 595 476 514 526 531 377 535 371 343 638 555 470 421 577 402 363 592 531 393 394 662 501 526 539 643 648 752 285 612 657 452 302 352 248 211 690 492 689 344 715 774 540 633 729 682 488 261 695 867 644 354 448 836 180 753 628 222 251 487 585 787 112 736 245 648 601 781 417 44 200 176 635 223 158 962
496 509 508 485 521 506 489 466 509 487 541 494 539 561 502 578 507 570 501 509 443 492 597 607 425 401 378 396 468 607 383 498 508 350 422 495 501 675 589 549 698 330 288 548 585 715 509 421 332 505 573 580 431 253 323 780 378 277 548 568 793 350 454 356 458 274 426 752 316 349 819 794 153 746 799 208 141 721 237 546 730 860 777 601 661 908 593 329 868 349 926 951 320 523 60 501 887 818 991 849
501 501 511 494 483 471 525 476 530 489 454 518 456 446 548 451 424 450 565 582 408 395 449 439 547 469 431 487 549 599 510 589 597 355 405 353 344 488 665 302 308 627 317 368 481 706 617 625 547 679 575 399 750 560 652 324 357 446 261 785 753 418 615 546 767 619 290 385 822 548 588 613 311 771 623 775 741 127 658 575 149 220 231 379 82 105 621 830 638 422 332 97 190 412 861 375 787 401 278 477
495 509 488 492 519 511 499 517 467 452 538 475 523 545 563 547 581 587 574 555 430 550 412 599 585 485 381 505 360 568 408 487 385 434 656 505 511 516 529 456 318 668 513 586 553 625 477 664 614 726 523 440 497 274 437 247 618 269 619 242 718 429 259 753 272 458 367 699 368 533 337 699 702 706 233 337 613 416 549 123 752 290 514 422 833 652 744 429 620 277 477 137 550 483 110 849 575 694 451 247
505 502 489 513 475 485 496 532 492 523 488 533 516 483 558 523 465 498 437 558 519 396 512 465 622 620 506 443 411 618 364 623 367 557 578 508 569 649 361 610 510 525 454 351 594 388 607 342 429 551 546 449 312 357 381 414 482 676 417 465 428 338 797 563 690 446 390 293 633 199 371 713 508 410 381 399 389 601 325 337 637 276 532 318 364 530 357 762 402 461 560 175 93 929 135 808 777 604 623 572
496 500 486 503 494 511 512 468 502 524 543 532 499 454 462 458 582 581 416 439 479 434 491 501 576 440 493 455 576 570 605 440 356 533 344 394 408 405 417 502 639 560 671 469 547 325 574 717 439 708 528 464 245 375 372 537 406 728 316 250 261 668 603 589 206 285 189 553 760 177 367 589 360 195 428 500 815 746 702 626 673 604 120 555 84 76 918 870 458 268 803 140 248 409 889 605 355 805 603 274
503 498 490 492 493 500 491 524 524 544 490 527 557 512 545 575 568 420 504 533 506 543 398 579 426 563 476 434 359 612 403 536 530 446 342 624 599 463 393 563 585 644 379 513 323 712 388 374 412 415 442 501 646 252 379 397 768 701 576 646 370 774 739 776 308 519 436 160 239 579 843 140 325 222 864 424 141 637 699 720 743 222 656 634 267 760 183 714 474 520 287 911 76 296 506 851 236 943 182 869
499 506 513 483 522 490 519 527 485 507 473 482 508 441 441 514 509 571 421 449 400 517 569 422 540 451 483 360 559 570 497 579 600 392 427 617 505 377 331 608 388 461 513 556 682 346 279 595 344 297 587 380 435 714 238 674 501 717 657 217 227 335 665 183 825 179 195 442 571 765 148 401 834 650 542 242 317 779 432 239 216 655 910 478 846 147 523 89 66 692 642 311 263 289 919 433 977 515 664 796
504 497 487 480 488 501 487 497 464 529 454 548 535 479 488 485 572 483 564 438 456 519 511 604 412 376 365 613 625 456 407 390 514 627 358 612 343 376 615 511 691 544 330 482 719 711 561 323 733 551 529 578 251 755 704 659 546 401 707 647 705 259 617 249 662 723 309 417 589 229 499 706 455 191 735 509 295 557 470 597 285 696 173 307 552 625 239 829 527 360 942 764 411 262 608 611 576 792 254 167
504 490 493 481 490 509 501 502 519 517 513 495 447 510 519 565 455 433 488 590 396 601 615 518 381 591 576 427 496 359 359 360 344 358 602 479 353 444 438 335 419 367 427 555 428 601 635 528 718 411 336 584 514 704 388 259 728 499 730 341 504 684 756 510 298 513 390 617 394 223 713 596 187 190 735 401 297 309 689 638 225 506 836 396 824 459 679 596 219 168 609 122 69 95 552 867 156 220 377 404
495 500 503 503 503 523 483 486 522 528 484 480 544 533 574 521 568 449 479 443 588 511 450 393 570 541 429 376 450 403 555 356 386 388 359 351 577 449 627 543 494 570 456 532 428 398 428 736 676 681 295 586 364 528 503 495 406 603 579 265 262 481 201 729 319 538 621 402 792 430 378 586 356 587 466 353 597 425 163 169 123 633 148 167 712 482 328 154 901 625 292 226 622 601 39 620 935 783 121 550
495 490 511 481 490 520 481 499 457 498 453 446 543 486 563 443 578 578 447 573 542 441 470 597 523 438 552 387 644 535 502 597 583 663 493 591 498 403 623 474 543 689 391 569 482 327 481 551 429 268 755 409 279 497 500 542 264 262 715 521 195 788 768 757 404 647 479 484 667 748 658 536 415 828 430 521 227 809 352 714 295 716 127 702 700 785 73 718 932 534 513 216 916 643 360 27 844 671 326 231
499 505 498 480 482 474 501 521 463 494 525 499 495 553 497 426 512 453 481 403 548 609 438 492 503 448 368 383 515 485 540 417 605 441 446 598 585 339 519 300 515 707 422 620 696 428 303 646 662 483 591 755 671 381 412 360 215 768 329 404 675 442 557 724 436 743 467 462 829 456 181 148 140 224 241 251 530 322 352 457 595 311 802 122 603 195 114 148 162 919 686 635 703 707 218 515 420 276 93 967
495 499 508 498 516 506 468 493 508 479 520 491 436 509 430 486 508 478 567 500 435 590 400 570 571 490 554 432 481 480 554 574 395 458 664 395 547 314 644 398 320 531 566 425 367 633 507 522 305 578 655 364 475 467 722 535 385 528 719 705 742 758 743 681 442 423 506 350 342 158 148 160 149 241 447 678 143 171 193 232 242 513 190 469 611 822 578 904 784 686 755 374 922 704 409 621 496 777 350 461
495 503 488 483 525 482 474 479 527 473 540 482 444 469 505 441 530 442 510 519 479 510 557 387 625 451 542 436 442 457 483 651 423 419 426 650 670 435 512 318 624 698 548 353 605 377 431 394 539 715 752 431 428 703 578 770 462 708 632 688 477 530 783 557 762 449 268 257 720 579 723 328 532 742 244 146 391 814 746 601 876 142 736 775 620 769 549 141 112 196 856 399 353 753 681 284 320 198 924 416
497 505 501 486 521 489 532 536 483 459 544 544 540 449 443 577 536 415 467 489 418 606 463 552 527 530 576 376 468 454 418 641 386 578 488 459 668 413 307 653 494 346 674 429 533 411 715 309 435 729 649 240 700 673 659 681 441 374 421 219 223 606 269 740 818 799 647 218 231 393 648 380 233 150 190 374 876 167 537 751 446 795 206 316 705 86 441 502 878 773 324 749 931 355 843 446 816 368 724 907
503 500 491 512 496 487 490 524 497 495 451 533 509 453 501 577 449 453 563 415 554 561 474 581 467 417 395 513 368 562 607 342 650 587 480 537 479 428 452 551 379 444 617 553 612 664 701 566 739 609 582 522 322 749 719 606 494 503 634 316 461 547 638 395 493 321 276 535 529 613 293 641 844 558 330 451 383 336 890 656 398 461 105 82 629 250 335 616 489 808 751 560 946 928 536 25 550 800 840 341
497 500 487 491 490 509 494 516 463 480 531 440 488 464 483 505 454 525 439 498 414 567 517 434 489 577 606 522 551 563 487 344 496 629 445 628 538 481 346 378 373 312 688 688 549 375 440 318 496 695 740 542 239 400 691 752 703 408 784 493 503 327 745 230 372 409 234 271 669 650 618 250 286 647 509 520 175 377 228 333 572 886 893 82 329 725 196 85 438 747 618 937 135 246 382 665 535 381 844 191
504 490 503 518 500 482 531 478 529 457 544 451 470 432 502 451 534 526 594 443 469 390 578 475 458 546 365 560 549 466 358 545 665 636 545 352 432 386 357 464 553 622 401 522 607 462 348 265 444 490 270 421 451 529 449 471 397 740 484 505 340 420 482 583 501 686 691 343 336 186 687 714 436 354 186 850 745 567 384 484 463 462 389 686 169 773 590 683 796 550 505 599 210 727 578 608 392 798 718 756
503 498 499 496 482 499 522 515 494 517 492 492 506 485 543 528 583 451 502 434 587 509 501 395 439 585 480 531 605 482 542 421 642 516 435 649 377 330 380 602 411 406 483 420 618 490 643 318 554 258 328 455 256 277 481 258 269 541 684 244 702 322 632 340 216 613 631 728 397 771 580 162 265 169 486 432 246 165 709 369 596 898 613 349 283 737 611 360 655 146 236 143 105 61 518 728 23 336 392 459
497 491 511 496 512 483 496 494 491 464 529 489 475 445 494 430 479 460 529 560 407 489 492 397 492 595 474 412 632 636 383 459 536 590 630 603 579 491 592 517 574 676 536 678 396 325 413 660 683 460 648 299 697 716 606 455 513 584 536 647 220 710 772 606 199 369 590 800 771 403 477 415 376 834 536 229 315 361 770 897 619 252 184 248 770 325 927 691 473 839 717 348 199 871 453 848 410 652 492 581
503 508 487 510 480 495 514 515 482 535 474 540 442 546 522 508 426 443 439 551 403 599 472 431 447 464 625 606 447 497 579 579 464 441 343 653 451 496 308 455 638 376 455 698 632 504 387 281 381 525 248 357 365 720 586 324 288 393 762 495 232 325 713 631 466 197 422 757 581 457 466 265 862 764 474 563 649 888 775 157 326 208 901 170 155 410 830 570 511 206 404 438 752 263 234 308 851 582 469 521
505 491 493 512 498 502 526 529 508 489 544 507 531 555 533 519 580 553 582 431 477 581 470 601 611 468 607 620 449 359 536 659 513 396 490 568 387 439 521 610 519 627 682 707 425 619 692 655 289 679 380 559 427 611 435 476 471 564 786 395 782 747 567 326 375 402 721 384 295 227 728 365 183 779 352 152 844 774 763 748 314 341 547 898 180 751 163 868 318 290 56 141 755 360 660 331 375 143 486 639
496 507 494 496 479 528 486 520 544 488 512 487 497 550 461 567 583 559 422 439 482 579 434 493 595 479 551 435 369 542 457 539 398 622 502 538 527 483 438 317 699 342 707 703 481 489 303 658 259 334 694 345 258 239 463 288 773 370 242 797 330 442 765 213 279 695 284 659 186 299 468 286 519 282 282 157 781 225 408 780 649 615 300 796 88 330 366 493 658 381 826 99 339 421 452 885 809 451 435 375
498 495 508 487 512 479 524 498 510 545 445 474 516 446 545 574 522 504 464 550 506 445 602 579 500 396 409 620 400 413 478 461 525 641 646 349 476 411 479 645 367 449 393 629 567 668 441 675 714 628 458 450 466 470 657 385 504 347 757 277 539 728 210 264 399 744 461 803 444 317 391 816 496 304 616 847 323 808 380 711 821 611 783 886 399 609 454 563 372 70 286 258 110 72 863 685 30 816 24 798
504 510 493 487 492 495 512 462 473 500 498 442 528 434 516 557 518 455 579 429 566 408 516 515 601 553 534 625 438 492 570 442 511 542 409 408 505 610 469 406 310 692 440 597 424 540 409 462 426 314 403 507 485 314 613 401 243 599 303 666 627 591 198 631 584 512 287 390 646 693 314 611 735 830 329 627 835 145 784 870 659 143 220 159 148 451 350 693 920 844 210 535 874 542 643 280 425 116 724 824
502 497 506 497 519 480 519 530 465 521 501 485 501 471 478 492 420 544 512 409 602 440 444 472 423 381 402 380 556 360 523 464 452 514 506 476 568 605 489 325 423 676 302 576 590 393 544 316 505 333 579 283 318 373 522 761 510 260 437 608 584 578 528 210 286 464 541 187 566 846 764 469 664 752 532 814 256 148 467 249 298 905 589 103 331 808 862 908 783 784 529 245 818 386 954 860 321 873 263 671
504 505 496 483 519 527 479 505 541 479 527 484 488 527 572 541 420 534 595 598 450 542 388 599 413 494 462 375 414 601 395 473 471 548 525 338 432 523 396 429 531 350 351 567 371 586 668 560 704 672 565 589 595 408 410 318 424 605 705 439 486 741 719 595 525 565 314 785 418 420 818 624 719 241 332 121 120 188 567 251 632 790 746 191 455 909 766 355 915 56 283 228 458 965 45 51 792 200 146 25
497 499 504 513 496 519 512 522 501 531 523 537 487 507 538 558 435 411 493 475 604 514 615 586 498 549 609 500 594 509 572 515 388 586 669 506 504 421 541 464 650 702 560 424 429 689 309 460 520 746 634 592 740 464 359 394 520 603 780 684 685 295 237 563 245 517 398 241 627 328 497 545 640 295 336 801 767 318 117 513 684 786 856 124 621 515 209 212 494 193 685 738 533 492 880 543 337 672 260 240
499 502 513 482 494 510 500 471 474 516 454 445 449 488 475 467 584 504 508 589 514 461 606 496 613 408 435 368 511 552 574 425 521 391 375 373 467 575 407 651 397 643 350 591 634 429 506 496 730 539 444 366 704 382 408 451 408 754 383 477 660 763 288 346 730 376 815 670 797 679 471 688 853 313 284 419 638 243 534 705 679 378 140 666 613 617 394 317 614 789 859 233 58 814 297 387 539 591 37 911
499 496 509 490 497 474 523 504 495 533 550 517 487 461 563 461 534 556 456 541 412 610 599 571 476 436 483 460 475 368 417 555 458 393 376 389 546 359 571 602 527 622 470 330 665 306 360 719 487 428 518 703 529 651 611 529 230 624 398 308 414 656 762 358 444 289 380 669 632 834 196 783 315 824 341 260 200 189 830 198 760 709 274 892 677 900 735 418 543 100 156 177 543 892 966 865 665 955 194 88
501 492 509 520 475 518 487 506 526 475 536 460 552 519 507 420 447 526 530 490 531 396 436 384 498 409 554 419 539 444 417 619 579 436 397 572 416 593 678 312 463 406 536 369 401 346 569 345 498 346 634 448 526 614 448 511 761 340 756 724 767 780 442 495 822 305 281 524 414 686 556 579 159 554 502 228 399 164 138 604 175 796 500 505 911 682 338 554 135 947 288 247 240 528 585 885 346 630 92 661
495 505 502 515 478 486 499 479 463 493 498 531 521 472 510 462 449 484 530 423 590 553 545 564 504 465 607 506 384 634 361 620 447 629 397 679 500 645 403 461 652 320 505 355 629 310 679 409 280 417 722 401 680 270 484 224 361 719 376 695 256 705 633 714 654 419 276 553 175 299 222 375 136 603 270 304 791 557 870 774 721 407 886 169 876 789 213 444 847 139 953 584 127 947 501 216 111 601 148 720
503 502 509 503 525 496 529 499 465 494 505 522 532 488 487 575 471 462 553 430 412 510 462 436 519 580 393 622 593 641 591 568 507 341 575 534 597 459 605 486 420 291 379 442 688 349 356 278 708 703 509 489 242 362 749 281 508 638 321 679 529 795 643 614 179 259 640 233 327 358 438 489 522 258 591 526 741 488 315 468 539 249 440 351 764 627 715 513 886 414 916 678 758 34 27 407 21 175 558 547
500 496 509 483 518 503 477 518 496 491 507 513 441 494 490 488 430 426 516 453 559 590 387 601 528 382 371 615 386 585 553 622 401 390 420 599 487 598 572 360 295 539 565 664 676 366 403 340 300 306 316 714 284 246 653 562 432 404 432 780 674 252 382 276 790 241 765 734 267 445 196 143 661 254 397 531 868 389 851 280 223 150 535 446 567 266 832 720 107 820 486 553 78 597 453 236 785 432 419 471
505 495 502 511 507 471 488 525 496 540 514 552 502 467 575 520 510 526 476 556 579 541 503 487 484 530 397 369 384 522 552 561 427 652 403 493 584 564 485 532 371 655 325 590 501 554 433 291 745 448 386 410 735 636 728 396 236 387 299 466 646 792 433 578 306 557 211 796 597 366 641 380 494 732 459 170 633 770 446 430 563 840 735 484 124 805 361 281 727 519 86 229 213 228 883 496 829 852 800 967
503 491 513 504 509 507 509 472 500 538 553 498 491 526 480 523 424 430 481 586 413 605 550 581 480 430 593 547 605 615 424 612 614 388 621 657 535 401 335 345 639 658 667 568 484 302 619 650 693 329 639 380 340 501 494 317 708 404 289 668 728 413 412 345 198 438 780 360 161 611 705 481 628 863 786 659 613 226 419 118 898 411 533 120 124 133 675 778 652 100 632 287 287 86 933 609 359 620 433 768
502 496 497 503 503 515 492 500 497 547 547 552 511 491 536 481 553 463 489 422 601 522 463 488 391 467 497 457 361 603 459 527 643 427 623 562 439 323 438 650 308 401 545 432 308 718 560 316 433 544 480 629 471 249 459 482 474 422 409 251 248 736 240 748 759 488 565 490 484 310 380 145 645 733 586 612 782 414 165 808 560 751 857 551 84 138 258 122 240 556 46 575 57 649 238 469 916 685 647 90
496 500 485 519 479 478 465 526 461 534 453 544 505 508 550 438 487 421 574 554 472 491 570 385 390 415 595 590 504 472 544 436 372 374 640 456 444 530 345 684 403 420 438 635 474 509 399 727 675 469 608 491 601 297 407 768 379 491 247 621 623 752 492 705 235 273 326 368 825 492 782 770 656 256 627 319 331 798 251 604 355 374 799 642 627 640 735 902 538 448 73 302 438 945 791 297 951 857 961 390
499 495 503 500 502 485 483 517 537 548 505 496 435 508 440 522 417 450 477 511 570 401 503 560 393 403 418 384 515 436 634 631 439 356 529 564 381 670 514 372 516 365 336 403 654 526 560 280 615 494 613 337 628 651 402 686 572 715 778 328 559 215 732 610 195 702 787 172 619 571 752 745 504 334 659 758 413 471 267 406 142 455 186 256 225 795 774 309 627 752 288 355 169 795 287 623 967 650 827 419
505 498 500 513 499 501 499 460 499 514 545 516 450 489 461 495 579 569 428 565 517 500 460 566 546 530 502 389 493 580 426 424 398 597 491 656 475 352 466 578 683 515 379 368 400 346 600 372 295 333 266 391 764 443 722 288 295 569 320 352 798 399 798 426 188 213 772 789 617 541 757 233 169 859 345 753 447 599 866 744 727 845 359 83 616 204 577 750 720 264 860 42 871 430 315 253 117 320 641 107
504 508 494 514 513 517 498 521 543 472 530 530 501 469 558 561 492 586 417 422 569 395 410 473 394 468 495 376 393 457 384 440 368 617 434 377 615 455 330 546 646 516 647 604 562 451 493 351 414 266 284 314 599 528 760 227 468 671 287 738 401 277 236 597 208 727 172 839 418 635 454 157 349 204 597 375 392 722 302 454 805 417 154 766 373 261 182 378 564 150 492 652 791 921 224 836 760 643 569 13
499 491 496 505 476 476 512 508 527 495 502 506 478 463 564 495 533 580 571 490 517 430 584 491 575 404 556 551 587 521 533 460 519 447 441 434 328 494 679 379 654 329 429 670 312 279 734 430 398 370 518 527 614 344 468 234 728 294 207 479 325 228 536 342 821 812 375 643 363 299 276 362 826 471 232 802 156 379 681 296 573 117 380 307 425 105 103 573 830 808 859 496 865 71 424 946 921 740 769 268
500 490 515 493 500 515 467 508 469 476 487 538 531 459 445 488 536 566 517 521 541 485 544 404 464 476 586 550 552 567 477 349 484 354 377 621 488 406 385 659 640 660 357 419 630 653 558 377 368 620 698 612 417 338 622 475 723 468 446 315 759 730 296 385 569 516 251 393 667 718 286 856 579 706 716 833 368 185 726 378 496 765 815 395 595 129 390 881 719 295 484 496 109 857 613 111 610 553 517 881
502 490 496 491 482 486 489 513 465 463 452 529 518 566 437 577 434 451 453 451 527 592 601 507 600 397 598 408 355 598 416 553 556 377 540 679 431 437 440 353 377 395 389 421 575 492 601 711 377 411 627 491 284 448 404 641 664 701 272 373 584 708 406 329 699 697 706 688 497 287 767 559 277 185 874 673 244 482 568 405 481 600 219 90 337 531 228 181 644 153 456 955 320 302 497 970 80 384 262 100
498 509 507 488 512 486 472 501 470 480 464 535 537 488 450 449 513 560 584 581 444 511 459 524 431 395 453 581 625 396 444 354 426 388 609 441 614 586 624 554 552 322 333 506 484 479 268 338 354 416 722 612 554 677 629 475 417 253 244 216 228 483 613 619 281 766 638 524 725 475 238 696 455 201 306 278 271 320 857 122 757 753 542 168 851 172 694 483 753 555 321 300 586 267 76 293 120 318 409 611
503 500 513 514 520 525 467 478 488 485 500 458 531 472 533 526 503 542 419 574 513 428 560 411 618 565 494 530 375 580 574 402 632 626 353 431 549 352 459 449 680 523 440 659 423 452 292 345 562 405 442 546 260 733 593 434 576 274 682 314 359 537 459 384 324 223 197 601 372 598 327 489 611 235 314 404 301 767 331 242 304 214 366 889 554 374 910 863 897 571 106 210 811 71 176 290 527 128 30 311
501 500 490 487 486 524 466 502 538 513 514 498 503 497 474 522 517 472 431 561 454 480 410 459 559 448 459 509 384 410 605 598 445 488 586 392 509 437 524 320 678 697 583 484 696 425 369 666 680 546 447 668 294 539 238 304 651 383 621 787 559 615 322 231 571 592 704 822 631 591 398 785 677 176 720 663 125 711 158 595 772 342 633 529 107 481 739 865 308 581 325 570 321 387 885 629 426 311 126 575
498 490 486 499 476 477 508 474 472 507 456 464 479 495 476 457 521 517 473 533 546 426 581 585 525 521 584 478 402 420 474 515 446 405 376 656 412 597 307 584 396 312 404 575 690 459 595 721 404 493 696 606 540 373 717 403 462 355 217 648 525 566 699 715 565 396 292 498 504 763 318 292 215 521 810 647 530 426 474 683 352 583 835 238 118 875 430 502 617 944 609 59 839 935 626 781 494 181 855 437
503 496 513 483 501 495 476 510 463 550 486 513 504 489 500 579 524 520 529 452 479 565 465 510 616 517 635 427 627 613 651 520 623 366 367 453 325 329 673 572 299 392 383 521 476 455 386 671 666 421 399 328 446 508 328 647 542 756 325 396 777 417 314 486 242 297 324 413 343 678 153 373 344 366 245 559 326 263 762 649 129 111 384 619 526 530 692 544 475 121 315 682 225 709 928 853 873 866 517 330
496 496 493 498 492 485 481 538 505 533 492 440 521 556 458 452 455 542 441 541 594 541 402 485 536 452 450 561 413 639 449 405 522 353 611 675 682 483 325 640 605 429 311 375 456 533 552 628 563 513 291 271 346 764 571 352 597 449 239 544 385 771 616 309 666 184 739 781 705 379 364 237 644 852 500 225 628 344 502 765 637 664 873 316 716 883 512 121 224 742 48 483 213 717 758 195 368 357 546 549
504 494 486 494 482 475 512 488 505 536 471 470 546 479 462 427 511 555 513 555 395 548 599 386 587 492 506 579 582 424 570 445 398 633 528 664 600 615 527 681 507 346 567 528 463 516 555 322 273 622 594 322 307 368 708 734 408 658 215 228 749 803 388 278 732 305 348 653 624 452 616 538 426 840 498 644 322 356 785 528 413 801 178 644 193 902 867 381 575 647 78 458 956 415 96 789 85 795 694 348
500 504 493 482 521 471 506 489 482 452 509 516 538 474 442 420 487 584 498 442 415 398 469 604 426 555 511 541 602 629 442 403 525 556 485 405 404 684 456 612 445 493 551 305 356 670 683 396 386 434 540 405 254 315 586 487 486 455 431 339 633 272 810 397 332 173 452 801 366 170 756 722 777 387 195 436 637 888 418 846 781 129 473 325 176 221 722 298 173 120 321 208 581 345 75 590 328 573 99 385
497 505 491 480 491 489 494 505 475 538 510 522 479 509 572 427 477 505 522 534 573 602 416 395 624 372 631 553 627 573 559 527 637 359 564 483 677 510 595 437 573 494 360 520 306 619 651 554 313 590 398 570 621 699 401 263 586 364 276 357 567 690 552 372 721 332 791 506 159 174 827 707 680 764 708 476 435 545 645 688 663 195 585 815 903 639 914 513 887 431 869 563 810 904 811 516 886 624 722 360
504 502 491 487 495 477 526 475 536 532 477 477 493 461 541 500 556 505 504 599 575 498 449 525 505 573 505 495 551 580 517 424 521 527 670 524 315 393 355 659 318 520 650 493 649 319 706 404 605 386 619 506 580 265 238 624 557 338 596 551 511 621 672 222 512 758 784 219 346 796 254 261 796 438 664 574 202 134 292 400 150 96 441 582 184 230 784 718 359 578 372 377 507 429 619 672 142 63 680 729
495 507 490 484 502 477 484 521 487 481 486 480 501 475 574 509 425 556 531 458 519 457 403 443 491 503 373 503 555 386 576 367 602 424 558 517 407 646 559 335 597 372 419 430 569 671 675 279 333 303 679 481 683 666 615 596 282 432 257 535 432 227 514 359 442 258 498 760 778 287 223 448 451 510 723 542 884 402 349 184 559 712 435 230 757 74 226 240 639 147 603 674 163 886 726 632 738 256 973 58
498 494 501 511 496 483 533 472 510 504 544 513 543 473 487 521 565 554 441 492 519 573 572 443 584 623 547 605 597 520 648 606 576 340 643 579 411 401 400 661 486 611 427 301 625 410 464 617 483 470 414 443 370 363 689 251 305 602 280 754 402 297 735 271 647 363 280 346 694 593 686 809 581 471 496 127 755 861 213 348 501 120 417 248 445 84 690 923 162 875 57 115 35 413 660 832 515 413 36 843
500 510 504 485 521 510 482 497 511 493 550 513 472 465 452 471 518 542 514 435 482 517 487 554 579 571 372 569 501 468 548 635 632 485 656 405 535 400 444 592 590 501 607 578 480 671 383 357 730 329 611 549 383 542 260 612 660 744 464 367 610 201 338 292 265 448 564 169 495 412 582 358 363 278 335 466 329 800 892 314 768 610 761 235 243 98 344 227 693 802 271 877 470 605 915 142 779 631 493 272
504 497 508 491 490 501 475 520 545 486 529 557 553 503 554 535 561 435 591 521 598 526 609 447 524 590 510 360 369 352 399 614 360 651 358 654 609 327 395 578 389 409 494 469 649 720 434 439 445 252 414 516 296 689 349 687 353 734 786 594 365 203 344 575 748 270 219 829 643 519 236 468 648 494 355 423 379 672 601 288 772 806 300 484 614 422 321 218 929 565 941 630 869 420 46 279 29 39 468 469
502 494 488 508 486 490 528 524 491 495 454 544 450 527 524 454 519 425 576 572 450 499 453 471 499 532 402 589 628 602 352 366 405 397 580 472 339 375 478 594 664 655 386 472 284 414 598 519 580 728 337 301 417 556 390 361 341 492 711 368 329 636 647 546 249 219 758 429 596 207 324 689 664 203 719 123 660 852 709 762 187 526 262 178 257 608 340 501 608 474 68 213 265 485 621 872 230 764 429 978
504 491 503 511 485 530 479 528 535 548 542 526 437 435 438 526 531 499 475 408 500 490 404 412 433 475 404 469 599 431 521 640 357 377 628 583 539 346 515 579 438 704 403 486 398 371 605 476 516 283 412 308 686 600 660 485 561 612 599 717 653 599 577 812 538 554 316 815 330 367 387 486 499 583 301 733 203 691 322 554 692 339 612 490 798 316 346 628 787 530 136 870 748 352 355 199 419 310 484 926
499 506 497 501 521 471 502 475 501 474 531 559 521 463 432 442 533 469 491 467 593 472 543 581 512 437 469 618 588 603 510 382 474 568 617 517 544 454 607 652 597 349 585 477 601 552 556 429 575 516 523 360 622 334 519 545 428 683 589 544 524 624 759 815 812 625 675 372 326 611 627 447 513 319 511 754 138 632 880 566 487 515 275 459 376 96 850 70 238 877 286 498 940 784 907 275 510 59 463 143
500 505 488 518 479 523 512 524 525 509 479 548 546 455 531 474 448 575 509 535 604 575 509 515 572 577 480 481 605 603 386 502 459 652 548 415 398 599 577 348 431 306 371 537 411 416 429 569 336 351 652 276 696 452 402 357 288 711 658 757 361 766 799 422 666 256 669 238 792 321 660 252 403 560 137 347 415 554 408 136 509 146 644 242 217 340 627 60 263 485 288 821 588 374 436 830 310 347 282 412
495 508 514 485 496 500 512 505 476 466 516 540 458 543 514 539 485 469 592 559 529 537 441 486 528 595 594 507 492 398 483 387 382 411 418 436 514 509 507 582 421 502 464 393 528 616 422 676 515 302 409 365 511 544 604 573 287 487 331 687 398 499 617 805 187 315 593 325 795 435 821 556 188 510 770 449 455 400 860 172 834 497 870 796 823 304 877 819 870 524 831 235 682 188 537 297 33 118 808 988
497 497 503 483 524 495 531 513 485 455 454 558 484 462 442 506 503 537 539 498 395 437 464 386 517 564 434 448 598 503 638 353 371 388 587 405 590 387 453 588 497 488 542 522 582 277 492 730 306 312 479 686 477 283 530 525 280 496 385 582 261 364 522 404 241 640 308 429 660 226 278 424 612 383 324 140 871 237 726 311 613 593 398 781 311 484 487 116 667 255 307 115 435 640 246 279 753 677 385 805
501 498 497 511 502 506 467 494 499 462 511 559 485 463 445 516 584 415 432 495 520 430 466 503 488 628 569 508 458 643 621 642 472 377 613 418 353 433 440 317 597 559 631 293 433 636 665 563 459 271 666 344 699 602 301 735 383 236 711 691 259 679 584 758 419 496 685 277 494 450 257 767 460 289 431 218 724 322 380 231 664 451 166 619 299 265 195 323 861 375 827 483 523 78 888 624 523 503 771 691
503 502 503 509 517 512 523 539 463 458 469 557 551 499 547 430 546 452 505 577 425 442 409 582 608 396 553 533 491 600 632 409 602 628 614 501 499 663 633 454 378 454 287 565 605 630 688 615 742 380 691 302 329 643 553 776 524 361 766 780 377 465 774 201 280 781 641 763 173 782 657 362 676 482 847 366 160 441 483 315 522 544 794 191 428 586 522 794 540 520 468 886 693 960 426 865 630 912 380 528
503 492 514 504 523 495 466 477 481 494 453 532 565 561 556 467 468 479 501 416 499 559 506 607 557 595 454 416 542 511 502 659 360 352 653 660 490 428 663 413 360 694 692 482 561 643 355 345 348 556 345 714 335 510 383 273 724 359 210 473 549 327 754 388 181 361 363 246 654 272 563 790 681 294 181 711 610 122 606 135 382 616 829 607 854 862 775 682 300 602 629 200 648 269 769 744 291 302 860 608
496 509 511 515 515 510 496 537 455 521 545 482 538 517 468 460 514 590 457 423 442 556 568 505 617 408 537 375 477 361 426 526 539 604 650 520 633 311 319 491 503 615 446 293 639 356 294 302 321 381 697 693 572 554 273 456 364 620 514 519 580 238 608 781 688 334 465 518 417 312 845 422 508 827 738 703 496 660 355 586 577 851 816 306 335 475 662 122 165 705 339 478 241 542 444 909 46 989 679 216
504 492 496 506 485 519 509 500 489 518 551 496 526 440 425 547 581 477 415 584 563 553 477 598 511 615 601 471 551 648 500 389 473 633 504 497 405 539 346 502 666 647 591 673 493 561 578 625 602 268 626 640 690 235 295 708 408 218 625 509 534 485 744 774 210 277 321 529 287 222 473 794 599 860 861 515 439 231 801 267 357 898 761 703 387 138 567 618 490 839 422 722 273 270 824 538 889 705 263 27
503 492 485 513 484 505 511 533 489 499 453 473 554 499 514 451 561 480 563 457 506 608 484 402 565 566 625 549 372 626 529 589 347 533 382 595 386 651 331 446 609 707 382 459 592 717 511 459 633 543 282 303 758 518 393 707 373 315 264 712 218 747 657 302 728 181 811 654 632 157 161 325 263 597 298 303 779 876 326 877 842 547 117 283 135 599 350 654 883 242 826 330 620 594 954 977 96 629 709 300
504 497 503 507 513 528 485 496 490 550 497 449 445 488 525 442 460 589 430 483 489 563 570 456 389 438 610 527 640 556 401 574 587 517 641 487 450 432 339 661 649 693 700 521 487 380 301 290 725 557 284 361 439 368 471 366 370 614 638 721 523 569 336 315 706 752 788 312 692 201 498 697 327 664 152 129 278 618 131 175 605 116 724 663 751 391 257 382 723 458 555 364 151 66 887 504 53 793 490 637
505 501 492 519 486 510 531 532 479 493 446 554 462 535 445 453 429 576 520 514 475 528 404 570 492 426 502 614 511 512 432 372 367 668 446 588 465 349 324 501 375 575 624 552 709 334 570 385 477 689 608 619 595 591 660 607 763 705 787 677 243 384 359 582 632 507 256 321 701 572 394 507 620 704 243 497 322 424 761 635 269 310 867 759 401 672 593 415 384 343 790 152 98 720 861 971 211 585 184 279
502 495 507 495 503 487 531 461 517 549 531 538 464 530 557 465 418 475 538 479 539 586 481 383 383 559 602 510 528 367 410 394 638 633 503 628 394 533 324 523 301 607 535 286 310 371 666 668 321 422 371 691 365 290 235 606 412 273 293 426 223 523 728 364 684 279 617 646 739 183 520 533 737 331 476 576 300 825 745 286 193 429 747 129 399 815 174 836 374 643 369 205 282 399 357 685 924 25 398 590
500 502 485 509 507 517 508 468 494 548 471 487 552 567 429 534 480 555 529 426 605 603 478 443 612 441 619 634 516 390 432 618 494 568 374 441 405 344 478 429 584 332 655 719 582 499 411 487 406 597 371 511 279 382 673 671 739 439 656 541 437 256 207 453 516 784 275 474 662 685 822 712 863 776 395 431 692 646 722 808 446 777 793 94 287 714 214 360 139 198 485 173 304 720 460 831 240 206 385 469
501 491 497 511 519 509 474 518 535 501 461 497 475 524 454 529 503 447 546 568 450 587 415 448 384 452 609 550 477 492 533 392 476 592 550 561 648 622 322 410 325 578 690 340 283 404 453 637 503 716 612 468 628 700 313 522 572 596 343 668 444 619 478 453 402 225 371 822 164 774 734 325 701 633 328 284 236 785 553 579 867 587 778 783 378 72 847 685 104 114 830 412 846 421 487 697 126 542 197 950
497 492 486 520 493 516 532 509 476 522 536 540 487 512 545 481 433 520 580 454 498 399 490 479 445 445 466 418 641 395 482 644 351 628 653 408 679 538 632 563 480 510 618 318 649 317 514 612 530 545 465 287 319 362 418 685 386 719 362 217 616 749 701 473 259 663 203 675 812 267 658 394 812 504 361 170 272 541 547 204 438 844 648 317 868 124 801 722 785 792 877 145 627 534 669 208 711 972 366 4
