497 508 508 483 505 499 524 499 476 461 495 466 508 520 458 452 493 579 574 587 485 582 604 535 485 447 480 588 569 371 483 364 482 335 534 584 422 606 643 548 687 635 572 462 426 578 544 627 650 707 492 297 591 417 231 414 402 680 423 254 317 690 327 502 258 489 670 751 433 737 390 232 249 665 597 201 555 150 575 839 562 127 828 599 301 576 925 99 251 786 877 635 613 810 801 912 420 976 159 476
500 507 493 492 482 509 482 494 470 523 484 488 551 432 505 524 431 442 471 400 544 491 580 529 567 379 527 448 550 507 584 540 546 599 372 520 578 649 586 327 457 702 691 505 702 581 451 525 742 396 357 543 424 432 511 652 644 522 698 602 663 265 191 364 318 759 750 690 788 682 206 402 336 697 702 482 658 469 636 533 816 172 159 769 660 317 463 342 876 782 398 732 545 940 685 950 778 216 493 687
498 499 494 505 491 490 476 527 466 548 450 508 531 552 457 485 492 538 573 566 461 552 389 470 548 448 626 553 622 591 586 363 659 584 409 614 655 598 534 413 657 682 330 290 301 632 291 555 312 297 252 300 450 689 418 361 233 542 485 330 456 480 323 706 807 221 290 761 236 169 457 469 172 213 653 850 317 329 332 638 260 321 643 258 348 700 474 325 550 914 532 479 76 960 917 603 545 328 333 806
497 493 511 516 523 496 489 481 496 453 454 522 516 491 469 523 476 529 414 543 561 503 540 443 546 619 488 536 357 532 613 474 338 405 664 670 325 492 589 516 575 468 346 455 717 448 392 385 364 507 414 418 405 324 535 417 526 416 512 361 531 531 601 614 463 560 512 254 465 722 695 749 695 777 394 558 172 357 343 799 328 653 902 589 730 523 88 235 667 70 658 881 799 537 409 726 346 371 153 237
503 508 495 487 491 500 475 522 502 536 521 521 516 489 534 455 519 446 457 442 404 449 535 496 477 622 560 519 545 493 536 504 606 661 612 386 362 368 672 624 558 360 360 344 661 354 470 388 407 378 395 621 292 686 596 635 656 560 680 749 259 735 547 304 267 341 190 373 476 706 176 766 165 860 627 264 330 732 375 693 369 592 316 769 726 579 483 455 330 247 266 360 962 327 472 839 919 336 216 776
498 506 505 517 479 502 484 540 457 545 501 554 456 535 459 450 489 427 416 486 431 487 478 440 594 488 366 462 496 476 549 380 356 541 475 642 553 516 351 354 634 570 370 659 425 311 690 667 471 605 501 460 457 626 229 546 472 460 713 741 392 748 521 660 426 502 307 384 554 805 544 474 829 152 137 837 264 248 116 267 117 358 442 846 187 89 697 238 281 266 560 429 523 725 496 400 158 40 130 521
503 502 489 506 494 524 486 509 504 513 471 467 498 479 490 454 457 460 588 484 540 488 439 540 386 562 587 363 448 463 486 550 593 625 442 519 338 376 503 673 428 322 480 563 309 713 301 398 309 472 340 316 241 488 591 759 606 293 677 609 596 738 269 330 591 284 174 505 373 503 420 184 315 242 494 128 636 171 750 875 135 486 801 483 682 444 82 207 336 879 263 326 947 265 508 593 730 818 690 750
503 500 511 501 485 522 535 461 458 482 519 510 439 538 465 498 567 544 441 467 598 577 438 559 516 532 557 526 426 583 444 361 373 398 358 388 384 336 387 410 632 425 474 550 627 427 376 344 520 619 370 596 548 348 644 603 657 729 256 751 774 557 802 394 417 257 548 168 231 770 563 252 379 593 221 845 219 778 335 500 315 542 460 477 208 907 833 938 588 313 609 723 140 574 342 396 193 795 308 651
496 492 492 484 511 484 474 505 491 536 548 468 463 500 504 471 537 440 501 456 446 472 531 576 397 521 415 625 534 547 629 399 384 636 597 497 521 506 555 382 701 487 700 671 499 523 404 279 475 451 336 644 764 605 398 400 664 275 438 703 686 283 416 379 318 305 483 286 202 302 452 716 291 423 387 268 726 698 421 647 668 117 474 802 498 426 824 720 847 362 381 93 279 961 189 543 791 901 632 819
497 501 498 480 513 505 508 463 529 532 461 495 550 457 484 580 490 573 456 458 584 398 590 432 521 603 482 480 359 586 360 376 618 668 437 460 677 626 541 415 675 322 610 546 687 633 428 681 336 453 394 735 273 555 321 346 435 535 527 288 668 233 330 645 401 257 448 652 697 398 771 667 711 427 556 614 788 643 543 875 675 195 137 571 436 696 673 791 280 926 302 659 545 721 197 460 324 173 469 64
497 505 490 509 522 511 503 495 480 517 445 555 529 513 472 437 569 425 486 483 434 440 491 580 591 534 448 540 489 629 646 368 433 419 639 624 501 570 459 322 447 567 568 412 723 528 470 369 490 629 562 410 398 512 628 469 644 294 479 395 432 478 460 298 819 781 272 341 362 168 243 286 680 510 318 154 153 354 843 313 167 571 123 664 870 887 668 824 623 744 471 54 245 870 32 105 927 739 306 823
502 491 505 480 480 529 523 462 488 495 504 509 558 524 483 500 475 519 504 449 547 553 508 389 611 550 541 384 568 403 466 469 400 599 570 525 566 486 404 635 388 666 334 423 666 550 421 632 723 500 339 589 355 247 479 354 439 781 348 650 411 758 679 406 721 180 439 626 557 186 261 846 821 525 434 189 502 338 384 179 577 543 433 733 868 525 801 908 862 666 477 155 492 310 464 211 774 120 580 804
505 503 485 492 511 476 480 485 510 542 477 453 439 540 494 450 567 549 509 488 455 568 405 380 407 467 541 633 567 543 578 492 558 641 475 641 343 602 652 373 497 495 360 634 524 487 655 600 292 607 478 444 498 458 451 699 500 563 243 598 716 513 525 530 658 524 278 528 200 269 739 821 283 631 194 483 550 808 369 783 116 539 555 742 134 369 132 874 723 892 507 728 728 253 864 945 985 306 130 780
505 507 504 485 494 473 534 493 523 548 535 516 554 553 442 562 451 574 405 590 525 607 583 566 414 609 530 609 581 629 520 404 530 629 410 448 683 396 481 584 406 302 553 309 509 563 647 649 587 465 710 624 468 467 718 627 409 488 361 238 201 314 723 346 322 678 470 519 527 345 496 396 641 683 355 153 250 804 402 745 547 427 178 616 422 221 247 808 752 495 875 685 884 770 731 453 332 18 363 221
501 502 501 514 497 487 492 510 539 475 531 538 481 517 432 515 552 436 474 594 541 544 408 445 577 445 413 388 383 599 612 523 475 512 533 332 383 496 621 558 591 707 544 494 287 352 719 465 718 561 723 691 414 578 626 475 532 357 261 666 231 545 619 427 256 328 450 742 792 427 583 253 618 559 387 221 312 680 441 499 402 124 833 709 312 682 145 801 421 443 923 139 448 542 919 143 24 749 526 139
501 501 511 486 490 522 472 482 543 460 513 464 554 533 557 422 570 473 441 440 595 552 403 423 485 601 393 518 503 432 467 385 537 367 605 653 401 652 592 619 634 531 292 296 518 715 684 381 377 663 692 444 625 259 267 406 634 253 262 600 260 293 486 798 208 466 516 412 721 636 193 715 732 389 186 800 635 147 465 379 897 822 487 622 807 839 883 743 757 788 453 826 800 692 174 456 487 830 332 761
496 493 505 489 485 488 520 534 484 472 500 477 558 485 503 437 564 512 520 503 429 544 615 583 575 478 412 369 375 493 372 418 643 477 520 379 579 342 400 500 676 590 652 561 679 704 393 263 332 624 632 561 335 340 304 221 596 383 510 223 276 247 802 417 274 515 395 419 551 553 434 754 582 192 711 394 396 780 732 850 581 584 517 236 520 323 103 94 630 357 249 100 517 881 566 465 256 393 327 350
496 497 500 507 510 474 515 536 469 490 528 465 454 450 554 526 489 472 494 598 495 536 577 459 465 483 593 498 569 396 350 546 497 467 393 574 398 614 630 323 323 498 350 537 361 593 734 424 527 514 473 532 238 460 485 483 493 560 488 214 679 568 514 754 250 792 509 524 826 797 334 207 410 351 746 255 611 857 841 871 121 209 357 194 97 630 74 408 384 527 701 599 49 281 197 539 627 628 646 686
501 506 502 510 479 491 506 467 501 479 552 537 447 468 446 575 563 509 542 583 402 408 613 608 622 429 588 404 382 461 428 469 481 670 492 576 545 473 634 549 394 487 317 392 622 528 719 709 384 299 556 517 645 550 726 596 717 564 482 530 784 356 510 637 755 654 520 256 435 277 792 797 558 223 338 787 541 812 294 765 671 333 554 185 683 275 689 243 622 786 78 164 112 602 610 573 699 795 786 765
499 490 491 500 481 473 469 467 475 518 456 548 512 453 476 525 570 537 527 555 602 454 520 394 525 386 579 397 544 523 479 481 379 390 406 562 457 658 645 306 650 555 588 554 340 628 542 655 436 618 358 529 385 416 713 403 383 289 306 361 628 474 718 329 821 189 273 300 757 704 570 774 218 540 366 585 488 462 318 331 536 541 550 676 689 629 566 516 153 726 127 524 242 639 507 707 93 947 140 459
497 495 503 504 505 502 470 533 502 517 458 549 454 556 446 494 577 522 575 452 598 579 499 502 568 509 629 522 628 512 479 534 363 546 536 568 462 660 352 378 357 609 671 646 622 618 705 697 391 664 529 534 385 419 384 627 388 263 661 314 713 653 384 294 342 718 558 619 413 578 675 192 716 600 469 744 156 781 109 230 599 473 724 715 389 474 254 284 357 650 291 341 827 854 209 421 353 710 235 256
495 496 502 500 525 494 470 493 535 458 479 556 534 467 513 495 476 543 506 567 487 472 412 492 466 541 394 430 555 462 585 465 646 356 593 364 473 486 684 308 643 519 364 502 533 422 587 549 460 304 620 314 500 726 632 310 604 430 290 533 656 348 352 251 570 504 233 439 328 824 366 413 550 864 841 790 314 379 648 598 145 316 328 791 347 799 212 717 245 723 338 433 843 963 539 876 598 157 799 162
501 495 505 484 477 473 488 526 481 458 555 480 539 465 571 445 434 485 431 409 502 424 456 611 464 594 581 363 639 514 411 566 449 607 636 479 369 587 321 641 522 652 338 719 639 293 542 545 504 707 682 436 680 759 450 583 452 647 562 388 624 290 318 253 593 300 485 590 387 536 368 734 360 436 846 127 272 520 181 456 324 860 911 587 290 913 111 637 158 849 620 439 768 686 108 326 68 363 256 334
503 509 498 483 487 472 468 522 489 478 482 446 496 485 438 477 565 581 431 512 521 560 533 420 387 463 384 402 380 610 459 504 494 600 619 470 481 525 644 533 417 427 317 473 585 427 455 688 589 619 708 431 713 688 349 570 429 762 725 749 252 551 693 625 184 463 693 688 405 677 828 469 336 583 389 825 264 644 510 711 868 328 825 478 727 78 434 293 815 136 453 772 273 716 217 564 348 512 590 167
496 490 513 481 484 494 510 476 474 506 508 457 478 491 503 502 422 433 523 444 462 495 397 527 438 563 444 632 377 508 433 440 552 461 390 368 376 322 623 421 580 302 384 414 360 724 670 308 367 471 591 524 248 700 449 505 686 702 757 722 697 206 636 568 560 452 586 227 712 464 167 417 593 669 353 880 574 514 431 583 184 895 800 675 632 421 760 879 881 452 369 86 267 828 312 30 313 312 848 673
504 506 504 494 518 475 490 526 531 536 468 479 502 508 530 563 418 558 524 547 441 465 608 571 430 491 468 451 384 627 345 600 641 550 532 674 392 449 541 685 418 334 285 631 291 724 530 569 327 485 617 631 353 529 500 689 758 464 736 468 763 624 566 455 734 652 605 751 239 620 205 760 404 795 771 772 433 725 244 461 457 809 788 724 517 519 382 598 201 706 244 367 901 670 85 758 182 264 861 977
501 503 499 481 518 499 483 477 470 512 475 536 526 519 447 461 545 427 524 473 477 579 444 471 480 579 453 538 630 464 564 389 545 408 639 432 645 468 695 378 536 576 482 332 663 519 556 510 507 514 462 550 472 271 375 559 458 309 427 584 548 731 686 731 307 576 398 692 748 501 292 151 824 630 633 479 543 852 504 540 791 379 333 800 619 420 837 709 686 207 865 292 601 279 263 623 45 18 564 72
498 492 501 488 521 523 525 489 464 503 539 502 537 504 456 447 488 492 501 530 599 472 424 430 514 510 482 579 426 481 556 604 570 370 389 446 658 633 572 330 700 346 676 719 654 464 716 617 714 333 488 741 489 434 668 346 704 439 302 702 526 743 659 801 182 423 221 664 176 651 292 417 714 316 490 773 619 574 457 896 822 645 208 744 891 726 919 287 686 450 155 59 310 749 291 714 342 252 466 492
498 498 513 519 505 512 471 481 455 477 464 454 453 479 531 460 563 504 577 594 547 597 580 388 515 413 599 453 355 568 435 420 556 381 643 667 351 382 314 420 354 699 295 573 516 284 465 387 728 329 491 292 561 284 324 258 484 362 520 469 762 758 344 574 599 406 607 550 764 405 718 376 717 744 861 203 159 290 805 710 288 581 723 267 442 268 915 333 301 193 547 296 958 35 516 846 339 803 194 217
501 503 513 508 521 507 499 464 478 524 520 508 534 474 479 430 502 439 447 463 477 431 561 492 443 630 631 371 549 577 384 502 488 334 463 596 331 511 664 346 448 469 692 461 599 391 639 470 285 619 451 303 468 364 431 261 349 785 346 291 716 646 580 471 812 308 230 356 496 679 324 279 329 758 268 848 752 262 481 532 710 604 201 704 99 824 667 900 399 712 134 287 413 422 109 402 29 573 600 470
504 508 493 501 492 517 499 523 534 498 522 515 445 530 492 467 568 454 415 468 470 593 453 554 507 427 388 501 603 430 554 574 371 518 367 404 426 431 421 442 375 690 441 624 468 498 732 466 569 364 471 266 504 595 489 719 265 272 655 730 243 226 331 430 565 427 166 445 335 708 596 452 489 483 723 270 583 429 400 643 713 794 101 492 317 817 489 179 356 517 161 652 767 131 795 73 687 690 416 326
505 506 511 505 518 492 504 498 520 529 527 472 466 547 516 528 500 495 532 464 579 451 413 477 585 583 619 533 416 521 538 572 507 419 475 591 578 626 508 569 591 466 622 584 693 718 647 338 328 280 648 446 313 740 392 618 603 442 346 399 769 360 261 316 388 591 747 502 314 171 780 245 657 633 820 823 502 768 354 669 279 419 284 796 761 81 328 530 268 708 798 152 626 564 64 391 355 138 790 554
499 505 491 485 525 488 520 460 459 549 532 459 528 439 561 571 555 473 418 443 440 473 614 509 567 380 456 529 391 367 518 459 418 379 329 556 659 437 539 360 701 426 336 449 686 389 492 639 347 374 538 714 554 241 670 339 741 541 232 359 346 587 628 366 306 768 711 475 581 307 499 728 289 868 492 251 613 191 217 723 304 903 143 180 296 338 522 843 662 488 255 703 574 702 197 979 949 96 646 740
495 507 488 488 516 494 481 526 524 483 453 475 447 447 459 529 541 508 511 582 589 521 405 620 550 546 545 438 384 447 648 369 525 485 597 549 525 626 388 396 459 615 378 389 319 576 298 722 429 363 367 305 652 487 727 513 273 412 450 416 638 669 563 709 516 184 415 168 230 845 558 185 154 727 391 345 271 467 344 117 259 223 475 660 591 895 707 823 581 480 335 636 180 225 528 696 787 816 56 567
502 498 486 513 518 488 472 527 537 546 458 450 436 514 459 431 454 571 405 590 457 565 605 388 477 372 545 617 422 400 385 584 640 626 634 465 459 397 557 375 676 608 694 487 530 362 389 374 343 440 641 316 534 496 285 708 746 315 453 334 542 677 707 181 430 613 220 522 210 391 796 667 538 268 851 622 699 623 547 819 638 408 554 402 367 279 854 623 945 94 897 834 793 481 707 714 227 357 13 759
505 504 507 503 518 483 528 504 456 472 460 508 540 493 462 481 429 556 558 426 476 419 504 469 574 512 429 379 376 504 555 481 587 455 456 590 649 342 474 546 562 333 354 584 627 407 594 464 283 340 581 509 276 558 662 609 517 708 357 560 765 367 595 787 382 377 400 703 223 620 304 421 544 593 501 823 130 863 120 812 258 364 540 693 600 603 597 695 783 399 328 401 619 750 227 599 502 975 939 286
504 497 497 517 488 510 516 496 496 513 493 550 523 434 473 427 441 472 456 529 507 514 488 551 590 487 410 444 639 640 435 567 536 626 446 497 674 605 406 519 704 329 549 372 585 621 581 652 424 398 304 621 269 760 345 346 524 313 537 456 299 286 733 375 245 216 363 818 249 818 833 671 439 811 625 483 243 137 608 466 530 91 533 843 922 226 652 863 470 569 442 722 515 860 684 852 709 709 521 985
501 507 490 503 499 505 534 507 519 539 534 540 561 526 497 539 512 554 496 472 530 505 488 608 543 542 572 374 554 374 541 430 543 334 369 388 393 339 437 536 515 547 424 554 404 388 522 652 634 373 578 358 516 656 553 696 700 561 530 348 556 424 623 820 657 393 472 226 826 440 197 280 536 696 702 637 306 158 615 859 720 159 444 641 252 347 707 695 607 63 353 590 424 331 329 979 303 214 894 49
499 507 490 481 505 494 491 463 481 497 552 517 561 431 489 473 453 512 486 538 522 508 550 420 442 604 470 398 546 380 598 414 435 603 493 341 595 483 455 650 484 540 590 713 643 623 709 449 710 508 591 372 422 718 499 508 773 283 611 755 652 328 551 614 753 207 472 304 191 843 847 179 540 312 629 217 152 726 681 860 217 767 415 362 624 166 78 863 263 578 320 334 507 951 805 800 196 149 133 721
502 499 505 516 479 530 477 510 464 526 479 479 510 498 534 521 498 561 472 551 521 498 506 439 452 437 541 542 492 387 346 463 633 636 672 497 430 360 320 502 516 678 608 713 377 329 480 400 324 469 608 586 467 311 672 419 659 587 756 734 344 641 351 780 777 266 308 322 493 587 363 749 482 695 147 569 773 119 740 586 135 617 226 726 306 548 777 933 305 322 739 581 646 510 620 660 347 952 737 100
501 490 513 491 505 487 474 522 489 509 500 525 435 486 566 470 493 476 586 579 527 560 403 570 617 479 626 440 570 648 354 598 607 410 395 543 470 602 432 674 366 652 287 666 547 562 613 595 540 621 296 586 235 341 239 243 450 423 564 676 529 192 682 282 447 260 374 457 494 550 166 606 776 131 699 587 832 148 397 898 796 804 190 415 654 924 741 344 575 809 302 140 558 797 468 959 61 517 94 58
495 499 494 487 491 524 485 501 473 489 496 529 530 440 462 489 489 516 585 410 516 550 568 512 498 629 512 523 554 352 463 441 367 626 344 576 385 443 484 595 575 358 688 383 336 395 327 396 608 349 507 741 344 433 616 618 692 226 345 608 225 781 666 689 396 592 365 564 404 573 295 698 760 724 210 694 667 680 507 183 346 831 626 311 77 443 543 580 279 482 819 542 705 730 792 698 40 533 548 249
495 497 492 506 502 517 504 484 479 500 470 532 447 462 504 568 478 533 480 567 483 424 496 516 542 598 612 522 627 577 547 382 417 647 518 361 535 445 382 432 490 698 485 371 585 714 374 420 642 536 412 626 735 663 563 762 592 410 680 552 558 370 523 544 788 367 410 753 832 346 500 428 397 647 343 148 536 351 186 564 727 478 454 342 406 926 863 555 154 288 173 422 764 335 399 28 78 132 20 347
502 502 504 507 499 530 517 465 536 505 548 470 481 515 545 549 487 575 517 494 447 495 391 466 545 384 481 443 494 475 552 372 378 665 467 330 575 349 562 354 651 452 370 711 440 604 316 703 722 315 245 263 603 275 341 623 492 257 438 514 511 552 276 391 414 362 475 646 422 809 525 730 780 365 513 293 519 592 729 168 723 557 209 248 821 237 824 137 844 237 201 819 889 639 681 935 372 194 723 315
499 493 499 480 522 482 494 514 455 524 527 551 530 503 498 530 424 541 528 550 559 533 476 508 446 421 419 576 412 640 568 591 571 424 331 622 641 572 445 483 379 486 361 389 625 685 403 613 325 701 364 606 751 263 469 711 536 644 369 770 483 518 361 421 492 557 264 559 513 454 164 553 326 545 276 430 641 761 299 725 356 477 842 251 687 432 562 397 158 552 955 453 745 127 921 848 31 932 976 442
497 503 510 492 501 520 487 534 456 536 483 542 529 569 521 474 546 560 496 434 461 576 573 506 569 593 471 385 450 457 474 633 344 503 613 668 594 361 654 381 487 630 440 559 563 306 312 355 379 748 307 641 730 555 520 420 218 399 330 592 541 673 386 243 330 587 715 504 686 381 219 638 639 147 682 733 610 714 120 227 108 763 678 198 817 508 625 231 274 126 441 247 569 213 847 336 200 721 45 177
496 491 511 489 503 474 505 474 455 518 554 482 463 529 530 458 481 564 444 591 488 391 507 495 482 572 412 592 378 384 634 570 654 574 552 373 359 376 435 381 537 380 499 716 362 459 287 385 705 680 407 736 754 286 487 473 572 750 359 793 440 251 600 212 300 422 347 789 508 312 718 668 860 228 297 238 228 531 415 490 426 244 181 260 855 677 559 234 293 452 688 845 101 917 128 81 844 826 358 385
499 503 511 481 492 478 501 507 459 481 475 537 531 510 559 528 445 442 552 514 463 428 593 556 449 535 553 393 572 493 561 492 480 529 479 334 563 669 688 434 687 357 596 492 559 585 607 272 705 750 684 377 417 494 751 294 491 360 615 743 352 690 362 321 217 456 790 202 536 325 636 335 576 665 155 523 526 376 323 320 692 408 471 860 583 210 492 400 330 559 748 828 44 378 152 237 107 375 244 871
500 509 503 510 477 484 468 472 535 471 525 499 518 538 481 488 461 562 574 442 467 514 449 516 426 498 480 630 597 508 392 562 383 473 495 372 362 593 357 585 368 418 468 292 297 486 325 525 410 738 652 285 264 425 672 764 496 250 404 695 682 662 625 366 367 516 789 366 705 651 747 662 845 862 322 351 279 763 670 193 212 155 251 451 315 251 717 798 242 529 712 683 101 46 510 297 542 261 815 759
497 497 493 501 525 504 527 514 531 489 549 516 474 569 530 499 492 436 492 559 529 410 386 409 461 425 631 362 527 393 441 574 561 593 596 571 620 426 587 617 557 600 681 619 698 337 391 668 413 277 499 503 612 307 408 499 456 520 500 647 357 485 584 390 785 218 264 640 608 473 690 664 300 376 531 726 732 806 501 213 472 456 659 227 257 633 935 484 518 200 333 638 73 361 161 781 467 502 113 796
495 496 487 483 482 476 506 521 516 540 488 461 481 548 555 573 462 542 541 518 591 544 558 388 425 436 558 427 416 427 414 563 400 561 582 521 546 434 377 600 404 572 569 583 700 438 301 306 625 255 410 591 298 332 622 279 226 378 712 402 611 306 215 485 217 514 648 286 203 830 236 613 678 676 300 539 547 158 413 740 188 689 121 389 321 608 696 467 172 292 939 658 151 188 329 859 900 327 902 631
502 496 500 507 510 505 470 510 485 463 529 531 501 508 463 545 539 410 571 440 479 431 418 589 565 608 411 497 627 635 517 476 386 568 641 633 439 690 638 465 606 496 360 571 595 352 288 344 394 419 623 354 750 597 638 351 562 627 728 602 755 653 788 741 602 649 431 190 733 359 695 242 302 330 191 440 593 429 520 837 872 585 727 638 753 552 558 101 281 530 852 879 799 632 97 732 765 164 803 124
500 496 506 513 522 478 525 471 480 454 480 463 470 506 535 476 478 417 408 422 465 570 484 421 580 445 557 367 444 522 425 402 588 627 394 486 544 640 577 314 324 558 293 719 508 529 374 378 518 686 582 489 343 640 591 226 217 412 285 593 519 579 392 257 375 314 390 539 190 832 703 679 654 592 353 641 572 460 602 281 319 732 616 639 772 791 304 75 248 196 521 636 399 560 225 137 598 127 884 206
504 506 503 516 487 522 516 530 490 506 518 492 564 566 472 443 573 575 541 567 591 419 552 434 442 483 579 535 586 455 351 612 647 496 367 518 378 382 593 393 478 577 622 404 340 285 423 397 660 606 439 650 382 280 754 310 531 701 392 517 392 200 419 680 544 622 710 452 249 579 502 832 153 152 621 691 361 742 180 255 794 662 232 883 710 659 268 521 532 611 915 524 789 618 971 34 883 328 114 683
499 491 487 490 503 479 466 495 479 541 505 530 518 560 568 469 478 520 413 556 589 426 523 389 491 529 546 621 599 373 540 453 563 399 393 436 605 502 451 679 404 462 701 431 307 566 451 608 364 285 382 678 550 752 698 453 441 473 656 579 758 413 645 450 606 472 270 492 753 468 183 565 383 850 201 189 808 134 286 665 660 632 481 498 503 629 76 330 62 493 159 173 269 75 611 468 948 15 716 679
499 490 511 496 492 529 490 538 537 478 496 559 471 486 529 426 504 465 439 518 471 514 564 430 418 627 601 445 544 598 504 368 488 459 571 550 337 641 356 469 297 708 307 461 519 339 361 419 554 646 258 496 267 679 330 279 749 296 432 681 651 340 220 433 371 476 695 659 583 375 284 253 598 861 308 680 292 616 511 463 398 789 136 114 402 101 545 322 315 339 626 560 419 354 431 254 828 608 169 762
503 504 500 506 521 505 487 464 515 537 535 554 464 494 543 420 425 434 529 495 428 589 401 463 429 537 433 470 389 460 415 552 415 330 657 511 395 543 635 607 305 416 644 420 448 351 589 396 578 322 537 381 677 436 328 302 339 491 211 279 634 214 524 778 490 478 293 741 332 803 772 155 327 173 702 620 571 121 385 873 705 286 813 173 410 450 732 414 222 331 388 752 384 866 157 201 105 762 304 390
495 501 507 492 479 510 480 526 479 523 541 532 514 473 572 567 443 459 565 594 604 558 397 557 509 571 380 607 525 449 595 424 481 445 574 573 459 457 599 381 463 406 447 342 708 501 497 546 585 741 506 406 443 679 500 590 490 458 714 676 482 267 798 313 510 342 609 207 455 604 737 160 236 345 821 742 557 702 843 900 894 678 900 719 663 880 902 443 70 56 458 941 474 767 284 169 828 711 657 633
496 510 513 504 494 473 520 505 457 492 540 459 500 430 439 502 577 528 575 502 538 531 562 618 622 531 633 466 432 360 378 522 608 350 569 596 441 669 628 595 543 639 559 311 481 656 638 508 572 641 602 545 267 434 666 300 717 286 228 693 238 380 196 279 721 827 229 594 233 204 198 761 381 591 744 449 828 419 701 880 543 851 207 262 794 487 231 304 674 324 573 773 673 57 121 469 818 585 978 623
501 510 489 485 519 482 489 478 490 511 480 482 500 517 448 549 575 425 471 470 519 520 412 551 414 470 559 440 517 567 591 609 403 399 518 445 445 408 648 691 688 663 316 440 452 406 395 276 622 717 717 303 300 231 315 362 614 420 583 497 488 312 714 225 546 597 376 417 793 372 327 782 804 845 840 539 777 594 777 899 479 607 118 619 646 471 445 526 256 50 665 99 522 453 116 307 494 121 173 172
500 496 489 504 506 471 489 540 512 517 509 507 528 534 487 571 502 459 484 401 539 586 483 575 521 503 558 441 402 611 389 523 409 668 556 386 343 439 548 458 444 465 591 435 621 612 646 464 258 338 400 513 338 243 699 330 347 649 381 466 396 737 249 184 802 521 183 250 789 480 230 530 773 308 566 797 377 664 580 682 600 607 197 680 471 258 69 851 258 922 318 185 794 318 365 489 638 95 108 302
505 496 507 520 517 497 480 504 539 471 547 489 509 447 506 433 442 492 435 515 452 608 550 409 569 445 569 459 377 563 363 590 567 405 548 454 521 427 621 671 700 574 377 700 700 497 728 338 492 380 251 284 408 713 277 335 424 790 644 479 318 709 386 406 745 503 322 515 734 368 364 782 367 576 306 862 551 312 176 526 817 451 508 350 230 318 933 925 238 79 181 933 594 304 834 771 775 474 189 746
499 491 513 480 513 491 521 505 509 456 474 465 524 566 561 438 449 441 583 440 603 525 421 406 413 533 436 440 600 397 646 377 592 487 598 549 667 603 474 347 346 298 607 559 528 507 629 339 648 428 716 484 604 273 667 594 410 555 432 764 752 324 764 234 756 471 411 295 479 560 776 574 524 546 160 866 248 377 710 498 278 443 253 393 492 277 597 290 675 617 863 798 493 165 381 810 546 498 67 846
495 499 512 506 507 475 506 524 487 489 467 536 512 462 532 566 426 553 455 595 502 391 499 505 455 485 450 540 366 455 632 497 660 335 583 449 345 419 336 449 432 457 532 298 694 296 609 294 460 599 406 710 556 749 711 575 463 246 545 550 795 190 670 433 428 745 344 306 293 321 446 850 498 358 316 607 463 440 416 744 382 609 812 645 409 148 262 875 320 107 157 628 533 432 301 805 274 846 221 446
497 501 512 497 523 530 481 533 524 506 495 513 564 568 426 510 471 550 558 525 421 572 414 493 466 586 391 386 524 465 626 603 409 343 582 477 392 482 523 556 525 327 464 364 642 625 393 492 473 313 572 546 756 532 759 769 266 617 561 535 309 349 428 697 503 540 451 676 529 828 853 632 622 560 485 622 380 336 398 686 374 177 699 483 80 176 141 894 380 671 551 570 754 99 502 515 209 172 246 667
503 497 490 490 481 495 504 491 532 467 461 549 464 502 499 444 509 503 485 410 510 456 610 414 579 441 379 401 505 456 409 512 542 415 346 404 494 485 563 558 314 636 688 550 696 343 684 659 740 656 477 590 625 339 285 306 520 489 299 738 355 447 572 262 265 610 830 801 674 840 832 569 446 158 667 233 619 365 782 367 219 129 148 709 430 387 152 873 482 61 611 249 495 610 333 863 394 35 538 13
499 509 513 481 512 470 521 487 524 497 502 448 513 564 481 518 489 470 521 461 446 596 390 442 588 497 576 446 582 596 468 645 340 641 363 594 365 336 393 614 570 527 318 466 471 276 503 480 288 410 410 740 744 695 471 589 328 550 655 624 240 235 588 642 363 427 476 793 420 358 289 453 227 714 213 166 362 604 637 615 631 528 855 867 873 269 757 357 591 943 899 605 702 180 255 311 776 112 788 130
503 492 488 482 499 503 481 531 459 527 487 542 552 502 489 486 494 554 509 525 549 471 530 608 499 490 454 533 499 437 547 510 366 376 532 511 606 445 612 301 572 339 386 689 541 627 707 730 624 403 520 421 632 360 713 451 422 640 346 308 734 556 326 585 294 344 738 258 294 464 277 170 193 857 704 414 617 590 577 385 587 236 117 552 756 186 919 429 798 674 630 458 740 877 438 702 818 403 45 616
498 505 492 497 489 506 499 510 497 523 543 536 512 451 548 518 552 479 493 465 588 502 499 469 467 527 605 369 496 384 456 487 404 388 620 362 366 541 464 627 303 681 579 576 339 312 646 726 703 645 451 520 374 694 296 266 476 467 468 679 739 375 813 425 206 822 250 225 648 529 795 815 306 385 294 368 781 230 371 247 320 188 207 602 757 678 315 470 489 184 634 287 449 304 544 359 917 399 804 477
503 495 498 491 485 492 517 470 540 544 543 502 560 538 560 531 540 495 540 531 560 593 490 467 408 382 455 583 567 389 426 429 579 646 359 456 642 604 446 347 667 625 694 412 375 603 410 292 543 473 674 573 378 707 277 407 253 789 670 309 599 652 383 763 461 710 506 181 298 297 720 179 176 495 716 487 840 877 427 217 403 456 355 792 190 172 692 511 416 689 633 665 932 414 391 594 894 401 613 94
497 501 511 482 513 526 468 530 477 466 491 489 497 454 440 562 573 453 537 442 440 441 541 458 542 388 422 558 620 514 633 599 632 519 569 661 502 321 617 555 404 661 619 487 378 432 673 642 496 724 591 639 525 418 260 672 764 626 687 413 251 397 207 183 186 635 699 678 622 542 784 542 467 419 205 323 398 150 713 726 771 635 577 595 715 454 378 537 156 131 704 595 159 916 106 732 612 895 898 146
504 498 515 494 493 482 529 512 520 480 545 533 492 521 515 520 436 552 569 541 478 485 595 542 447 437 432 511 628 646 408 578 625 402 472 611 556 344 550 642 465 346 295 302 482 299 532 523 486 703 291 322 244 725 775 433 330 519 581 384 667 617 590 219 627 796 592 309 660 400 833 775 193 353 705 579 828 190 769 548 722 624 738 741 701 93 239 446 925 781 935 687 251 637 484 391 86 408 404 956
497 497 493 501 509 521 502 473 499 506 474 442 477 447 530 572 565 546 444 458 416 481 595 468 414 374 633 619 494 510 642 646 472 439 539 493 490 652 532 477 681 402 496 594 279 377 495 689 604 369 707 416 591 324 250 310 306 661 205 621 450 662 685 373 369 191 718 799 419 237 845 799 347 583 166 454 353 158 235 593 334 363 747 843 484 810 718 762 535 786 744 639 700 300 404 672 499 267 678 877
497 500 508 480 505 489 515 499 536 549 519 504 494 537 463 490 584 519 541 532 481 593 392 499 454 606 566 397 517 635 374 509 591 383 439 532 574 687 376 587 383 583 691 457 372 358 593 411 610 327 254 291 559 528 427 474 649 648 419 569 327 349 579 496 371 446 519 376 788 245 689 345 464 676 687 603 341 609 286 375 821 736 617 280 435 552 72 904 71 720 675 363 145 395 88 403 274 591 558 176
503 493 500 519 484 484 509 471 479 512 538 527 550 477 452 451 488 504 574 415 596 563 613 499 525 511 548 470 621 410 392 361 339 663 627 578 449 423 669 664 320 472 587 612 713 351 616 430 578 299 368 447 238 594 666 591 259 368 253 570 283 331 676 659 364 622 678 589 329 205 780 296 698 348 610 175 807 793 341 204 347 640 493 461 368 198 649 897 625 114 392 679 906 846 566 273 131 558 608 803
502 507 509 508 523 472 517 463 469 456 532 560 449 475 533 484 424 416 423 427 475 519 522 564 432 536 590 452 507 541 474 556 493 379 603 487 379 599 492 304 553 520 401 463 486 470 730 607 693 549 557 301 745 618 670 628 461 681 517 489 704 430 746 776 738 552 687 705 658 397 482 444 629 769 647 283 643 890 735 798 216 471 403 386 766 658 405 65 400 753 417 137 82 329 600 214 255 187 306 876
504 493 504 513 520 500 534 499 517 458 548 500 544 501 512 516 503 513 535 431 497 580 454 488 510 462 450 509 599 499 390 653 544 540 571 430 681 333 484 340 359 598 593 676 458 547 465 391 275 715 555 245 432 596 333 697 564 702 229 423 203 726 460 519 543 808 290 401 682 780 552 823 231 147 838 773 545 265 739 196 188 329 382 209 871 868 144 81 674 453 622 902 847 160 734 943 947 745 612 388
496 506 505 511 480 500 500 464 541 479 468 491 549 488 575 474 518 462 536 416 485 488 445 481 482 544 510 546 376 604 487 553 497 438 345 346 599 580 372 337 440 441 419 717 640 423 360 327 742 697 642 736 359 283 624 646 473 755 728 697 690 196 503 502 347 212 238 213 596 178 791 141 449 340 135 476 330 221 147 780 429 95 137 627 900 148 243 116 864 249 67 776 779 308 857 300 78 887 535 65
495 492 505 488 485 509 522 494 523 455 523 538 556 483 437 447 438 540 555 487 401 417 456 588 497 397 476 616 409 479 553 552 504 650 604 606 467 376 595 418 644 516 695 506 707 329 610 262 496 490 493 635 286 460 681 316 311 781 413 233 204 337 598 201 719 345 297 323 194 602 240 804 463 655 676 188 496 444 711 453 211 782 767 482 739 765 277 454 108 234 106 515 236 174 294 905 595 524 473 981
502 507 497 513 512 477 497 529 472 542 529 473 493 534 483 440 566 452 499 457 548 421 536 553 420 523 534 635 477 367 633 498 627 389 394 366 342 614 606 419 569 506 548 703 343 522 440 458 440 582 330 601 541 416 615 230 536 363 531 731 331 549 668 660 336 282 369 589 778 544 458 478 451 521 266 423 414 543 534 590 407 342 317 166 545 903 311 840 413 379 477 791 322 223 211 154 73 740 912 575
502 496 488 480 485 496 514 521 532 455 521 486 481 437 492 433 545 520 499 400 537 444 582 420 492 517 604 517 481 511 377 579 551 548 445 538 430 618 529 468 452 564 618 527 459 621 655 348 709 572 323 739 411 387 312 774 732 642 712 785 435 336 542 668 374 613 762 814 196 334 190 305 329 417 257 503 540 453 393 187 679 835 128 305 888 523 769 450 203 828 316 300 512 744 748 613 377 918 439 360
505 493 512 488 517 508 523 477 498 516 488 481 507 538 477 445 433 416 416 439 452 508 400 519 462 468 605 548 494 534 508 350 471 350 649 585 429 349 651 350 419 403 511 537 430 492 549 484 318 255 631 736 345 249 285 605 632 261 586 636 322 716 246 657 251 445 323 172 393 654 725 246 229 780 140 327 636 191 129 808 896 170 312 653 82 899 474 322 664 599 455 676 504 321 836 580 902 972 606 1
501 496 490 497 500 473 470 486 525 547 455 528 453 521 503 459 562 477 517 553 600 603 429 555 425 630 380 443 363 536 351 608 532 458 552 355 426 606 609 300 646 591 494 590 689 676 579 451 346 684 281 432 325 427 470 734 320 445 525 409 281 334 596 411 192 723 628 522 393 719 157 204 658 387 221 372 611 412 618 276 175 447 755 683 464 357 832 551 276 84 736 773 41 818 750 210 660 366 666 749
495 500 497 486 485 471 468 508 502 495 549 558 462 516 451 525 482 560 408 593 398 530 394 578 521 553 631 378 487 625 570 628 359 372 478 336 488 464 589 670 314 640 449 408 725 432 371 663 346 553 402 565 689 548 749 760 367 665 508 619 553 399 539 288 293 385 653 700 306 687 648 480 445 238 547 498 807 481 194 494 456 853 320 487 724 638 763 446 308 210 149 735 96 763 916 514 378 433 631 491
498 497 498 511 476 478 529 501 520 464 521 486 531 501 459 504 511 505 417 413 517 575 514 419 509 420 470 432 420 514 593 516 465 518 621 425 365 587 339 651 443 495 373 304 689 333 433 639 668 427 680 328 692 310 642 321 409 549 553 250 226 238 553 680 795 233 403 459 431 206 582 644 771 336 226 273 515 134 163 755 279 126 94 676 94 714 327 136 382 255 619 504 398 455 387 538 509 794 731 398
499 502 515 513 504 519 500 470 524 506 495 529 507 485 458 519 460 518 442 449 553 415 454 592 427 614 513 498 635 386 396 471 512 557 631 348 427 677 533 418 310 580 327 718 720 379 520 590 285 514 636 343 686 397 539 352 598 404 434 475 580 406 303 550 284 362 357 243 609 391 352 408 435 631 516 781 479 791 690 365 322 502 446 661 903 644 248 928 417 367 608 502 130 435 80 288 822 977 588 877
503 494 514 499 479 486 475 513 528 484 448 486 468 480 567 430 555 444 521 505 555 463 420 413 460 509 527 395 404 510 619 356 364 561 401 567 504 608 495 463 336 386 566 369 379 695 452 407 593 322 544 412 750 667 622 344 775 741 469 359 349 724 615 649 756 286 453 678 306 280 735 564 659 368 368 880 469 884 330 357 152 176 433 653 432 336 175 804 231 840 665 304 521 142 256 270 829 353 620 152
496 498 507 518 476 504 529 481 510 509 451 451 485 458 502 431 482 500 542 431 589 505 589 463 431 609 483 476 507 493 566 658 460 665 396 674 385 453 460 598 539 354 375 438 484 317 516 439 468 615 686 360 482 484 475 647 415 783 385 706 717 755 590 754 316 428 187 166 543 246 841 463 424 529 210 671 632 459 730 493 679 888 629 628 792 811 821 560 240 491 257 738 337 701 508 842 389 697 902 241
505 497 487 513 523 503 493 516 489 463 460 503 445 560 453 539 417 419 571 533 476 537 507 439 403 626 376 459 640 496 411 634 389 396 352 501 678 637 383 473 352 451 687 719 634 378 657 690 267 546 255 737 641 670 469 224 435 382 275 452 280 425 295 504 233 616 544 767 579 221 477 804 586 165 364 151 578 203 564 526 844 848 858 213 625 762 176 575 121 359 351 651 323 393 162 522 935 288 460 562
495 506 489 513 515 492 527 498 506 505 490 559 492 519 488 461 514 533 486 530 433 409 579 391 553 602 550 428 373 466 573 649 360 517 616 550 549 446 389 486 317 706 624 299 300 573 473 664 461 487 272 660 717 585 479 718 493 282 414 779 656 191 271 729 308 272 504 382 544 620 178 568 142 559 491 718 593 475 108 826 899 421 673 216 730 635 106 334 714 95 351 695 694 853 699 792 600 622 30 79
496 503 509 484 482 521 512 463 518 498 458 504 562 475 430 424 573 483 451 554 410 546 387 593 452 575 468 475 462 573 498 467 338 410 541 465 336 645 619 360 390 544 356 488 455 275 388 588 339 525 482 695 521 669 760 678 698 562 683 414 661 572 629 695 555 435 209 714 521 376 697 288 276 792 435 797 647 602 189 149 498 862 746 333 826 84 371 481 732 896 340 381 410 114 930 525 719 702 684 147
501 509 492 487 501 526 502 463 480 464 531 513 451 475 490 545 519 530 526 455 461 432 399 423 502 391 633 605 547 375 629 342 359 587 511 428 626 559 433 560 450 318 468 545 331 719 702 687 508 315 468 305 242 388 555 755 632 226 325 443 703 345 503 362 632 454 622 751 292 504 648 844 363 765 683 164 344 580 875 242 515 565 585 713 150 331 898 672 248 258 478 365 759 956 801 103 186 687 170 962
502 490 506 481 520 477 498 481 518 510 495 524 486 486 470 450 459 492 407 578 431 564 396 450 446 412 434 431 402 425 498 434 493 338 477 497 410 497 316 454 676 333 682 312 533 376 699 725 683 521 454 569 316 699 654 488 678 611 306 746 430 278 380 533 762 212 790 744 540 585 698 308 750 136 641 464 142 744 669 664 735 102 318 104 841 343 700 60 584 660 59 423 299 641 67 514 862 433 611 186
500 505 505 490 503 524 467 520 464 533 511 521 471 467 497 543 534 521 553 524 424 454 514 597 563 435 370 610 596 588 619 358 458 627 478 496 529 352 553 437 638 663 672 450 701 637 501 314 567 470 628 481 642 251 607 655 445 664 268 279 595 336 543 684 654 298 221 539 192 785 182 293 477 212 464 657 710 380 788 801 214 717 233 476 291 642 787 201 352 95 846 404 750 582 290 473 836 739 831 899
495 498 487 505 489 470 514 521 539 512 524 543 498 531 531 454 520 509 525 562 586 528 502 501 500 568 520 619 543 424 572 432 341 468 656 375 315 370 369 502 490 368 417 717 394 473 510 599 507 272 270 363 280 643 552 347 318 537 785 765 637 504 207 598 303 338 327 732 676 596 232 558 853 178 847 604 688 611 747 435 807 712 676 159 443 424 661 195 422 284 340 856 735 335 169 62 110 484 604 464
503 493 512 494 524 511 518 471 492 507 525 512 493 498 459 467 513 465 575 548 586 477 502 382 509 534 582 599 416 626 417 417 478 500 658 412 624 551 621 671 619 595 715 309 669 586 707 473 613 299 286 751 754 502 620 428 508 365 412 489 613 593 603 518 319 678 794 827 444 815 569 518 671 860 169 849 687 509 679 855 849 174 834 437 610 127 892 281 853 647 652 52 732 361 371 197 211 269 740 980
505 506 504 487 491 516 510 475 509 544 478 477 468 529 456 466 568 423 439 461 560 596 445 454 541 588 633 532 491 568 452 510 544 636 521 404 524 671 335 362 395 354 593 526 624 544 567 443 325 544 596 575 420 437 239 589 271 260 741 610 493 479 216 180 257 816 374 224 442 519 537 645 141 659 849 180 471 576 271 573 718 200 203 339 148 804 683 261 303 592 162 174 789 195 670 182 818 926 516 167
498 493 491 518 515 515 495 515 538 472 470 540 503 528 545 493 457 445 499 469 510 471 471 422 539 549 493 410 374 390 402 581 572 456 667 336 591 529 621 605 300 605 702 410 714 619 570 480 532 657 724 712 692 568 764 581 706 252 411 203 201 686 310 568 470 583 756 424 452 478 848 807 550 750 750 505 203 262 750 829 310 368 855 156 276 126 874 514 354 177 318 382 392 737 758 44 33 410 771 835
502 498 499 508 510 512 499 488 509 462 516 466 497 494 443 523 468 482 426 525 494 553 534 421 473 540 578 565 481 554 387 416 410 587 454 583 526 446 499 426 493 381 493 299 333 283 558 611 573 388 578 704 236 647 572 353 486 493 362 422 218 521 356 192 356 189 322 229 169 183 733 697 395 371 543 483 303 601 592 528 796 606 897 260 720 791 187 774 343 491 869 191 266 832 960 198 438 454 426 767
500 503 502 494 500 487 515 532 515 503 454 512 438 542 491 539 461 529 405 521 437 472 533 527 611 494 598 568 542 383 652 564 445 379 410 392 539 590 496 570 417 573 602 289 679 302 645 391 379 709 537 399 302 372 691 263 440 738 786 422 489 369 701 277 460 769 786 514 188 650 628 343 841 739 270 611 448 517 187 563 304 577 798 252 898 894 475 446 554 318 156 257 832 954 906 347 19 303 867 54
