501 505 515 506 506 483 506 503 473 540 520 467 468 505 566 420 583 582 588 497 441 409 462 509 425 434 404 458 624 508 622 510 339 556 673 602 376 494 668 400 415 454 656 655 655 597 573 421 267 376 607 743 466 731 628 576 736 520 655 530 655 571 565 591 688 816 455 261 513 512 310 143 680 349 564 226 667 783 498 774 381 118 846 163 330 93 771 865 877 391 723 257 510 789 83 817 114 459 270 211
499 497 486 504 475 482 524 499 469 529 554 525 490 439 570 542 441 488 486 451 436 570 397 402 511 573 398 434 530 380 606 594 466 585 392 614 628 485 677 680 346 670 456 519 310 330 293 339 342 692 650 651 261 759 404 505 244 389 324 755 280 749 474 462 353 621 641 181 724 631 563 167 159 549 722 510 442 557 596 439 742 491 773 498 485 139 243 470 83 157 259 83 108 314 434 363 650 268 815 401
497 501 491 508 483 502 524 479 522 459 521 457 473 461 544 432 569 533 501 496 430 426 480 519 580 579 576 591 558 551 413 596 401 551 644 557 626 479 480 606 422 430 392 566 301 280 303 717 371 283 666 755 302 534 624 742 501 730 713 380 226 302 435 451 689 780 433 161 504 674 546 186 660 644 398 318 581 864 684 466 896 627 481 895 86 313 147 725 841 99 947 154 130 437 661 359 515 472 534 911
505 507 505 489 492 514 531 471 462 499 461 456 501 493 563 561 584 472 461 440 527 571 576 400 553 434 419 439 364 549 361 464 643 548 420 646 584 384 664 306 693 596 581 684 521 327 696 299 326 571 256 713 340 701 526 550 567 455 582 724 467 539 755 793 451 216 692 368 344 358 596 355 308 758 653 353 302 204 525 624 690 193 507 900 287 773 652 514 203 194 869 103 933 864 643 942 631 150 292 154
495 508 495 492 499 512 519 489 473 484 456 528 524 537 463 441 445 473 543 449 449 523 474 541 462 404 579 590 370 604 363 384 411 382 479 414 546 610 460 616 486 444 304 568 617 343 641 482 539 465 625 533 539 692 684 680 744 638 678 411 441 371 407 679 556 460 314 582 695 336 510 449 721 355 194 505 510 735 503 533 611 211 562 238 509 291 220 340 765 81 699 676 160 484 530 318 796 53 199 189
499 490 485 492 520 515 499 537 466 534 528 467 546 481 517 566 546 427 437 405 409 590 463 483 381 377 590 492 623 387 478 556 530 536 661 463 532 359 606 565 355 491 478 554 567 679 500 735 643 673 295 597 274 761 743 371 697 751 371 761 659 671 810 604 292 463 767 174 475 736 251 352 607 426 757 772 762 228 175 619 787 641 95 345 410 543 562 892 237 542 649 266 505 384 921 852 349 665 972 717
497 498 485 503 522 490 530 469 463 531 547 441 494 530 469 574 564 486 522 502 552 596 432 402 434 540 439 602 622 558 494 404 438 389 474 423 593 540 333 651 316 336 320 544 703 574 290 314 572 518 752 650 529 639 534 427 614 291 447 786 793 395 589 653 540 335 745 769 541 362 652 320 517 130 424 606 588 240 848 641 621 210 195 262 79 331 85 520 341 925 96 362 366 201 431 805 938 461 299 657
499 510 514 485 505 525 520 510 476 541 470 471 454 562 451 452 475 442 497 452 428 606 545 488 547 467 614 384 569 650 515 475 432 597 496 401 674 396 503 515 643 519 405 420 671 460 573 513 689 298 749 347 361 610 523 409 247 533 236 755 681 212 311 789 535 830 691 183 207 166 374 555 293 318 527 295 607 307 564 701 429 682 704 621 154 824 263 879 365 797 297 357 896 662 217 946 387 733 855 607
498 497 491 493 490 504 473 503 507 506 519 470 564 513 530 460 523 478 498 555 436 564 566 439 601 387 541 406 607 599 386 557 352 483 498 492 378 510 516 631 595 517 420 308 685 393 389 498 497 559 473 263 634 493 533 435 430 616 387 799 612 238 603 513 703 622 835 840 367 402 239 517 768 456 357 194 582 577 788 802 382 797 87 403 291 376 338 162 376 928 511 685 448 859 461 829 927 504 455 493
505 493 498 510 488 482 533 527 524 532 482 478 541 502 524 571 582 550 413 482 397 525 557 589 576 546 452 564 495 556 613 482 476 445 516 551 397 367 506 316 697 363 578 321 657 668 430 465 567 255 734 587 378 254 394 303 334 329 506 581 550 497 556 675 700 465 210 493 484 541 444 529 693 750 230 354 750 550 194 212 502 92 273 363 615 553 685 543 765 313 579 751 418 894 469 513 623 279 75 861
499 491 496 517 500 530 482 501 514 471 459 450 492 446 465 538 568 497 508 416 401 604 561 393 590 548 483 485 541 574 511 429 335 575 363 345 553 644 462 668 345 337 637 613 588 711 433 267 694 413 321 433 578 504 570 269 615 546 610 364 604 636 523 534 821 538 410 741 474 649 256 594 443 480 851 831 187 281 811 232 579 280 383 190 248 346 645 371 488 808 765 320 735 243 358 935 965 739 934 528
505 496 509 487 501 514 522 474 537 533 514 506 542 499 545 486 571 416 441 505 492 547 463 459 449 563 609 634 419 409 639 645 400 488 646 582 487 678 400 607 387 545 347 519 289 325 493 357 414 384 360 616 489 553 276 643 753 438 449 413 754 611 398 476 756 350 302 794 504 331 751 183 488 376 164 121 655 760 261 378 690 434 659 427 133 476 623 634 546 542 774 159 881 866 591 748 173 757 993 674
495 493 486 498 521 476 509 498 542 544 500 486 467 557 486 556 448 536 556 552 485 521 512 607 547 509 411 443 496 644 563 453 391 429 511 637 423 620 372 563 376 322 652 696 509 409 524 478 668 332 259 734 466 388 281 341 245 483 543 484 516 732 247 658 755 473 583 763 343 174 267 483 826 855 632 539 600 371 272 269 132 409 553 236 279 689 629 332 685 527 707 872 430 397 686 375 391 303 292 516
500 504 512 483 483 482 471 526 533 489 450 463 494 458 544 474 536 453 426 517 587 510 476 508 506 599 455 390 578 420 625 527 487 619 494 473 374 583 330 544 637 344 316 492 350 391 563 482 259 442 500 548 505 450 766 425 684 406 384 255 747 244 630 489 347 415 228 335 535 352 266 502 674 740 689 515 311 232 579 284 438 719 422 488 874 650 812 153 270 659 253 919 721 755 298 369 329 222 504 135
500 491 491 501 515 512 494 470 528 491 526 529 560 504 489 530 520 439 547 528 408 392 523 424 486 407 365 489 642 375 432 556 589 386 482 321 405 676 402 430 451 682 586 664 500 427 729 493 737 436 388 450 729 574 677 269 655 689 667 277 719 547 647 503 690 646 414 781 735 443 739 514 861 505 381 461 671 411 857 456 415 388 687 127 861 410 850 92 609 276 831 179 836 438 835 196 542 366 258 561
499 504 512 497 492 530 499 540 460 481 482 452 561 487 563 491 471 441 503 432 413 478 605 432 449 532 615 441 593 578 476 578 379 468 545 347 602 690 671 631 672 412 415 538 416 460 284 461 319 709 436 718 362 375 339 281 642 690 252 524 642 618 218 573 563 266 341 510 648 707 263 521 769 305 682 504 407 378 170 229 147 422 873 772 434 353 914 577 175 181 648 583 798 621 765 216 88 987 661 654
499 490 500 499 507 471 526 523 486 453 544 463 489 485 453 478 507 443 546 444 565 481 484 446 412 569 371 471 544 602 541 616 651 461 670 393 336 439 393 440 484 612 286 427 528 352 634 569 293 429 707 711 393 459 418 364 333 641 705 646 614 422 350 631 369 532 279 659 675 634 662 329 433 214 826 335 375 723 194 714 228 359 880 844 296 702 620 387 226 78 441 577 430 73 541 497 572 414 745 867
495 509 509 509 490 489 484 486 496 513 519 539 463 565 552 574 426 533 511 569 457 434 534 404 435 389 521 552 428 623 417 606 664 554 653 377 487 499 529 551 375 380 462 717 616 321 274 521 268 604 293 551 333 710 263 427 341 769 396 638 555 641 368 596 779 243 435 644 244 324 648 239 381 173 206 150 653 694 430 270 836 183 380 361 921 354 367 354 128 262 177 775 311 572 803 820 486 190 463 203
498 503 491 503 489 502 532 517 487 516 532 552 551 472 457 465 534 465 438 570 416 395 414 601 493 572 519 495 628 506 502 521 564 432 426 439 526 339 502 398 522 366 436 458 656 550 547 531 348 730 659 488 461 288 642 642 450 233 779 458 650 211 332 201 717 618 552 324 200 305 409 812 390 197 286 753 743 564 173 433 144 227 93 688 130 124 604 716 817 486 808 897 428 408 384 339 259 406 375 88
501 491 491 499 496 513 470 520 532 506 479 465 515 441 448 492 469 472 471 511 502 506 581 474 460 624 465 464 426 391 367 460 553 447 353 360 368 533 436 308 360 661 293 639 431 669 287 723 691 634 428 730 444 429 699 250 514 380 425 361 770 515 210 369 711 458 330 535 801 446 490 425 834 582 671 639 787 704 257 281 564 121 104 534 156 303 103 375 96 861 605 322 76 771 782 545 26 343 572 387
498 502 501 483 491 508 475 515 511 533 475 525 537 435 548 509 420 471 595 596 490 513 548 597 591 448 611 364 616 642 390 405 650 540 417 665 526 687 460 327 496 527 586 359 708 327 363 405 382 588 603 411 376 504 503 370 712 672 308 293 561 683 350 743 355 703 648 632 267 233 247 261 590 694 768 226 294 356 521 471 803 426 687 410 85 663 872 88 569 946 728 756 120 843 718 634 226 405 72 976
495 492 515 503 512 487 493 475 464 527 481 491 541 469 464 459 511 560 549 532 602 582 515 590 524 509 503 416 360 513 468 539 566 630 350 322 532 583 452 491 675 336 315 630 481 520 475 306 446 660 533 369 409 412 690 704 478 350 710 344 761 612 477 350 407 438 502 656 250 278 649 644 710 676 585 343 127 666 563 295 508 873 278 348 903 137 827 668 548 694 163 770 690 40 622 957 536 729 12 444
495 498 486 504 480 497 505 532 465 539 553 441 564 539 536 526 429 462 473 404 541 602 606 462 506 538 538 480 567 361 368 365 547 522 531 581 588 689 572 688 457 369 659 389 536 552 516 588 610 449 679 310 419 387 289 642 477 308 391 252 675 324 692 718 666 560 737 278 605 809 295 221 495 135 167 491 126 311 351 225 273 164 328 565 179 377 481 216 742 403 195 58 297 852 611 902 342 578 617 978
501 505 504 509 497 473 512 477 487 453 525 489 483 478 556 483 513 562 506 502 498 448 567 531 508 548 527 554 438 415 398 416 438 360 513 669 634 412 398 409 339 406 331 354 473 469 720 479 555 381 492 590 248 472 397 778 505 367 565 591 714 523 386 245 478 746 641 789 659 418 466 701 450 351 684 232 581 570 445 127 324 328 699 818 554 437 510 919 349 519 405 320 543 755 970 831 286 649 620 747
502 497 486 513 522 525 520 498 492 457 554 505 537 434 498 497 561 420 521 514 464 462 573 444 405 382 389 375 441 610 529 618 391 612 453 449 583 527 418 480 565 606 322 363 681 646 490 418 436 414 576 252 570 479 292 497 338 419 733 448 501 727 587 606 601 263 777 399 588 713 835 675 632 219 828 226 166 736 163 419 96 805 339 356 525 366 444 465 890 338 904 397 551 659 648 176 183 27 343 73
499 495 503 486 479 529 489 499 468 463 466 537 465 476 463 525 571 548 580 522 576 609 574 465 392 423 427 423 409 604 627 443 615 582 636 360 573 608 432 650 607 587 451 464 658 664 688 307 560 362 559 250 643 399 543 723 645 708 722 484 777 377 630 767 493 204 553 597 190 658 171 172 461 382 833 490 836 207 548 153 501 154 209 879 560 449 749 113 222 503 406 478 740 933 550 611 771 621 7 418
505 491 485 517 499 482 480 507 488 503 465 547 480 517 493 515 566 447 477 415 428 446 548 576 500 428 551 513 578 589 580 447 517 340 568 488 514 421 594 592 375 570 315 688 366 375 334 292 703 307 342 254 575 323 606 257 379 620 205 401 600 442 209 318 201 384 577 513 624 441 287 662 705 410 397 246 432 269 789 415 618 791 177 699 632 210 715 416 478 874 784 446 345 808 528 843 858 88 630 761
503 497 501 490 494 526 507 510 485 507 454 444 445 433 511 528 498 466 565 594 466 435 460 562 505 420 379 458 391 598 501 610 526 376 561 417 603 636 658 492 679 379 372 671 716 392 522 495 670 505 569 372 413 637 332 310 497 522 532 456 539 354 505 574 572 643 440 220 307 757 332 413 471 667 228 234 802 291 264 671 592 604 576 677 511 508 554 495 176 729 515 63 171 611 924 780 952 362 10 36
499 507 488 512 512 507 480 481 471 533 506 554 550 515 502 474 471 587 594 480 559 457 419 457 496 524 468 555 566 582 369 439 491 405 487 466 331 527 604 392 692 504 407 642 476 560 614 339 664 597 677 671 291 605 449 533 427 753 656 347 550 771 322 708 402 375 528 552 839 309 637 401 388 509 299 610 571 651 876 889 331 308 634 637 549 456 934 364 842 904 843 902 490 368 421 463 324 627 331 732
496 490 511 491 510 470 489 476 487 513 480 464 494 512 538 550 466 483 470 528 493 532 406 431 400 394 478 431 377 500 619 530 594 366 571 581 405 422 411 402 417 555 632 681 411 577 447 283 358 677 363 554 651 641 693 379 369 463 456 729 455 742 573 663 540 439 541 724 642 684 343 200 821 585 809 471 547 333 866 544 464 603 766 517 200 533 504 935 673 61 118 285 937 162 118 261 75 243 120 442
502 506 505 485 514 506 513 497 475 488 514 538 473 487 525 576 507 536 420 469 427 526 555 514 470 534 543 457 368 418 481 422 557 453 548 522 630 347 594 395 376 319 527 697 560 545 723 653 649 372 417 254 321 610 270 720 483 270 524 433 370 493 189 444 660 266 168 499 193 652 240 153 737 268 417 141 633 233 895 307 874 769 224 538 486 359 292 504 618 558 582 616 322 81 305 457 552 308 353 54
502 508 486 496 515 513 493 535 485 537 453 510 538 471 543 429 442 576 570 516 531 453 508 473 579 507 494 527 428 644 539 427 610 485 483 556 610 654 588 609 628 439 609 369 439 445 706 550 547 509 605 434 420 612 395 386 438 559 207 470 235 655 460 383 618 637 420 639 589 762 585 270 636 851 745 574 516 153 219 342 356 801 138 272 464 436 497 623 918 294 129 929 418 170 608 186 525 201 478 679
497 504 491 498 522 497 512 488 496 462 497 523 511 507 443 491 466 542 517 552 460 421 576 424 623 533 631 622 624 459 646 388 575 359 351 545 516 367 350 658 537 342 599 606 363 488 541 514 585 641 436 660 644 419 472 763 470 409 442 466 277 443 217 711 617 663 799 796 316 646 853 676 786 468 774 426 382 372 299 663 385 307 448 683 411 152 401 342 498 586 361 406 788 301 429 937 917 988 237 449
500 499 515 511 505 520 524 498 489 502 513 527 452 547 536 423 541 562 495 424 564 514 544 561 405 380 480 447 387 620 531 363 417 404 473 610 496 316 405 627 445 603 468 575 580 328 353 575 612 392 493 463 431 768 697 428 780 526 366 358 402 698 444 803 371 456 272 279 540 410 776 570 350 412 189 840 647 825 651 791 611 626 766 531 764 705 210 923 932 949 235 942 132 914 932 292 456 630 351 261
497 508 508 492 493 500 519 487 532 461 520 449 473 514 426 456 570 433 519 442 538 452 500 584 379 614 587 483 613 450 432 494 571 624 426 569 344 418 632 512 445 510 714 677 536 541 621 625 636 487 264 391 655 547 274 286 533 305 613 222 389 487 226 480 388 366 827 551 171 743 320 768 763 145 387 802 488 184 458 285 639 516 89 767 704 451 389 596 95 826 748 572 617 894 493 377 745 556 738 470
504 491 500 510 504 516 524 467 469 531 486 449 466 523 545 426 427 568 454 434 559 411 585 456 377 603 472 627 438 619 603 593 518 469 563 347 373 438 471 514 645 657 562 410 288 488 650 690 289 365 698 333 241 562 733 419 637 262 271 354 480 525 424 714 270 705 742 309 250 687 851 584 609 155 500 874 850 151 892 211 580 260 209 800 114 531 534 154 150 727 867 219 555 295 353 684 168 402 268 434
502 494 511 494 511 530 477 488 522 482 553 487 453 557 504 432 543 467 579 477 599 579 597 396 549 618 609 544 437 489 632 589 484 512 433 624 596 325 395 394 530 368 506 489 688 302 289 569 566 578 749 546 387 482 521 547 244 454 411 436 254 430 762 675 570 326 509 257 384 541 640 463 747 484 649 604 463 816 788 862 738 813 833 284 305 413 121 928 869 769 62 343 506 827 479 319 676 179 866 448
504 494 492 507 515 519 497 529 487 452 505 549 476 563 457 530 577 570 432 533 439 563 499 547 406 535 599 401 541 553 626 525 537 497 619 345 425 418 344 440 668 623 359 684 340 519 280 436 449 747 443 482 513 620 603 306 430 692 463 589 639 210 270 418 818 696 265 251 391 239 389 691 458 138 789 541 304 887 558 353 418 551 654 126 91 701 600 147 806 893 824 811 567 738 523 56 909 183 886 442
497 494 506 499 523 494 490 540 515 509 463 460 467 459 509 484 555 503 590 523 458 457 453 431 431 471 372 621 641 483 485 385 413 617 640 669 432 531 420 648 401 451 670 422 400 481 421 520 615 263 460 696 377 449 684 550 288 640 328 332 204 576 394 431 413 554 329 426 706 245 597 730 411 785 570 641 230 593 565 764 552 673 291 597 810 827 653 881 680 325 745 772 794 38 93 233 448 451 94 816
505 494 510 494 513 515 510 513 534 536 516 462 514 441 565 513 568 495 493 557 514 418 432 568 506 433 630 409 480 495 559 366 558 570 611 434 402 517 502 576 486 691 366 545 286 611 432 740 399 743 470 520 519 721 312 608 670 530 326 457 380 515 359 625 245 480 200 185 546 673 159 835 588 279 615 699 326 192 110 680 897 173 865 735 843 345 253 554 219 745 670 752 518 936 521 966 72 632 599 785
505 498 513 512 493 503 506 484 478 473 521 464 523 506 479 521 556 498 560 521 402 584 530 426 485 388 483 440 621 475 565 595 524 537 406 366 439 385 468 504 567 442 555 538 462 342 485 394 283 587 654 598 377 548 770 251 751 439 767 539 361 513 435 544 487 428 694 246 209 599 803 366 810 163 135 768 754 642 590 398 395 786 791 664 543 408 235 429 476 734 254 662 310 553 704 298 200 49 451 716
499 502 491 501 520 480 517 530 505 463 497 540 481 500 448 428 430 417 413 416 480 482 475 462 569 479 508 524 413 507 409 378 344 538 492 510 555 490 395 679 661 533 315 541 344 430 328 394 672 383 370 240 701 717 629 765 639 373 219 606 248 565 305 330 684 446 458 684 736 605 792 716 205 805 321 586 415 413 842 778 614 366 601 407 147 511 863 801 614 706 744 603 297 787 450 120 788 308 174 354
500 510 514 517 524 471 485 522 469 534 524 497 459 458 525 565 565 573 529 485 520 576 503 382 414 425 483 429 479 648 622 561 449 381 343 666 550 556 348 684 607 300 675 348 312 390 584 300 337 261 412 749 576 249 554 620 283 736 405 229 741 739 610 458 226 563 823 770 687 405 735 770 153 421 643 224 555 635 853 540 334 125 674 209 630 246 83 322 365 374 575 682 752 129 641 344 89 672 548 163
497 496 490 508 510 496 509 481 486 536 554 518 473 507 544 542 552 585 486 464 517 519 556 467 443 609 379 481 585 408 562 542 414 380 513 450 654 356 477 605 358 606 561 636 480 495 434 379 721 679 491 548 384 546 595 589 463 225 353 488 515 277 688 208 297 443 685 315 430 526 436 530 571 247 221 292 345 590 595 220 268 384 234 604 447 385 276 271 845 547 821 577 718 655 920 450 937 812 987 308
500 506 510 488 496 524 498 520 479 478 529 538 458 490 510 548 537 562 518 588 489 406 442 437 418 543 482 456 456 457 386 590 490 503 666 526 334 508 648 539 585 480 387 574 359 631 514 629 416 580 300 393 745 313 586 430 298 667 307 228 524 280 209 761 503 196 417 635 818 178 414 465 336 844 489 356 371 849 304 146 255 393 590 635 817 283 132 931 165 191 561 770 727 354 60 198 741 621 704 627
497 499 495 493 514 495 510 540 501 501 504 471 454 472 546 567 564 438 487 402 479 507 601 520 602 411 511 370 383 543 583 416 532 393 669 642 631 653 509 369 434 580 654 462 493 518 679 275 723 699 606 307 724 594 229 703 243 663 453 431 459 659 336 407 379 223 647 558 472 649 200 202 269 695 226 392 158 276 769 677 897 326 597 521 448 223 520 451 433 594 713 277 964 672 239 768 165 785 216 8
500 492 493 506 498 479 486 540 535 544 533 500 562 530 556 549 487 562 520 478 498 515 464 511 514 541 428 619 549 403 653 413 489 332 514 655 554 483 537 561 437 361 322 674 516 643 611 354 279 290 363 264 278 734 377 368 508 495 556 265 357 538 450 377 571 515 452 361 410 425 540 739 637 607 220 689 222 476 491 449 320 758 100 293 705 74 281 624 643 501 482 677 312 248 434 629 441 182 965 720
505 493 511 480 503 519 523 490 497 526 521 534 502 442 531 448 523 577 414 441 452 506 402 400 544 504 463 597 523 633 484 493 632 366 653 657 374 539 564 674 571 649 631 307 512 350 575 600 534 295 715 514 405 599 654 352 225 463 546 322 278 643 512 632 428 380 211 322 352 766 272 792 143 719 868 509 147 237 334 201 867 754 108 136 651 894 738 793 806 259 83 328 447 655 91 214 781 715 721 756
502 510 490 488 479 507 478 481 476 545 514 496 507 443 540 556 526 469 490 521 572 520 563 556 508 455 491 627 575 567 418 494 363 664 437 643 345 454 686 667 408 319 583 705 318 328 713 303 731 691 633 474 759 502 439 342 317 289 485 478 343 739 357 308 390 225 443 588 766 617 742 288 461 637 749 676 159 488 717 226 679 546 512 522 539 422 513 522 516 873 574 214 107 304 344 584 158 742 178 46
499 506 503 506 498 519 526 477 489 512 459 540 442 528 506 489 511 496 499 524 582 490 449 522 555 388 583 416 471 594 644 623 339 570 465 619 377 552 613 529 627 469 488 317 496 680 604 564 475 487 293 756 638 728 694 621 266 264 371 254 601 441 450 383 251 767 533 722 569 200 682 223 174 172 526 667 348 216 350 654 711 482 855 628 339 467 785 723 754 835 284 229 296 640 324 979 129 898 807 497
505 500 512 510 518 497 496 497 530 544 465 447 545 490 497 500 437 440 542 483 426 434 578 551 533 584 624 629 413 423 443 659 481 356 621 404 426 344 333 374 689 616 428 482 606 415 608 715 257 680 733 485 676 759 689 419 565 327 505 429 421 795 791 551 176 304 795 413 672 610 682 811 549 206 392 284 489 669 583 444 148 726 363 777 147 579 768 374 777 426 440 138 771 69 258 134 729 948 502 825
497 505 486 493 507 490 492 497 518 543 535 466 525 448 529 443 454 453 456 498 475 473 525 487 530 573 526 554 511 394 393 656 457 433 516 646 506 343 387 307 614 304 359 483 588 287 320 725 675 284 745 373 658 430 236 426 673 605 458 480 336 296 810 513 233 767 267 428 766 819 240 835 310 562 788 647 776 561 425 367 379 441 431 154 357 301 276 279 389 196 923 862 789 285 363 396 400 891 906 267
496 496 510 495 492 515 471 526 512 497 523 517 482 569 507 523 555 511 528 505 467 549 526 412 445 552 435 583 640 421 467 604 605 432 503 463 414 632 312 675 652 633 320 525 534 692 380 571 520 492 543 478 539 628 348 450 583 541 308 653 527 446 306 456 705 389 643 398 820 802 342 570 519 263 493 462 117 680 414 535 102 304 147 704 610 316 273 627 138 824 943 907 253 606 40 113 37 550 461 504
499 495 505 483 494 519 510 490 474 506 527 446 456 468 562 540 440 529 565 459 479 592 441 477 511 538 594 375 614 392 490 576 439 368 582 335 564 445 452 481 696 415 326 667 658 686 725 612 260 487 285 453 289 244 488 291 772 254 696 202 348 580 551 348 264 486 540 523 452 343 419 149 792 616 495 200 346 355 294 453 297 727 667 570 705 634 259 705 600 843 255 135 691 547 441 810 902 662 152 906
504 503 494 506 486 473 486 477 493 453 546 503 527 560 543 436 453 522 553 447 479 489 447 383 593 507 405 377 637 436 353 553 539 334 577 397 337 377 631 692 690 452 354 571 547 592 631 482 620 662 546 673 330 305 724 575 757 550 700 235 212 621 530 281 255 698 553 701 466 801 197 273 380 551 530 619 620 573 126 291 504 850 843 699 156 800 513 579 924 508 803 894 582 327 467 521 213 786 152 323
503 505 509 490 481 508 504 502 481 540 547 489 524 430 511 576 501 522 519 413 601 543 475 413 615 430 371 399 545 424 362 604 607 465 457 418 670 567 378 495 689 456 401 695 380 360 593 657 548 426 723 431 612 630 675 321 485 514 260 596 535 366 492 775 175 805 414 457 529 287 348 277 215 772 663 749 603 639 230 527 422 859 401 795 913 677 168 729 800 629 259 721 255 615 241 621 806 954 266 774
496 494 501 518 508 486 505 521 522 500 518 447 479 522 510 483 550 510 581 430 408 517 579 445 418 416 425 564 356 385 372 399 349 655 349 434 509 461 612 617 407 701 707 486 685 647 384 323 399 524 540 285 453 301 235 660 528 446 765 206 665 559 686 773 757 215 169 770 528 571 158 466 686 575 482 743 799 448 316 272 316 512 781 148 652 387 559 454 75 748 891 930 819 166 27 590 65 345 855 729
503 502 508 488 504 529 472 503 540 452 455 509 549 474 496 461 502 432 541 555 465 608 555 526 409 514 514 383 491 602 433 597 661 353 656 661 489 386 661 520 609 514 312 297 648 658 583 270 531 659 270 633 601 619 315 599 228 382 632 272 342 235 790 548 756 642 427 649 261 472 340 663 804 486 330 471 777 442 611 805 530 595 485 530 137 689 210 275 516 361 449 507 614 792 62 569 850 941 802 90
503 504 498 519 513 473 475 534 513 491 500 559 535 556 475 534 554 512 524 550 550 492 449 421 490 603 581 622 410 600 648 411 473 467 495 594 404 475 554 667 699 513 491 551 385 465 702 663 582 605 518 317 392 362 712 226 422 216 783 330 471 226 429 444 686 624 776 427 444 587 326 287 852 642 748 382 410 138 450 214 811 523 703 557 857 859 521 206 468 904 103 71 593 132 346 626 591 938 181 725
500 507 495 485 513 497 481 521 502 483 460 495 470 569 501 469 504 413 440 549 544 560 555 576 623 492 496 384 557 409 554 394 542 640 614 674 412 327 662 432 575 639 289 637 579 685 614 416 268 639 472 290 294 315 697 586 762 770 292 664 623 693 266 674 631 417 737 581 217 446 620 180 761 658 685 254 334 528 738 661 259 348 682 214 476 498 355 147 632 883 739 604 743 334 550 395 813 420 113 332
499 508 492 520 507 495 522 507 484 475 512 489 452 503 435 473 428 537 561 432 472 539 575 491 444 622 466 629 582 390 368 584 478 564 407 663 493 519 319 684 575 332 510 362 408 607 276 428 489 541 591 721 758 725 747 761 255 637 207 774 418 602 532 663 315 301 705 805 504 800 481 842 751 207 373 701 692 223 553 817 833 614 243 398 584 653 828 84 628 104 736 429 296 261 668 645 90 823 393 919
499 501 510 503 497 512 521 484 517 545 452 518 561 433 486 475 462 588 489 434 424 452 448 428 459 398 390 636 445 365 584 626 572 439 643 321 557 486 657 373 558 475 336 685 705 530 469 616 673 692 444 689 563 313 328 278 507 318 501 467 680 563 307 784 663 291 549 443 699 372 332 323 363 525 321 790 375 551 630 671 901 895 101 183 831 589 655 902 616 506 145 73 838 881 974 562 774 80 91 830
498 498 495 503 489 520 472 538 498 461 540 483 499 522 516 465 501 475 594 414 525 397 604 396 547 484 430 533 451 404 611 564 507 437 560 552 633 319 433 490 612 603 628 516 582 419 281 473 527 706 545 412 434 525 482 688 785 577 635 370 764 205 722 399 481 441 436 522 263 508 609 210 353 719 433 273 256 119 355 561 267 555 402 279 856 769 705 362 516 442 126 105 874 345 127 718 570 208 881 831
501 504 511 512 518 518 526 500 496 520 467 550 444 553 441 538 480 503 499 402 451 446 609 603 385 470 485 429 486 480 385 372 588 463 536 536 550 689 340 638 354 630 419 660 345 673 352 612 582 575 296 491 555 578 594 731 410 305 426 432 522 430 445 719 782 690 196 174 665 384 173 171 139 591 215 862 262 452 143 200 841 415 858 468 599 129 742 602 304 257 276 761 937 122 331 196 870 944 807 20
504 499 486 492 486 520 482 498 499 462 521 455 508 453 532 524 461 425 522 505 531 599 606 492 534 531 488 550 588 559 524 536 552 446 591 401 632 472 324 323 671 314 625 720 521 468 380 651 684 570 327 538 689 532 560 623 766 426 237 736 415 594 214 591 262 332 463 316 412 676 273 818 470 195 711 331 424 463 379 462 198 216 131 448 585 347 308 618 119 295 873 136 810 579 808 89 958 214 288 901
496 501 495 517 476 515 476 496 541 482 539 557 499 458 458 528 551 414 592 468 435 601 401 405 587 586 576 510 425 384 506 660 528 484 329 490 576 358 330 399 386 653 309 284 514 494 291 619 452 733 416 263 360 261 406 227 497 559 585 614 198 229 519 578 810 204 278 729 761 382 155 248 790 256 143 632 172 881 837 760 264 512 422 120 465 611 826 516 901 932 735 793 304 411 950 894 559 485 669 489
499 503 508 503 511 495 465 473 469 450 551 496 454 488 503 464 454 472 477 524 410 497 587 412 619 377 484 490 589 495 385 363 533 645 371 371 625 310 503 613 432 580 625 507 335 706 539 547 388 541 522 474 595 720 463 240 581 689 774 361 352 526 639 425 619 730 507 382 476 496 550 256 171 841 420 854 545 433 153 796 612 185 276 284 917 455 217 370 815 198 823 768 366 114 896 659 875 382 159 486
502 496 505 505 517 516 476 498 460 547 478 488 445 455 509 450 566 416 519 507 435 465 392 519 596 583 453 421 388 643 533 443 353 546 351 353 685 350 313 589 531 486 621 597 277 317 392 647 729 674 716 583 494 610 489 249 394 469 283 442 216 770 375 192 757 249 167 526 535 334 458 700 201 807 146 497 142 314 284 531 719 180 94 754 905 705 234 409 581 102 769 773 355 195 495 549 768 861 231 555
499 501 501 490 486 524 492 482 536 476 474 539 468 548 517 553 471 508 459 443 603 404 392 562 379 507 508 524 494 544 643 451 533 439 621 382 390 503 528 394 432 382 609 471 683 473 627 327 276 657 577 401 422 605 527 371 343 409 251 467 433 438 742 607 532 504 643 296 309 413 439 426 620 347 816 252 761 260 702 509 900 736 674 574 913 209 649 110 924 763 163 863 459 912 423 93 532 495 376 553
496 493 511 507 475 479 507 461 472 495 507 543 492 512 531 529 550 549 532 470 577 453 408 387 625 506 374 552 469 626 467 438 471 355 622 606 340 561 412 486 687 529 511 617 690 455 425 536 463 333 569 425 284 760 770 557 349 437 580 594 596 380 363 698 206 498 190 556 441 780 757 339 526 624 189 469 579 413 572 610 777 175 721 847 596 781 620 609 458 392 707 351 418 470 930 698 52 978 754 43
502 509 487 500 510 475 478 506 488 547 548 550 546 498 566 547 543 586 449 517 479 449 525 477 446 442 515 535 448 604 576 555 345 387 360 661 623 325 572 642 438 477 392 564 605 543 704 533 516 475 328 532 466 486 401 731 576 387 556 331 266 346 686 583 358 745 461 829 640 521 776 508 193 219 763 167 352 404 828 187 585 189 711 318 438 438 86 159 87 434 549 448 198 659 644 405 463 813 114 476
500 510 497 488 505 512 480 485 480 500 544 509 474 502 481 420 462 481 457 449 420 598 570 526 594 448 395 522 645 609 613 497 550 476 637 334 615 469 354 393 679 647 378 700 346 682 439 734 417 350 349 462 717 262 605 722 369 316 677 765 199 430 700 414 221 336 601 232 547 331 744 349 214 484 240 396 300 612 157 188 613 130 420 202 452 902 870 419 735 372 253 760 957 897 913 326 160 850 968 648
496 509 500 516 517 496 495 513 481 493 456 524 471 431 447 506 488 563 452 414 473 461 602 391 596 613 556 507 504 434 398 454 490 564 406 323 377 604 480 569 539 449 628 689 417 314 307 713 709 385 686 482 711 393 585 545 385 722 485 577 330 554 298 235 614 249 287 657 325 239 593 580 145 463 474 679 719 709 724 699 253 335 185 555 235 866 380 848 399 430 398 846 776 209 571 249 295 442 901 703
498 510 509 480 476 494 483 534 502 456 483 556 436 546 496 486 422 507 565 470 567 417 463 391 529 577 631 542 420 446 598 428 647 439 481 636 529 467 419 616 491 698 356 674 495 659 524 714 589 666 640 618 279 544 370 400 594 372 558 267 332 503 288 818 762 170 544 733 493 283 771 812 202 639 672 535 378 294 570 237 577 304 849 542 123 655 920 150 942 596 898 547 932 355 710 528 947 218 115 721
505 495 503 511 519 488 475 478 465 527 476 500 444 483 563 516 418 506 451 577 519 391 545 576 510 589 448 568 485 574 462 447 372 584 642 644 403 313 639 633 601 702 321 688 446 387 273 701 310 389 368 320 660 305 663 535 678 680 426 382 480 806 212 288 687 267 536 702 264 647 646 626 260 326 368 694 132 804 635 386 867 824 495 776 167 316 696 604 474 873 235 799 269 437 563 354 900 373 365 841
504 510 493 497 493 491 474 502 515 498 481 505 522 480 528 568 445 491 466 444 458 479 520 542 499 429 601 598 420 399 395 574 469 382 540 550 631 324 564 481 667 531 310 292 352 488 601 605 575 668 442 516 405 652 666 324 687 575 657 562 219 655 217 579 404 767 540 228 609 533 534 859 315 164 796 574 486 806 708 891 214 812 707 599 102 781 380 321 673 819 230 666 136 821 810 210 553 362 495 182
498 502 508 510 508 516 527 526 470 543 467 530 447 481 512 464 480 552 492 498 417 526 477 381 476 383 487 400 503 507 644 432 518 616 374 448 369 386 411 544 318 481 688 366 325 618 560 532 559 652 726 470 475 701 475 453 551 704 481 313 236 717 262 505 326 719 379 826 770 641 215 215 594 433 481 134 199 477 282 227 855 474 221 460 797 138 870 902 148 417 273 137 707 513 624 695 645 544 452 686
501 505 492 513 509 482 474 531 543 507 466 490 445 465 425 565 547 529 421 530 477 494 504 510 505 486 555 453 458 596 355 596 424 606 588 606 601 545 517 605 537 599 513 290 356 279 322 735 352 472 386 685 536 350 746 738 703 651 265 242 296 512 702 632 723 258 774 510 605 820 728 279 321 630 316 306 457 544 256 656 287 145 451 439 278 123 152 478 350 495 451 170 264 961 702 634 787 960 55 393
500 507 501 491 501 480 466 513 482 459 483 519 512 543 567 577 573 476 532 474 496 487 570 523 410 397 416 582 487 573 587 522 385 600 340 671 529 650 582 400 501 435 384 531 313 348 555 516 258 719 486 419 244 353 718 728 279 462 735 320 482 705 568 587 515 523 732 639 181 181 251 812 230 799 798 238 606 224 800 804 429 533 738 735 894 533 843 211 377 277 484 199 165 172 832 151 418 182 152 198
498 496 490 494 476 492 487 480 529 478 532 504 505 549 442 575 500 420 457 585 583 556 538 445 435 442 413 371 405 413 430 551 391 619 364 387 393 453 504 679 501 700 653 398 276 585 477 525 347 373 522 733 473 592 666 452 232 398 525 597 752 612 653 620 347 292 559 682 383 735 305 551 238 245 549 149 627 878 766 803 634 275 695 344 135 697 150 769 486 190 125 536 563 960 43 394 781 921 788 748
500 509 499 494 521 473 532 527 492 465 522 517 548 431 474 434 435 413 421 451 538 475 504 452 505 464 541 556 519 530 408 555 538 545 607 637 507 582 669 501 672 380 591 435 516 351 382 421 653 252 745 641 589 559 233 586 664 295 629 324 248 765 751 475 612 742 443 488 463 165 426 549 207 290 135 702 219 158 644 523 492 767 816 837 398 317 222 932 200 179 119 851 42 796 960 166 963 301 677 100
495 508 496 505 518 476 487 469 499 517 446 490 443 441 573 525 438 480 459 439 398 554 484 605 537 437 606 607 531 460 436 453 550 628 660 364 662 514 339 646 547 533 480 486 366 686 416 463 584 439 480 649 355 747 491 239 579 539 777 543 204 795 482 580 195 817 799 810 471 413 644 198 202 603 142 762 848 551 545 274 497 467 118 384 773 438 154 242 267 529 816 339 871 509 468 472 393 988 42 497
495 507 495 508 507 487 494 465 505 469 497 528 558 507 526 470 577 508 460 542 582 498 404 483 438 598 376 377 374 623 364 535 488 346 427 677 643 406 687 536 483 342 387 475 555 574 557 387 740 521 441 699 487 369 395 604 318 479 386 736 623 304 685 417 532 716 662 572 189 711 730 455 146 864 701 540 647 615 771 137 797 572 186 371 334 777 841 638 347 379 825 583 958 30 873 541 439 106 193 882
495 506 513 481 498 492 480 478 527 542 503 494 546 500 437 571 491 560 583 515 410 491 438 428 516 570 465 403 388 641 357 516 636 463 398 642 638 686 685 375 348 411 286 573 643 683 659 722 489 647 548 320 725 593 533 755 481 766 604 678 733 478 314 250 663 559 801 699 816 530 350 743 659 435 804 292 553 215 282 729 189 795 197 169 346 636 132 737 204 258 448 147 643 216 942 888 266 805 756 34
501 495 514 503 479 513 510 508 495 452 489 506 519 557 571 423 472 533 484 477 541 484 568 602 599 554 574 448 443 408 618 649 658 571 522 469 495 678 594 471 649 583 605 365 529 519 663 463 546 525 671 385 513 304 445 334 541 619 480 518 276 221 534 499 263 531 501 330 818 609 301 151 840 291 660 443 287 455 668 240 530 751 319 850 798 908 315 123 382 530 548 409 352 799 930 497 852 540 592 130
496 507 515 503 497 497 493 471 473 473 546 541 515 486 558 502 448 460 499 527 603 538 472 426 377 546 419 590 386 380 622 433 582 354 394 417 485 481 580 574 478 432 327 456 312 470 593 574 401 596 690 295 731 469 492 230 654 213 398 428 578 729 364 582 375 176 776 371 292 512 522 279 777 342 355 872 250 257 255 734 826 233 737 182 447 251 86 738 730 689 637 166 196 460 894 874 590 603 825 390
504 501 485 507 518 486 487 512 490 524 475 499 513 473 459 422 488 508 482 548 561 466 568 486 391 568 578 405 576 644 415 501 545 467 327 610 547 323 531 350 306 643 644 664 280 504 483 484 665 488 732 363 497 423 678 263 730 558 673 489 596 644 799 329 385 321 576 671 336 300 704 349 476 714 737 703 380 149 615 478 510 451 912 803 432 863 471 75 73 704 689 678 38 352 624 661 293 50 933 684
500 499 491 503 496 479 469 509 524 494 449 458 466 551 504 482 462 422 436 568 496 517 541 553 529 439 613 637 419 453 470 654 526 410 342 662 320 586 391 393 461 447 674 540 514 682 372 579 352 571 509 331 733 624 416 701 641 413 633 252 359 724 187 372 563 363 252 283 597 445 797 549 534 466 751 696 727 679 447 792 424 254 838 665 685 251 632 593 521 673 211 305 51 474 745 228 360 816 773 509
504 493 507 517 510 493 530 525 539 502 490 516 549 551 445 572 429 548 439 530 509 441 560 420 412 472 552 640 470 430 374 638 452 597 592 550 594 493 457 314 691 297 458 368 436 683 598 613 298 734 627 403 533 633 339 332 490 470 443 632 403 542 810 323 242 705 203 432 411 691 208 724 808 688 308 397 540 496 418 249 139 901 484 891 127 469 570 602 628 459 316 449 169 885 71 249 801 733 995 594
499 495 502 485 505 471 471 493 461 480 455 445 526 463 508 435 573 509 428 514 520 399 433 385 476 562 621 370 617 385 550 456 558 473 573 421 682 454 552 326 496 640 455 317 649 627 609 726 304 421 422 246 449 253 638 626 707 447 499 644 454 202 787 674 187 770 677 580 835 365 563 785 366 215 345 860 705 577 895 821 325 491 652 447 500 545 582 451 695 105 611 848 442 755 483 230 563 582 910 905
496 492 503 493 479 480 516 539 472 453 485 508 561 514 431 480 574 467 571 504 601 403 576 403 406 599 504 375 529 645 550 350 461 441 641 612 546 358 605 413 473 303 657 680 426 597 594 335 620 368 435 405 502 589 598 250 419 682 484 403 276 755 384 354 649 209 680 399 605 329 827 169 607 653 483 148 861 233 482 381 460 891 402 664 645 410 914 154 84 435 170 647 337 207 803 569 550 301 936 21
496 492 487 519 491 494 493 528 541 533 541 552 532 514 514 497 508 429 473 471 405 394 566 547 449 445 579 530 371 481 376 456 422 532 667 558 441 665 369 521 379 412 590 421 484 277 626 428 528 353 523 305 673 373 694 298 703 718 360 710 262 282 286 791 501 420 507 704 600 512 452 693 231 832 622 572 358 813 739 300 318 244 558 878 243 236 694 159 576 872 378 679 676 38 532 67 914 35 209 839
497 508 495 510 523 498 531 491 542 452 550 492 549 474 488 478 526 435 548 411 437 411 415 394 482 514 388 591 585 541 526 482 449 354 550 614 351 413 587 378 502 411 383 583 309 622 679 304 304 404 462 568 417 575 606 614 395 352 382 457 322 599 470 376 825 494 749 585 752 669 598 236 507 200 473 868 142 562 493 574 136 386 710 274 260 262 870 502 804 931 937 91 121 817 671 309 561 178 397 741
495 502 505 500 487 479 466 510 476 450 492 538 525 432 565 455 506 460 530 458 516 602 465 562 419 424 561 400 465 456 576 360 506 472 619 496 664 628 593 374 333 381 531 433 562 537 638 266 256 418 741 320 528 302 433 606 284 251 324 247 369 558 320 563 697 366 634 277 433 582 842 218 684 672 130 128 584 582 889 289 673 555 668 885 197 224 263 122 816 409 484 363 389 68 337 31 42 634 183 620
503 492 487 499 522 524 497 474 500 490 541 507 449 453 438 561 426 435 511 423 526 477 515 477 510 456 425 374 645 415 503 529 520 414 424 571 330 453 309 450 591 621 647 632 623 354 658 290 259 723 517 365 541 282 729 627 294 316 551 647 198 340 697 711 215 473 818 618 496 846 173 642 369 322 721 236 314 245 688 605 109 140 168 909 238 835 781 530 327 438 93 387 616 89 469 530 388 902 941 373
502 495 498 481 492 514 519 537 455 542 466 466 558 446 498 467 479 523 491 562 530 493 408 575 613 442 431 630 549 421 510 529 443 426 581 600 523 564 615 692 349 571 656 320 406 720 495 359 373 499 345 713 355 259 593 563 730 656 333 740 298 435 360 790 630 206 637 690 329 528 637 418 790 636 295 535 602 441 561 513 675 476 602 340 675 484 748 518 776 872 323 280 314 475 254 438 270 885 635 790
500 509 509 499 519 471 513 494 507 512 499 451 436 462 542 531 553 463 427 439 571 469 436 383 621 413 593 604 493 504 534 530 610 619 493 375 528 489 685 306 556 684 440 283 509 534 702 420 296 524 248 591 432 730 653 528 682 342 248 749 535 752 435 366 407 642 543 250 480 160 344 540 755 557 859 769 656 745 740 752 791 833 538 661 354 814 238 90 536 320 816 128 108 587 246 56 249 951 426 34
499 491 493 514 511 492 510 534 486 479 446 510 558 553 469 542 529 584 498 432 557 421 410 431 557 535 515 620 544 491 362 413 443 667 433 455 503 666 617 672 588 366 324 488 298 518 598 400 620 437 458 757 709 581 671 544 333 418 433 271 798 206 469 610 265 180 460 541 480 342 259 305 675 628 143 429 457 163 824 624 445 609 201 585 156 674 765 768 348 785 460 381 539 420 266 917 135 403 704 435
498 491 491 512 501 523 468 498 490 462 531 553 550 449 534 554 491 563 573 400 443 532 516 522 487 475 560 549 400 545 434 487 382 389 437 445 590 570 396 386 431 410 385 484 468 534 403 457 542 577 643 287 605 529 375 721 631 292 777 228 402 330 642 352 338 659 589 838 228 218 595 422 451 744 849 384 751 338 466 488 675 718 572 428 584 635 591 344 677 935 395 618 42 201 942 739 529 550 388 918
499 498 510 481 482 512 517 514 540 538 459 470 514 506 493 573 426 515 507 540 416 558 573 594 591 562 520 393 362 379 523 347 380 480 496 399 677 654 355 680 396 337 641 635 330 594 434 261 715 473 495 551 763 465 668 356 282 333 757 545 529 640 240 720 191 761 423 691 475 811 219 246 293 476 572 551 360 440 419 193 481 384 547 191 666 76 852 360 709 146 560 562 492 691 161 748 950 26 651 367
