505 503 501 513 506 493 497 476 484 503 500 519 503 466 516 527 478 524 498 531 415 608 505 472 416 454 625 501 361 612 391 412 490 606 528 437 481 635 636 526 587 649 614 464 604 352 702 601 315 669 432 409 602 300 367 270 342 237 309 336 549 217 482 819 177 584 199 203 337 496 743 753 592 764 806 458 198 746 291 232 646 620 480 757 678 922 655 398 599 261 52 522 420 698 371 37 880 488 270 571
505 490 495 511 486 499 479 464 532 458 501 526 496 522 467 580 476 442 539 578 395 401 498 457 568 559 573 572 567 398 573 507 423 362 387 338 664 380 668 697 392 518 322 344 589 687 418 327 262 284 409 713 348 624 584 604 492 738 683 778 612 527 207 193 647 652 241 316 336 819 358 738 491 597 285 230 626 460 286 729 189 140 107 653 850 573 696 774 635 745 775 945 234 31 887 165 892 121 440 823
501 498 503 512 525 508 507 507 526 460 544 504 465 523 464 507 520 461 478 490 558 432 474 408 479 530 394 402 548 407 463 571 446 552 574 325 511 545 483 532 643 492 558 315 388 572 681 382 574 303 655 284 708 424 451 617 723 707 546 278 536 425 574 696 790 482 812 369 176 494 754 820 627 503 303 786 630 834 717 123 242 571 868 340 201 477 484 202 668 332 107 735 46 159 303 256 741 976 676 485
499 510 497 514 525 478 484 512 476 504 465 473 565 493 496 545 484 449 495 549 505 577 587 500 548 420 542 422 456 387 522 624 590 471 500 574 398 605 519 460 604 571 479 288 502 341 585 302 627 280 272 528 521 295 721 660 442 343 677 639 649 238 642 774 729 323 419 174 511 589 377 741 620 581 776 633 756 759 524 238 635 586 106 233 177 609 856 557 246 155 240 121 749 499 247 98 448 853 507 567
497 502 496 487 483 479 476 528 474 458 545 548 557 484 532 467 575 434 450 527 589 422 488 401 409 557 517 361 468 364 394 591 431 591 357 368 360 540 457 328 383 639 522 532 391 425 424 631 714 672 607 512 271 353 422 507 288 244 303 304 575 478 728 486 244 827 236 431 158 415 719 826 374 338 847 175 121 522 217 395 541 840 152 176 487 512 851 128 155 432 647 193 408 578 67 327 731 312 247 699
501 498 511 488 486 488 510 479 529 451 528 479 534 494 452 441 498 507 514 402 543 598 542 456 605 406 563 602 432 469 424 589 425 647 458 471 392 341 412 615 337 435 372 604 447 598 358 260 541 692 385 639 517 593 560 466 611 514 226 693 313 516 514 552 803 546 823 383 531 255 477 668 401 650 535 349 464 332 303 393 691 231 704 431 693 445 514 923 674 574 708 533 312 864 797 199 378 618 492 15
496 505 509 492 480 482 523 540 462 469 461 500 523 522 478 469 555 442 477 473 508 599 539 496 547 558 479 530 404 585 365 585 491 533 522 481 670 385 361 374 530 626 565 702 608 483 507 364 416 346 295 267 507 540 710 695 731 677 296 742 479 460 277 708 580 544 351 711 500 744 208 302 395 332 570 442 534 413 392 513 495 533 101 414 694 665 698 661 216 611 374 311 806 961 121 319 55 657 287 838
495 493 509 501 521 489 528 477 516 495 532 440 515 556 569 469 501 584 572 507 453 603 465 525 551 540 525 533 607 416 369 608 600 505 414 678 349 528 594 302 362 461 425 650 558 370 271 373 298 714 513 656 547 756 350 234 596 559 649 640 746 802 464 599 566 636 580 358 779 179 552 642 667 230 474 714 545 750 469 247 140 610 289 727 875 831 709 184 376 133 347 457 907 773 708 51 259 512 977 455
500 490 502 487 499 521 532 493 468 529 547 468 459 506 489 485 508 519 459 452 603 498 487 588 612 625 365 363 452 422 486 524 491 517 613 483 340 615 471 562 664 359 407 450 574 340 407 406 487 351 327 597 689 423 515 655 400 369 479 777 605 455 538 503 667 700 833 163 551 674 257 154 730 593 292 507 723 712 517 366 713 531 531 804 793 688 231 62 712 255 910 494 602 215 760 124 786 964 650 643
498 507 498 510 507 496 465 469 490 452 450 469 484 566 462 470 427 518 450 567 537 491 410 416 427 502 566 547 617 510 406 569 625 541 648 418 433 447 514 665 330 544 348 529 689 529 532 600 647 661 657 693 709 557 518 548 564 656 623 755 347 605 745 417 711 648 177 327 715 429 358 793 741 426 618 510 737 524 621 681 703 523 785 536 668 166 103 367 371 466 600 907 610 875 764 395 893 39 184 15
500 500 503 507 476 516 502 478 492 502 445 560 538 506 522 492 526 529 447 509 575 485 430 595 414 604 475 578 463 364 354 473 399 461 470 627 458 604 365 666 463 307 625 298 592 714 485 321 555 296 667 703 567 589 290 738 604 557 403 421 723 325 667 571 513 395 645 480 487 327 562 255 386 864 413 206 260 543 582 471 781 434 148 464 797 659 257 848 832 310 710 169 474 599 442 147 888 606 844 299
503 496 501 516 490 493 491 486 498 528 509 508 557 518 477 537 498 536 497 467 511 597 575 525 415 445 474 566 499 419 445 431 577 444 600 347 372 314 532 427 647 613 660 693 599 419 663 693 275 542 686 408 378 262 347 621 747 571 465 527 694 228 515 699 298 793 663 653 450 659 850 448 549 152 797 260 184 252 467 863 285 430 224 665 585 130 844 780 481 577 354 405 914 350 639 756 150 890 708 932
501 508 492 506 517 516 490 497 539 477 445 490 500 565 457 547 515 553 454 480 530 479 508 547 457 527 624 465 407 599 515 419 383 608 410 627 607 471 342 547 456 605 300 688 290 294 296 432 665 551 471 578 560 488 516 463 574 720 606 648 659 383 574 448 368 298 440 191 674 700 755 408 169 339 504 562 473 206 289 307 864 485 169 914 596 808 715 888 690 191 302 640 341 903 97 154 355 40 596 272
499 502 495 499 484 509 491 506 478 542 535 442 441 541 425 547 473 502 481 465 481 597 391 555 452 578 419 521 451 439 542 446 337 345 509 666 581 525 614 517 475 486 373 303 346 659 325 701 471 580 626 335 477 637 724 566 329 611 376 744 398 668 500 462 368 419 478 778 322 592 507 515 214 232 345 617 718 490 391 360 770 387 763 106 333 261 734 183 276 519 713 752 626 206 39 893 273 234 41 105
502 494 487 496 515 513 482 524 504 466 543 490 447 494 452 477 491 451 452 597 546 492 557 598 398 559 633 495 438 569 531 533 593 334 576 369 582 524 340 359 604 570 603 629 314 415 644 334 660 415 686 698 462 713 399 431 382 389 511 374 659 629 583 670 652 330 542 757 671 715 306 528 318 624 373 520 730 113 639 653 648 463 751 724 185 581 699 871 332 590 73 607 655 424 739 598 323 428 873 955
505 499 507 516 489 501 521 539 486 524 494 472 499 441 514 531 533 445 495 557 431 567 567 401 518 391 388 397 526 547 637 471 634 416 631 391 585 446 687 446 555 645 437 576 329 522 453 459 487 719 262 431 559 543 343 689 492 432 289 314 554 629 556 238 666 217 297 217 311 798 453 530 533 664 204 670 294 219 549 860 893 419 581 710 246 915 681 228 403 545 504 572 379 350 251 198 576 573 944 931
502 490 500 486 496 471 520 505 487 499 481 557 462 484 525 506 572 556 588 584 572 502 471 450 478 478 369 562 507 432 476 437 561 423 482 370 418 386 569 304 435 423 387 452 447 339 658 504 358 255 461 700 554 739 229 771 627 506 678 560 199 474 567 548 562 359 487 638 651 771 849 158 468 334 722 128 132 336 655 526 333 237 136 407 260 836 737 493 217 471 282 764 131 844 451 66 230 300 377 461
497 510 486 493 493 524 506 508 543 450 462 477 517 511 559 453 577 515 481 528 502 535 605 592 413 510 576 640 368 397 416 435 363 636 480 580 429 579 481 488 504 407 388 447 532 540 451 349 263 383 446 347 307 348 387 329 339 463 598 791 476 417 661 507 256 500 336 556 291 378 618 744 854 599 474 491 271 226 578 346 447 876 390 281 132 324 907 617 829 155 727 880 186 822 843 207 879 827 928 1
502 505 507 508 494 486 519 477 455 536 555 489 470 483 466 447 447 480 452 598 543 583 500 507 504 552 545 420 538 582 457 480 477 482 603 340 630 354 338 584 428 591 710 505 386 656 454 632 475 570 325 542 451 515 600 565 589 422 215 703 622 571 347 431 766 490 655 481 482 453 244 593 659 765 544 771 604 570 735 370 353 748 837 621 716 696 314 174 790 630 768 237 516 797 698 242 596 290 461 208
503 505 512 482 479 497 512 521 481 547 549 485 505 447 550 438 468 535 556 556 598 421 415 425 390 580 517 523 446 637 546 409 379 640 625 579 675 430 578 383 608 670 398 316 705 566 611 429 306 722 742 269 346 501 359 316 582 566 498 480 550 305 203 291 308 572 399 817 172 243 395 181 687 280 497 821 159 816 249 433 232 255 596 670 683 366 594 518 626 281 401 163 906 73 269 655 87 127 941 122
496 495 491 495 516 510 468 460 505 470 527 502 482 549 445 464 565 567 476 585 441 491 399 441 523 560 602 486 521 584 451 599 421 402 507 574 577 661 649 431 603 586 647 543 538 641 646 338 535 689 645 425 694 572 564 722 366 269 688 354 250 744 466 244 809 608 665 351 746 632 711 278 346 819 667 287 746 132 301 271 557 392 727 809 231 480 658 493 745 314 217 553 559 417 254 533 133 888 643 274
499 507 501 487 512 491 482 526 492 539 509 495 532 514 468 421 570 570 564 459 498 474 411 598 592 579 616 527 413 510 387 373 357 509 404 675 394 688 448 392 421 492 560 614 370 530 385 605 461 647 750 719 646 441 570 762 355 483 579 411 296 655 346 239 763 725 304 266 202 676 261 705 533 633 538 348 205 620 482 145 613 799 122 813 256 382 553 703 476 164 148 487 581 324 677 102 631 402 987 672
504 499 511 490 498 492 506 523 509 455 497 461 548 472 432 527 415 412 584 509 427 570 586 558 602 389 634 380 424 633 518 572 367 539 639 545 363 384 613 617 429 660 678 493 314 690 604 487 542 689 289 537 539 468 225 641 311 488 429 207 290 359 265 436 654 419 739 333 484 269 741 594 249 291 268 846 546 647 178 779 122 408 521 93 675 725 85 840 858 75 905 835 347 33 716 869 245 635 982 622
496 507 509 486 501 527 535 511 491 518 531 508 562 444 484 456 557 482 503 518 559 497 427 451 398 550 422 606 625 527 360 357 426 547 434 480 400 631 330 377 628 699 376 610 700 293 685 403 606 694 283 758 392 518 511 739 636 229 754 774 388 427 675 328 431 558 658 772 520 842 352 837 600 402 864 574 735 883 712 191 669 661 858 361 459 719 915 461 910 240 339 577 939 729 105 414 952 409 335 12
497 490 493 500 484 527 533 522 490 517 477 466 443 437 441 453 472 418 436 437 545 477 405 428 610 482 383 512 642 515 655 625 523 557 327 392 508 616 420 494 435 396 415 444 645 454 334 465 470 473 453 681 559 729 563 647 317 338 580 777 623 383 545 287 315 552 614 491 794 496 196 737 462 482 667 658 468 853 140 398 344 819 213 333 500 440 441 755 831 245 592 848 501 273 800 512 706 870 947 695
504 503 492 507 523 521 535 482 544 526 506 550 450 450 517 434 458 538 410 486 512 452 561 574 567 547 494 606 462 421 504 518 402 562 336 655 405 669 498 537 699 500 396 446 429 662 658 645 712 568 733 543 314 662 441 752 217 786 217 448 261 548 686 348 188 244 578 539 748 561 270 679 498 377 389 550 758 295 679 611 300 202 628 918 593 366 767 368 892 96 692 539 312 939 321 849 877 951 660 632
497 498 502 506 502 528 472 524 518 511 469 499 440 542 563 580 531 443 459 553 445 481 562 392 590 401 482 479 586 603 425 422 481 450 350 448 394 324 665 433 308 651 312 593 401 429 567 679 536 649 713 677 679 551 640 381 711 396 729 289 375 703 251 621 693 436 352 496 560 577 480 213 703 747 228 573 404 373 395 239 775 729 293 842 396 622 883 301 293 840 146 693 200 480 650 746 184 247 689 530
496 508 486 499 507 479 466 485 481 481 475 503 441 563 457 421 484 475 461 419 480 601 535 499 432 438 524 403 468 486 646 521 351 631 508 473 422 577 532 652 696 637 563 300 505 498 314 487 647 400 435 336 452 286 402 249 524 697 767 763 441 396 506 405 282 486 340 175 516 819 646 373 465 484 492 565 803 195 230 459 223 223 651 800 872 212 798 543 942 843 362 726 415 791 462 717 323 36 234 561
503 496 510 505 522 490 488 460 478 484 515 469 526 467 437 537 569 550 508 485 578 525 513 491 572 488 455 429 509 573 494 462 623 359 465 490 412 637 353 678 556 377 362 340 683 656 691 343 402 303 335 277 746 314 322 306 660 376 791 435 714 345 486 242 816 464 208 600 526 212 737 600 740 546 585 526 225 432 839 845 288 289 350 377 272 602 195 174 909 560 242 580 468 651 649 666 614 633 318 40
502 501 505 508 499 502 515 516 522 462 473 475 525 552 509 462 577 481 413 526 467 583 595 498 503 407 607 472 369 520 449 496 427 529 468 677 670 487 510 391 422 484 484 570 690 690 503 280 580 443 315 700 328 440 626 622 399 764 777 514 414 500 507 302 195 747 337 403 613 345 795 431 353 765 387 850 260 308 211 709 618 724 154 108 870 604 442 771 93 481 271 809 491 533 426 251 788 293 285 778
495 503 501 520 514 486 492 538 505 521 471 539 493 456 434 540 424 447 559 597 426 523 399 438 435 485 442 607 632 562 420 340 647 598 327 440 635 528 460 348 462 602 660 352 640 431 570 689 461 660 368 707 370 331 724 397 582 679 579 783 683 263 206 399 618 676 740 319 809 593 445 346 262 508 676 525 603 158 812 722 709 271 737 867 384 272 910 694 650 502 871 405 830 768 106 530 764 185 725 540
503 510 503 511 510 516 472 510 506 517 477 517 459 531 482 503 490 416 476 477 526 556 520 518 558 377 627 618 364 511 573 574 482 334 351 395 445 688 383 503 688 442 566 614 632 285 612 671 373 348 652 606 743 475 705 637 595 503 241 401 605 644 310 751 586 451 753 631 334 247 586 833 864 762 203 358 376 548 296 659 872 515 455 560 905 156 630 181 867 381 807 502 642 33 318 180 64 571 250 745
503 506 505 519 509 471 492 475 531 547 502 440 534 559 446 572 482 504 448 449 603 550 424 500 509 383 580 367 573 466 364 460 600 599 476 630 536 675 630 463 440 452 614 478 457 280 672 473 356 319 345 677 734 312 462 643 572 282 296 792 273 523 588 617 336 738 723 249 490 393 193 613 583 596 773 659 192 160 273 709 416 614 784 582 817 524 612 93 63 390 673 163 868 634 476 300 732 223 64 810
496 499 500 497 506 484 493 519 455 474 449 496 514 541 571 560 511 421 470 463 487 396 455 473 617 459 534 435 355 557 422 486 336 551 387 322 528 370 530 670 591 633 461 658 582 418 531 609 735 709 557 568 598 416 397 441 452 444 354 647 352 418 730 337 465 426 827 416 638 669 444 275 521 176 177 706 254 260 644 868 782 190 477 277 547 895 479 812 908 541 483 402 542 409 396 890 571 959 843 360
504 510 503 490 522 524 467 521 531 484 445 508 509 449 549 513 528 531 529 564 519 506 496 560 523 459 581 393 577 636 614 625 471 448 436 345 465 540 497 557 611 314 590 523 594 301 364 312 647 543 665 681 366 351 732 764 655 738 495 473 636 682 679 186 710 404 612 174 696 380 641 508 541 660 604 254 534 121 243 627 634 494 96 884 598 878 771 224 326 468 282 727 152 616 175 413 667 38 936 401
500 498 488 489 497 487 473 529 530 547 552 464 470 521 455 452 527 537 518 566 508 530 577 491 395 514 550 440 478 484 396 402 348 358 660 444 567 375 392 685 675 564 498 513 322 350 460 506 351 633 394 697 653 446 439 391 251 729 635 273 627 309 277 474 544 672 238 799 257 280 355 325 771 376 249 451 467 216 339 169 808 423 517 317 306 653 138 137 782 114 181 612 848 616 98 490 562 162 827 781
504 492 487 507 482 502 510 464 527 480 533 525 523 446 554 478 500 417 571 528 410 498 539 547 505 495 551 621 568 377 352 466 409 588 474 372 654 412 595 456 363 466 607 558 422 369 304 632 547 272 508 601 684 315 590 482 456 495 246 280 795 296 695 266 722 591 666 260 838 711 592 264 547 688 659 713 626 247 195 744 160 664 303 179 894 374 844 874 281 573 778 889 475 104 252 242 560 988 609 988
499 507 497 494 522 508 513 523 469 497 472 555 534 487 427 580 443 566 589 551 531 470 488 442 556 567 592 407 514 514 627 498 449 554 500 524 333 459 428 637 507 293 551 613 667 494 487 624 473 428 741 723 335 663 696 701 459 409 523 381 450 543 767 478 218 181 262 301 622 751 158 493 388 305 508 508 151 252 502 583 845 287 96 225 174 762 845 262 631 668 695 596 304 485 941 203 947 137 176 42
496 497 509 485 515 482 485 461 532 512 511 465 509 496 550 577 467 416 411 468 428 540 426 542 594 599 535 437 377 528 396 639 381 452 591 465 649 565 404 378 336 519 661 496 662 312 333 653 415 599 561 620 244 592 340 446 398 721 741 767 254 193 235 786 280 472 382 443 215 501 556 615 793 413 502 448 468 171 142 874 356 784 741 782 598 150 505 123 507 62 804 708 837 640 471 966 750 824 995 985
504 490 511 511 475 491 466 489 505 531 447 523 504 455 523 488 422 462 477 451 465 469 583 547 522 558 537 532 438 372 600 640 341 363 479 409 651 545 462 445 359 528 423 486 359 368 383 497 483 575 312 410 330 646 506 566 218 783 605 521 245 758 256 347 633 802 570 197 429 427 675 448 574 826 128 343 218 334 477 882 375 305 821 353 810 850 765 599 501 470 267 802 280 854 755 719 679 810 851 626
496 504 508 497 476 470 504 534 491 459 453 465 545 467 510 456 422 459 507 430 468 394 512 580 421 421 549 446 587 638 398 543 565 409 398 347 319 490 671 649 359 414 707 694 371 404 392 571 361 325 400 494 504 599 279 412 715 693 671 564 522 434 739 629 640 520 608 208 593 355 314 365 480 342 717 850 160 741 450 119 347 596 776 541 782 370 628 323 117 846 187 753 830 756 708 73 650 28 168 742
499 495 505 509 509 501 474 531 505 481 524 559 559 507 430 466 487 580 412 514 431 424 434 556 388 391 426 547 606 556 375 572 654 489 487 346 528 417 654 311 325 694 405 519 332 425 308 430 634 459 296 649 511 577 549 421 595 699 226 407 325 626 749 810 758 572 414 635 201 821 607 643 265 519 708 837 441 400 397 454 493 751 667 795 659 623 541 791 625 51 234 824 554 751 30 177 703 833 988 964
497 510 504 512 478 495 472 508 493 456 457 476 503 540 575 476 525 500 461 555 490 520 606 416 391 468 398 392 422 430 368 393 553 423 339 598 552 587 504 691 467 604 503 658 492 689 374 656 511 300 259 576 512 435 290 293 340 591 364 675 265 347 678 647 449 179 772 613 465 697 388 461 723 579 858 395 656 459 368 240 387 111 739 705 791 443 369 857 536 827 507 429 335 963 652 381 701 640 944 324
501 494 510 507 494 487 474 488 529 471 515 525 544 494 517 448 422 583 514 457 550 414 432 552 544 435 575 580 430 553 521 510 436 560 660 352 505 667 679 398 550 705 457 652 493 699 277 458 531 397 687 245 683 658 250 580 404 511 521 386 383 314 577 481 607 445 625 272 166 645 416 431 188 482 644 852 849 587 379 249 264 518 807 486 776 208 409 792 286 519 765 589 861 447 209 331 505 197 513 367
501 490 496 498 510 497 510 470 518 537 526 464 460 463 532 490 428 422 467 551 437 481 519 433 551 526 526 446 539 377 506 587 335 575 501 374 609 569 353 328 359 679 452 312 389 425 274 688 450 577 507 482 533 642 738 730 404 762 625 324 718 218 799 290 566 479 501 750 385 196 768 357 392 218 251 228 456 807 260 315 187 626 883 502 165 696 922 765 856 922 363 115 888 654 738 60 800 163 158 450
505 507 490 519 524 527 475 523 523 535 454 492 496 550 508 499 537 419 437 483 428 589 578 583 559 462 601 475 596 417 559 392 346 613 611 340 652 447 687 474 540 587 337 315 484 297 356 520 353 742 633 696 684 317 587 306 513 384 624 766 629 247 732 402 558 224 523 292 639 719 665 564 806 264 860 279 225 650 823 529 582 489 347 370 597 522 124 490 824 445 299 694 39 476 752 287 518 345 875 322
504 499 506 489 519 492 513 462 545 454 532 503 449 553 515 467 514 519 482 418 561 423 421 612 556 542 388 604 428 557 585 598 527 494 353 421 512 627 586 600 684 394 627 324 619 517 564 355 356 276 427 468 481 574 279 642 385 512 666 269 302 451 670 711 429 324 693 413 780 310 286 802 161 734 678 434 580 615 803 210 589 710 122 496 730 757 321 393 273 429 566 255 947 887 237 709 800 781 16 555
497 505 505 480 487 495 483 496 502 542 468 546 456 472 461 455 469 581 585 597 517 527 504 466 388 551 629 413 476 413 351 603 471 338 579 569 399 634 445 480 683 314 649 696 569 679 440 708 632 427 683 317 557 539 380 511 747 541 448 749 434 696 458 289 321 191 596 631 619 363 307 569 859 370 206 779 422 304 189 767 679 613 803 244 763 635 930 69 56 406 830 867 262 424 478 774 623 622 119 821
501 492 489 486 478 502 472 465 527 455 458 458 512 499 521 516 571 475 524 442 478 496 591 458 382 468 576 579 389 410 418 344 495 651 648 469 658 375 389 305 573 610 554 336 582 303 280 567 507 258 489 496 752 285 531 669 491 262 448 277 601 374 813 619 787 684 239 233 497 527 814 551 708 832 814 485 708 776 218 828 377 662 906 310 699 421 204 209 761 673 101 414 296 692 774 625 35 865 891 520
495 493 511 494 498 514 510 513 462 502 555 522 559 459 544 539 529 485 420 451 536 451 510 620 464 382 492 490 569 577 415 598 612 337 417 605 594 525 489 358 516 320 310 325 376 612 295 530 304 445 393 364 452 268 609 335 631 542 566 721 475 709 769 378 671 662 185 251 519 757 153 504 756 295 469 193 338 526 406 683 628 635 362 524 173 522 584 865 712 324 467 438 510 677 496 139 328 252 49 782
495 497 487 515 516 491 477 511 478 480 503 530 508 466 488 532 437 556 438 521 476 607 468 402 531 407 506 505 553 551 582 597 466 622 433 612 395 510 493 501 647 667 493 596 701 488 283 381 258 446 542 260 561 716 302 269 744 431 217 392 689 596 597 404 713 476 471 598 505 346 196 750 684 463 456 459 241 718 739 581 859 256 891 771 79 695 563 85 182 525 854 79 591 165 395 735 428 977 590 505
503 501 515 509 485 508 522 516 485 509 484 510 448 538 557 449 492 585 558 561 404 407 477 438 538 433 544 532 575 391 623 361 488 374 418 669 611 414 384 640 307 328 454 685 408 465 645 276 671 543 639 442 327 649 409 368 378 448 749 357 744 596 531 296 514 644 597 248 627 504 351 184 683 604 694 266 734 228 539 816 835 124 121 886 179 589 571 598 797 127 814 959 964 466 808 653 857 949 254 133
498 506 500 515 505 518 467 481 464 512 483 464 554 567 467 526 497 495 484 587 451 519 461 466 465 556 508 636 639 598 554 362 584 512 424 393 613 671 528 649 654 406 556 441 321 652 599 445 456 338 720 578 520 300 370 512 434 549 533 500 770 448 209 328 550 812 438 286 537 777 631 492 367 292 365 236 595 802 762 787 843 619 287 449 673 285 125 574 349 114 171 858 102 897 699 529 645 814 601 988
501 506 505 488 519 508 472 461 476 511 478 526 493 493 452 521 467 549 536 455 581 585 551 549 487 531 629 540 456 629 443 372 598 590 591 504 463 383 473 304 500 547 622 472 472 581 669 424 711 442 645 438 621 481 285 755 495 699 514 621 398 723 765 775 588 279 564 396 333 469 580 224 627 366 481 216 409 281 855 388 449 875 177 228 522 533 320 773 788 471 414 718 774 618 830 609 828 243 278 453
496 505 496 516 506 527 467 479 480 518 517 488 527 494 519 479 457 424 540 540 592 413 614 497 612 545 532 520 392 441 633 386 585 413 381 404 360 686 688 532 433 660 451 517 367 646 578 461 415 350 456 720 362 370 757 565 738 340 502 459 358 389 815 194 718 397 579 192 670 510 808 777 810 335 350 458 586 800 732 591 523 499 623 400 804 340 616 606 471 467 297 270 720 969 500 963 172 348 469 644
502 499 506 490 510 475 522 482 535 544 483 522 447 537 521 545 418 585 479 428 408 588 412 602 528 378 498 578 529 361 403 536 605 420 399 552 516 332 531 516 409 524 502 582 517 331 363 725 517 315 546 732 444 369 740 225 481 592 311 270 704 198 535 641 418 542 330 765 343 550 532 436 314 234 388 595 850 694 855 231 114 794 719 227 676 105 809 272 802 503 48 378 239 967 869 193 836 162 700 434
495 494 508 495 482 483 504 529 514 505 455 532 520 543 430 535 481 515 469 552 500 537 527 599 605 583 481 565 427 350 500 622 622 557 422 533 670 379 568 597 679 471 289 653 372 511 511 574 447 403 412 245 365 437 508 712 729 678 629 498 577 345 611 773 224 203 231 630 241 683 832 540 629 722 619 709 487 627 404 571 852 895 678 160 911 463 691 401 944 173 799 867 38 301 834 466 828 662 48 581
503 504 502 491 506 509 506 484 503 541 445 526 497 480 547 578 444 462 515 479 433 586 414 587 528 384 578 458 581 539 489 450 392 548 500 488 608 499 598 377 325 499 328 385 537 584 499 282 395 409 500 267 515 318 630 280 292 334 610 707 775 459 755 700 573 796 516 745 523 798 731 407 659 453 858 562 701 174 552 557 245 854 533 597 875 897 798 514 94 111 382 582 796 424 961 824 40 827 446 649
495 508 513 497 480 519 476 513 520 518 504 508 448 435 434 460 477 466 547 589 532 538 459 408 380 624 447 490 634 396 370 588 585 393 376 344 392 627 366 329 545 612 519 346 354 720 539 706 301 528 478 389 449 372 571 443 238 557 362 268 473 503 667 645 181 449 602 708 249 776 352 326 471 318 259 327 373 169 290 652 137 155 390 433 127 495 96 63 121 164 887 174 128 684 327 861 316 287 717 819
500 501 504 490 493 502 518 532 531 534 499 517 515 544 469 483 464 475 592 557 504 484 614 388 570 587 549 623 498 469 347 509 425 383 567 548 553 394 476 329 514 386 519 374 540 322 584 310 686 585 271 339 551 356 346 326 651 544 358 773 249 793 776 583 576 731 797 779 282 278 827 638 462 514 513 457 851 200 828 822 272 424 838 688 538 742 294 692 735 222 744 590 644 35 565 354 695 954 622 611
497 497 509 494 490 516 475 471 485 486 527 519 436 515 499 460 489 584 486 479 423 576 396 619 581 448 529 495 569 494 540 644 568 425 415 350 522 618 451 562 679 391 383 411 549 420 720 584 471 540 294 748 416 538 646 666 493 544 208 340 613 633 641 392 456 691 585 486 454 647 584 494 481 155 443 718 452 545 855 782 819 117 683 518 635 208 391 188 897 234 719 730 275 660 72 710 438 154 843 655
495 490 485 514 499 499 501 461 542 518 448 545 451 448 523 549 488 537 532 519 502 478 501 457 587 392 525 568 576 619 595 392 350 591 562 375 603 317 459 642 570 345 323 609 631 326 647 397 487 690 281 341 645 577 447 221 490 386 351 781 629 624 648 770 759 830 545 834 308 547 385 291 563 841 671 731 682 392 770 458 817 507 599 213 566 676 694 400 277 585 955 368 125 767 953 606 70 700 116 532
497 510 497 499 485 495 515 482 483 484 525 516 494 477 430 523 583 483 587 483 411 472 436 477 439 385 454 615 643 551 406 401 581 334 524 491 544 588 542 555 563 548 310 352 576 590 392 388 430 484 366 454 473 289 355 262 398 607 273 316 376 459 189 756 307 448 209 628 620 766 492 698 505 197 299 869 603 313 870 107 652 155 821 287 78 928 435 361 76 221 874 939 433 137 800 831 398 489 76 933
495 492 501 489 516 525 471 530 492 481 489 510 539 445 455 435 491 542 586 595 464 421 388 452 556 514 452 633 427 364 565 449 551 386 591 627 497 374 311 549 459 535 708 334 508 493 695 298 499 714 494 341 460 233 454 274 337 582 505 572 311 441 341 739 341 432 241 531 779 326 177 495 779 227 512 862 195 260 665 877 442 819 277 306 201 843 751 527 922 258 376 114 428 85 436 314 424 653 572 685
500 509 509 509 485 500 465 496 535 527 498 524 457 567 445 491 418 514 523 489 545 560 512 486 377 580 588 482 625 496 471 597 435 419 585 592 555 514 421 434 420 447 397 649 284 273 520 507 449 510 319 396 728 454 319 686 507 625 224 765 767 738 456 502 814 427 527 536 664 606 465 481 358 225 603 523 834 339 722 175 561 108 482 718 209 601 521 161 846 700 953 528 730 251 671 762 155 603 924 172
500 502 494 504 483 482 530 477 473 549 449 450 540 533 428 574 561 488 573 421 496 505 535 393 617 415 616 496 497 462 435 612 573 424 502 348 634 551 455 394 439 548 577 572 512 662 656 322 263 605 512 656 729 500 550 465 668 389 588 376 381 719 596 243 299 406 547 180 444 584 829 442 764 660 307 611 193 590 844 836 600 854 832 428 717 156 349 452 697 862 510 109 62 670 882 876 861 561 171 396
503 497 513 492 510 521 526 476 523 545 446 471 484 478 481 504 460 483 427 500 518 591 574 400 386 541 633 571 367 564 627 435 505 583 559 585 357 319 318 359 529 480 346 667 280 428 374 390 391 416 629 271 584 664 709 424 664 471 254 584 688 269 801 799 369 818 557 443 322 777 650 845 501 456 598 669 194 214 524 831 631 666 737 888 595 636 329 507 659 340 153 515 269 738 199 168 161 716 653 32
503 506 515 510 481 477 530 475 484 542 499 516 438 548 545 428 480 495 552 402 465 478 610 533 518 509 373 495 554 368 527 420 419 404 341 323 439 639 391 582 613 293 442 709 384 446 272 267 647 446 635 574 747 586 725 224 735 374 345 574 424 490 238 250 244 534 599 623 197 233 780 327 603 416 259 854 855 845 349 600 682 482 844 652 921 929 92 209 565 113 173 779 196 489 653 868 508 840 236 487
504 508 502 498 502 474 496 520 516 467 505 507 508 551 496 455 543 524 549 455 529 609 530 600 440 440 374 639 583 585 634 444 603 392 477 453 459 382 310 345 530 295 697 447 649 281 641 358 289 715 716 262 739 615 664 706 256 259 277 325 647 210 711 472 513 234 624 472 606 310 311 635 593 584 557 880 290 776 812 266 346 193 549 753 241 925 896 418 93 699 953 338 160 326 371 517 829 646 227 845
498 507 498 488 521 498 483 529 490 535 546 538 462 461 429 568 577 489 571 440 524 488 504 517 496 553 428 443 612 642 396 352 490 430 556 519 379 666 541 612 428 651 606 385 344 724 397 579 426 731 582 534 367 427 728 489 415 735 531 521 714 539 801 622 606 807 289 316 166 387 283 497 585 689 735 725 539 671 761 295 524 211 711 304 629 117 121 493 761 592 934 222 924 776 541 714 30 975 839 376
502 498 487 518 478 526 533 537 518 463 466 488 500 465 471 560 479 472 545 493 494 453 431 487 585 511 389 571 594 629 651 350 435 512 575 586 580 384 498 621 532 370 408 289 693 349 356 607 393 498 424 528 468 730 707 726 708 563 500 454 743 206 626 265 710 244 697 510 465 781 708 685 494 701 442 387 879 668 585 474 319 609 356 195 388 472 313 141 98 795 634 116 750 147 238 917 716 587 672 668
498 509 494 510 524 528 472 483 534 492 514 494 529 497 468 438 518 527 549 515 414 406 573 499 499 458 456 565 544 386 366 450 516 478 426 634 516 461 559 576 297 588 416 351 336 271 718 568 697 503 438 355 568 704 758 606 327 279 261 276 607 725 700 644 480 785 202 410 665 287 822 746 454 260 388 550 328 305 422 554 597 283 726 145 159 867 828 427 119 101 122 581 475 787 472 232 612 466 175 778
498 509 494 507 510 523 514 491 505 546 456 496 493 447 516 526 536 544 410 566 568 604 487 420 417 625 574 509 448 355 555 547 377 666 411 660 362 581 335 565 613 401 356 661 671 372 267 637 297 295 476 554 730 569 610 567 338 786 225 598 600 523 306 387 307 660 549 429 610 560 181 652 539 621 848 667 133 331 287 400 875 433 149 95 878 664 297 422 812 465 458 911 260 214 746 165 640 172 441 22
501 505 495 485 480 472 471 516 495 545 504 550 479 566 453 518 475 522 461 568 592 502 482 603 558 450 408 391 562 584 591 564 555 627 586 444 538 335 406 469 468 291 533 449 294 667 279 726 648 609 287 303 614 275 749 664 393 513 747 454 403 453 688 574 296 625 341 466 267 850 628 472 230 689 337 624 123 193 269 195 720 590 166 344 788 321 195 220 222 381 873 432 117 255 580 48 593 223 436 115
496 505 505 492 509 523 531 498 513 523 529 531 456 555 454 568 578 492 435 420 585 608 559 587 488 380 475 495 506 399 503 436 428 438 360 455 477 455 429 684 413 477 642 663 445 647 728 686 740 436 683 726 708 620 328 568 691 730 512 610 275 197 291 194 646 212 165 426 506 782 655 765 662 379 153 215 612 777 726 412 247 470 251 376 216 902 682 587 849 472 930 745 415 686 913 223 888 184 140 426
503 505 504 493 509 497 534 470 542 493 511 541 533 533 434 464 574 431 594 441 594 455 509 511 457 461 425 379 470 532 412 569 419 352 540 355 638 660 475 303 663 671 379 446 318 397 626 644 646 516 441 284 581 503 672 416 740 467 734 259 649 249 748 636 566 430 449 344 692 302 187 173 505 414 332 224 834 176 634 217 473 205 329 707 699 930 657 284 61 106 810 713 887 533 593 393 713 605 55 23
497 491 513 517 515 511 535 512 523 532 530 450 456 451 543 534 563 543 571 471 563 440 477 612 456 547 616 577 418 493 614 572 345 451 431 585 378 493 309 679 629 373 466 578 662 272 582 483 301 356 275 536 698 635 617 281 589 240 503 480 307 519 215 506 308 561 167 811 683 486 431 309 794 562 357 665 584 204 490 710 121 537 480 903 437 404 131 534 822 479 366 325 533 85 502 562 516 829 868 277
498 503 502 497 510 514 487 536 501 541 541 482 506 526 501 486 580 571 496 544 398 463 571 590 572 437 568 441 635 494 593 555 568 603 355 326 483 506 519 572 572 689 475 567 542 377 681 416 262 388 424 676 356 341 467 636 591 458 235 608 649 210 767 392 558 693 310 287 416 841 573 399 648 271 431 583 279 313 507 431 305 672 770 843 124 320 866 805 617 808 234 805 75 711 922 531 38 854 634 617
499 493 493 511 481 476 475 508 532 544 483 484 482 494 432 489 439 484 483 579 477 516 495 529 544 426 544 625 532 434 593 515 570 426 605 403 525 332 647 588 609 478 406 489 447 367 511 673 639 488 744 702 752 317 627 324 625 221 769 778 336 319 590 535 273 489 366 791 824 272 608 508 613 394 655 245 837 435 474 718 285 647 667 901 561 560 382 660 122 261 62 297 838 439 799 571 538 763 281 253
497 496 489 497 487 482 485 510 543 550 462 535 497 537 435 440 530 444 426 552 514 438 612 466 542 441 519 511 452 395 626 538 593 488 649 659 608 451 620 429 436 619 567 704 285 722 727 518 529 551 601 330 396 566 328 502 325 716 565 568 717 365 684 435 469 238 323 446 184 305 381 420 288 254 572 555 406 849 420 411 770 357 251 850 857 97 243 476 523 548 223 212 159 358 90 462 40 396 863 574
499 508 506 497 504 485 500 462 520 473 468 509 501 525 458 478 579 410 587 533 581 463 433 402 554 600 416 605 367 488 545 589 429 385 454 648 381 559 436 582 483 607 519 375 551 441 627 297 558 667 582 434 560 470 756 726 290 475 694 620 539 246 524 401 350 729 329 461 543 468 790 387 137 456 658 614 171 780 709 164 657 810 269 107 482 387 554 712 790 349 835 212 193 94 354 725 729 957 21 959
503 497 506 494 482 529 500 494 538 461 521 532 495 559 514 509 434 473 443 598 469 473 402 587 402 612 429 404 437 407 501 582 500 575 341 677 448 553 548 590 468 699 512 312 463 329 399 371 501 258 322 461 735 294 690 306 252 785 784 542 326 644 516 503 301 570 464 324 179 172 497 610 672 536 442 192 474 740 652 134 408 813 116 303 286 458 728 62 440 897 52 764 796 258 396 200 276 883 239 107
496 509 514 493 477 488 522 536 496 475 460 554 478 532 482 516 487 585 521 430 591 424 580 611 574 474 417 613 356 531 512 529 600 462 369 604 333 483 666 562 389 514 401 708 708 520 707 268 520 289 592 680 353 751 674 660 583 382 205 748 383 208 743 533 490 320 816 523 296 374 386 777 475 727 531 424 860 540 514 844 644 735 230 746 837 322 313 454 230 403 664 233 502 437 106 143 777 238 844 964
495 504 514 508 510 512 476 508 523 524 495 485 506 565 453 532 532 491 499 545 487 551 546 526 555 553 597 547 364 601 372 359 653 415 463 331 404 664 404 537 537 603 546 579 714 499 468 268 635 291 708 274 448 768 418 682 688 740 759 319 783 318 634 771 233 611 167 162 332 226 706 169 666 164 325 213 609 749 162 287 426 890 587 782 229 927 84 499 525 67 936 575 886 138 862 404 930 474 597 932
495 506 514 511 510 489 519 512 519 487 518 525 510 493 466 536 482 484 419 501 548 401 498 387 479 425 580 366 556 550 401 499 647 610 407 592 684 548 541 602 433 482 383 621 602 304 269 264 727 350 690 719 583 424 359 529 365 210 231 432 199 192 654 650 199 762 382 323 351 609 298 709 173 833 567 555 275 675 794 432 821 718 425 497 237 350 548 176 697 782 278 532 748 685 830 154 113 252 627 837
501 491 500 494 511 490 484 460 536 508 504 502 554 510 537 546 497 508 469 480 514 570 557 541 377 530 459 599 540 555 603 382 648 502 658 557 490 430 379 460 395 606 622 449 675 296 386 301 539 304 746 685 592 556 547 522 344 725 685 462 774 370 732 283 783 403 471 761 257 240 228 322 270 319 311 833 876 296 660 737 478 418 909 468 604 491 302 378 812 174 832 63 957 854 467 780 706 488 710 364
496 498 501 518 497 484 497 523 518 546 544 529 488 536 434 492 562 524 485 549 584 598 435 544 566 370 534 482 441 635 567 370 357 357 428 555 516 381 414 320 570 470 532 691 690 425 529 285 738 350 487 652 347 234 612 261 694 212 726 726 461 368 597 784 800 371 535 161 568 682 288 780 278 177 135 706 300 743 597 572 597 679 694 633 112 156 895 775 130 83 345 712 809 617 561 736 477 189 539 865
495 500 496 505 477 511 497 483 475 525 502 484 546 496 529 551 515 482 487 445 538 600 505 453 574 486 573 598 540 366 622 416 340 360 424 345 678 340 459 368 317 422 705 308 596 673 596 343 278 481 646 744 466 673 659 669 613 520 619 320 690 429 813 484 418 382 586 367 163 585 309 623 176 868 336 553 276 705 120 688 268 183 665 151 267 534 819 232 594 170 767 940 670 136 882 957 481 416 42 954
502 493 499 485 494 516 472 482 488 510 456 502 546 455 567 499 452 471 559 567 598 586 559 385 441 605 536 395 400 407 505 447 644 540 357 569 333 357 442 309 397 630 387 420 720 624 411 459 612 577 309 587 271 286 303 573 737 559 379 596 266 446 592 514 359 309 389 312 438 295 641 378 736 349 537 284 874 545 837 378 898 633 553 514 819 899 795 61 325 718 607 770 185 338 453 679 330 706 136 724
499 499 503 504 482 507 533 461 507 512 550 559 452 531 469 468 448 542 588 590 443 582 507 537 531 620 517 460 468 459 352 476 599 384 493 399 491 441 371 636 367 336 561 698 405 486 567 599 356 280 515 279 568 687 305 705 575 569 318 311 410 335 196 681 303 673 540 532 571 365 809 187 254 441 569 405 141 137 463 247 572 673 122 350 613 315 197 747 647 846 748 530 324 851 831 619 384 167 383 128
497 505 487 506 510 477 505 508 467 508 528 520 473 479 497 546 582 584 470 469 458 471 534 529 469 528 435 519 595 560 469 617 399 646 609 449 318 502 611 496 490 604 580 348 348 468 275 296 307 575 592 392 623 399 296 323 399 390 434 632 404 718 329 712 375 357 516 323 258 815 678 835 408 716 323 597 182 113 678 851 600 129 236 173 210 807 916 260 886 98 735 376 170 163 223 374 278 981 830 905
504 492 494 491 487 519 502 532 492 537 453 499 564 469 473 551 473 448 561 412 407 413 458 606 497 543 509 594 411 350 556 613 360 468 478 364 318 432 500 426 408 560 577 653 712 463 695 596 331 352 416 596 713 424 758 381 426 485 629 412 381 569 552 528 426 463 811 198 584 738 260 349 237 814 726 564 348 862 236 893 229 270 894 842 309 144 278 923 866 548 876 503 470 683 222 414 922 227 634 696
500 500 494 481 485 527 526 494 514 485 506 470 448 492 427 523 472 483 499 598 574 566 452 509 565 604 494 381 403 357 381 632 606 444 364 556 441 452 316 332 484 395 651 355 379 467 283 364 694 474 278 388 499 447 696 326 237 276 392 397 311 534 669 487 435 542 420 828 762 565 577 541 505 824 264 369 224 616 695 871 870 860 601 878 311 551 572 415 812 641 495 131 753 547 145 368 525 846 547 308
504 499 512 517 482 503 519 514 497 539 520 459 461 440 485 464 434 481 552 467 397 551 560 612 445 558 541 400 458 351 469 436 628 363 482 524 415 385 434 512 623 584 709 301 537 357 688 317 485 667 537 699 559 261 701 531 587 449 329 789 702 591 443 573 454 473 461 182 473 793 774 308 363 377 191 586 818 260 644 144 145 476 166 440 610 807 269 512 675 540 519 112 471 708 815 476 545 694 844 691
497 495 501 511 480 505 492 486 526 463 466 547 522 530 450 470 458 437 456 417 513 538 551 601 587 396 421 480 469 384 598 371 449 542 405 619 608 513 337 381 423 479 493 712 599 270 442 583 291 570 510 647 283 633 414 771 471 372 256 284 680 414 688 624 494 583 172 784 201 179 416 716 332 811 822 407 193 754 765 687 431 291 417 188 437 397 725 754 265 745 777 114 922 436 835 860 527 729 976 7
498 505 487 496 482 521 472 498 524 490 554 488 505 476 522 509 522 463 482 462 529 429 539 386 473 554 467 624 535 427 448 516 502 595 345 666 542 526 347 318 342 430 612 655 399 620 309 411 373 284 711 530 337 296 621 280 311 743 790 204 613 481 253 384 661 176 448 296 454 469 492 822 416 424 343 846 691 723 769 443 777 193 812 605 579 814 540 249 369 744 454 47 152 922 791 185 451 16 438 336
504 501 501 516 499 518 494 514 501 451 497 555 503 525 480 463 471 459 451 442 519 458 611 591 437 525 537 472 403 371 417 503 383 503 665 648 560 687 442 571 569 490 351 568 281 516 686 737 367 696 382 553 364 539 423 718 470 533 284 234 306 634 309 435 392 183 511 484 585 644 657 408 748 776 265 297 303 208 683 868 749 304 830 271 210 475 518 171 602 512 311 251 48 87 25 204 314 91 295 423
497 502 504 518 525 487 524 532 538 474 552 553 492 567 441 545 574 487 429 433 464 531 505 488 508 595 381 436 576 638 353 509 642 604 351 403 680 622 665 610 356 535 658 713 380 528 286 706 288 525 660 352 751 337 421 246 610 675 605 610 347 197 340 510 601 533 519 723 594 458 564 458 740 849 857 211 517 810 741 552 891 456 457 178 383 275 654 660 90 911 421 537 364 901 372 348 97 340 442 917
500 499 498 516 484 474 514 519 489 546 474 542 529 474 568 521 584 466 472 556 481 578 598 576 563 405 628 460 559 517 524 413 373 582 356 535 628 659 481 479 370 636 376 453 635 279 582 515 701 697 315 594 261 276 294 488 384 403 339 275 206 533 622 306 332 240 649 176 499 648 615 309 348 658 620 176 537 505 293 761 259 200 544 846 780 107 295 246 491 791 147 608 157 320 122 873 284 28 88 381
503 502 492 483 496 472 496 501 491 542 523 487 500 513 567 535 460 412 486 539 469 409 564 426 525 494 452 393 610 402 511 624 602 628 543 501 343 364 464 378 589 582 682 320 489 628 528 481 431 381 338 283 545 618 681 409 621 396 310 462 485 631 441 419 687 714 558 570 555 323 551 605 743 549 388 268 243 871 742 787 851 377 403 893 287 377 734 680 394 396 784 430 447 124 520 816 813 448 705 902
