496 502 489 506 501 490 496 460 477 501 527 495 556 433 426 463 500 525 410 474 494 497 406 380 579 459 518 460 370 434 539 468 465 384 337 550 361 423 317 379 550 644 289 392 460 370 334 682 327 623 491 564 354 365 721 545 745 364 413 649 725 627 327 731 396 749 614 759 277 507 267 700 199 172 623 606 388 329 520 685 182 211 170 752 723 838 880 102 636 718 926 887 179 160 710 366 764 459 544 543
500 496 487 507 479 514 478 460 494 540 550 512 494 522 457 561 428 543 540 424 505 531 398 421 494 600 615 421 451 505 360 340 411 447 428 615 683 359 528 310 337 333 315 375 603 477 313 473 388 363 446 658 625 366 554 527 412 662 529 562 718 205 787 705 284 228 685 357 182 751 853 513 627 335 349 441 384 187 880 366 310 625 110 455 83 284 712 80 945 671 163 600 834 232 446 219 475 524 645 976
497 500 504 520 477 479 506 499 484 455 507 491 476 509 471 562 473 540 479 436 405 586 530 454 612 617 558 501 542 565 404 430 589 613 404 369 539 421 600 383 406 593 347 607 326 714 490 634 650 741 470 676 580 246 336 754 745 346 766 522 449 256 788 748 228 788 388 568 241 170 690 420 192 316 588 443 391 429 280 374 174 125 542 731 832 439 482 411 806 598 409 440 671 621 458 492 490 588 195 992
496 492 492 484 487 518 521 502 507 486 549 512 536 509 538 488 476 489 464 410 417 491 502 512 457 489 428 433 549 382 583 533 568 406 620 589 481 521 573 688 515 582 312 692 316 606 351 316 669 680 722 410 648 364 548 730 486 720 283 497 766 328 348 322 203 222 408 822 281 268 583 648 826 232 672 442 564 789 320 411 640 663 730 266 790 138 333 481 750 58 703 758 604 485 664 839 790 566 137 696
504 498 512 520 481 516 513 504 489 489 454 464 540 551 529 430 576 506 546 489 579 484 586 564 490 610 574 444 587 580 650 547 615 599 616 440 685 508 416 497 682 659 627 494 473 340 661 452 549 415 278 297 560 393 584 627 491 228 739 600 221 809 493 774 814 387 750 802 747 283 387 732 247 539 867 812 203 499 745 449 486 388 193 545 544 781 764 716 160 736 97 783 587 382 708 775 895 525 584 350
499 506 493 517 486 474 500 497 478 490 517 532 496 476 570 575 563 447 416 424 570 605 572 448 528 562 382 556 370 518 527 396 581 363 410 560 432 644 510 473 608 571 677 475 472 520 539 408 518 551 644 446 498 306 565 473 392 562 542 320 310 623 610 586 536 638 346 660 461 450 541 307 772 458 825 221 272 602 515 130 675 381 611 614 573 73 409 686 382 653 186 490 464 813 588 463 338 423 100 201
504 509 495 485 518 508 494 507 514 517 496 541 499 522 498 549 515 578 504 569 396 601 535 605 492 401 403 604 564 489 426 536 624 551 401 368 563 458 435 687 433 497 524 671 653 392 348 349 740 303 319 458 452 237 539 675 526 749 248 635 595 193 457 225 475 413 491 697 650 532 280 659 660 646 746 124 287 607 808 818 542 157 115 735 165 445 635 887 769 57 877 829 257 702 160 191 395 203 317 537
503 496 505 480 490 475 467 520 532 495 504 491 448 479 460 532 547 559 517 492 559 498 385 567 518 450 628 500 506 359 649 593 500 375 529 434 630 428 623 494 581 662 394 284 461 488 441 439 644 686 337 350 381 476 226 589 302 294 776 592 493 549 779 555 754 562 828 314 595 221 323 705 464 483 433 161 790 199 519 540 123 882 622 572 882 579 896 496 912 671 610 482 170 834 840 451 167 559 114 803
496 502 487 505 486 510 535 528 472 512 507 512 554 560 518 497 513 443 491 401 442 567 596 387 439 537 419 607 590 528 386 539 353 546 516 320 581 627 471 658 671 708 495 647 465 573 422 684 426 271 514 393 298 441 572 762 378 696 444 501 292 449 808 564 737 523 777 188 261 740 484 315 815 704 558 769 369 318 644 575 386 551 485 634 806 729 804 664 58 161 357 810 375 185 671 203 697 261 929 16
504 498 511 513 475 513 519 508 526 467 552 478 510 511 500 562 489 552 521 511 402 516 442 560 590 437 512 446 533 512 540 369 581 333 666 512 366 548 344 466 678 535 700 398 307 545 284 370 599 376 410 733 244 494 595 340 303 444 585 680 480 385 755 422 665 526 347 429 436 734 377 263 227 554 339 267 365 623 372 830 147 319 913 831 225 239 105 223 181 746 846 688 552 447 871 561 802 605 697 43
505 502 493 515 482 477 533 499 460 511 498 514 478 490 541 459 518 486 430 440 567 401 602 446 536 376 543 388 427 386 463 486 662 511 600 340 595 310 458 659 337 297 433 600 467 484 545 733 295 324 369 642 748 750 250 751 614 235 227 575 455 252 582 759 201 370 765 609 744 688 754 433 280 258 311 471 621 860 417 428 727 842 134 368 907 191 392 651 925 504 115 752 378 664 544 807 198 341 771 838
496 507 507 504 516 488 489 534 487 462 477 556 546 435 467 507 533 571 548 510 585 467 518 494 479 398 480 618 511 438 509 475 373 516 630 472 646 476 555 410 442 433 551 710 512 305 494 364 423 660 385 240 472 642 365 624 756 569 703 596 459 330 677 588 435 727 528 681 625 704 269 602 292 562 584 507 276 400 413 565 305 120 432 759 901 811 477 90 227 421 340 488 831 845 191 603 391 373 851 534
496 494 514 507 516 470 465 486 497 523 486 557 538 566 452 564 560 515 423 459 547 495 552 463 376 452 503 470 441 520 559 600 442 426 368 503 354 455 479 687 383 569 546 390 639 566 310 619 568 561 678 300 254 602 678 498 255 697 500 383 652 790 437 725 225 535 344 797 234 427 776 261 368 159 595 732 810 173 185 467 483 426 625 545 690 657 933 129 778 211 750 736 222 117 754 670 186 315 115 512
497 494 485 499 490 519 471 471 519 454 487 464 480 542 474 478 447 535 554 484 422 536 465 469 475 462 603 454 499 484 515 613 661 523 671 628 677 393 431 688 309 706 441 423 611 565 684 579 426 301 391 737 546 618 766 491 402 562 438 609 753 808 201 770 289 777 449 493 203 557 663 389 851 685 178 444 604 170 272 102 322 710 227 390 641 206 680 738 417 561 663 523 270 463 816 489 287 251 215 137
504 502 486 516 509 495 505 539 525 546 535 539 515 546 438 514 447 450 430 413 493 423 429 469 531 395 497 483 574 576 480 353 531 651 496 384 655 319 657 449 456 557 400 713 696 272 437 459 688 653 434 668 293 610 588 482 494 552 280 746 354 692 221 227 276 337 223 618 451 728 825 459 755 349 278 405 722 660 545 300 136 238 914 558 180 756 394 496 85 202 745 417 908 845 774 792 676 745 744 175
503 494 489 489 509 502 469 523 537 483 515 461 531 514 554 455 443 501 527 588 489 395 497 502 479 538 626 447 589 443 540 647 379 389 646 645 524 610 526 391 605 422 439 519 697 443 326 470 559 621 615 416 499 635 603 720 522 522 617 359 645 222 440 593 443 433 176 174 445 788 693 816 269 222 544 739 277 804 428 789 302 186 853 915 591 594 673 188 941 942 287 519 327 201 520 45 643 89 439 118
505 500 505 502 476 512 494 482 480 531 481 509 515 522 504 535 428 557 510 542 423 467 594 462 386 407 507 569 397 593 478 640 618 516 396 457 629 522 501 585 700 526 651 706 664 537 400 321 616 465 414 323 450 699 490 558 427 540 560 663 585 410 575 573 503 759 478 652 743 598 541 359 681 471 154 444 885 163 778 210 228 831 179 100 116 749 164 421 723 542 707 669 433 393 116 453 683 562 257 795
503 494 498 486 475 506 469 513 519 510 483 532 549 505 467 428 563 411 480 574 466 555 475 530 428 504 563 594 552 460 408 622 415 471 506 555 560 421 650 375 411 296 574 582 556 275 590 509 686 437 468 429 385 493 387 681 268 757 541 690 270 429 630 182 467 224 325 339 637 677 575 845 513 310 623 386 794 684 327 596 454 482 870 739 720 382 421 611 503 105 349 946 666 832 574 168 705 979 528 217
505 500 486 491 502 501 495 486 515 450 542 461 561 495 532 513 457 475 496 406 558 484 556 529 459 468 569 410 587 465 456 604 493 601 453 436 605 508 458 430 390 488 466 477 694 417 734 721 591 463 304 672 754 352 430 626 721 642 546 776 654 337 299 565 298 349 475 304 210 221 697 605 843 636 727 683 202 688 465 134 574 691 238 385 154 487 478 243 929 577 349 308 198 882 615 949 791 257 41 655
496 505 488 492 497 523 483 499 482 474 466 463 452 552 460 572 510 504 443 585 456 401 543 435 571 418 589 415 645 354 494 419 648 427 373 472 338 457 391 309 493 355 549 382 460 486 640 356 359 542 273 257 533 452 632 534 345 783 501 613 397 599 574 380 189 655 646 410 653 540 432 329 150 841 825 736 142 753 730 529 645 280 553 730 255 182 477 261 281 900 847 757 879 280 161 349 349 294 189 49
496 498 493 493 521 508 494 527 457 495 545 487 545 563 570 544 542 543 427 572 510 577 558 421 531 530 629 611 433 498 508 563 524 436 462 436 345 488 655 678 481 648 471 678 643 292 433 270 434 516 307 394 413 475 338 238 255 459 668 522 293 219 800 812 388 449 604 582 762 521 238 170 185 665 427 626 409 522 111 381 730 471 373 370 648 496 131 525 104 404 851 695 457 943 196 634 150 76 850 379
499 510 485 487 511 500 488 477 518 519 544 543 455 475 528 516 416 448 591 542 438 433 435 524 567 613 382 378 639 569 589 636 589 595 450 432 478 310 355 540 662 355 378 501 440 341 627 262 735 637 319 558 393 320 235 331 469 342 757 276 374 743 320 714 178 279 191 640 281 215 650 454 807 647 143 308 247 771 870 152 257 838 132 456 674 725 708 539 200 872 227 656 307 784 454 749 698 673 974 700
500 503 512 490 508 491 493 526 517 507 489 468 512 468 491 456 442 551 501 550 576 578 578 435 622 538 525 514 443 561 640 618 538 516 598 334 332 545 549 619 459 496 393 299 686 571 340 325 545 443 727 285 728 301 560 446 562 411 648 443 354 505 661 693 810 788 516 350 162 311 848 396 326 456 288 844 722 332 831 703 543 869 414 310 365 613 230 813 220 607 467 711 623 213 425 115 441 722 35 808
504 510 499 517 487 504 501 479 502 482 507 469 459 567 568 488 561 464 563 503 465 485 402 493 600 524 436 419 478 642 581 478 543 656 367 448 639 549 447 683 528 622 691 472 514 516 411 429 317 703 460 505 569 567 232 544 333 233 332 341 736 588 557 445 290 547 706 416 184 713 536 474 405 402 558 142 774 325 167 734 401 685 657 361 811 850 166 371 645 162 377 380 124 565 806 190 200 214 877 811
503 504 502 516 496 515 525 490 481 527 543 544 468 566 531 467 482 468 518 571 444 525 576 518 568 587 553 521 417 557 633 579 375 333 432 405 519 385 521 646 430 309 576 590 645 536 568 604 267 682 436 589 557 541 771 775 329 667 552 544 505 367 565 812 308 523 529 509 247 352 582 818 733 518 461 145 352 633 513 504 672 472 142 879 92 510 856 839 478 844 864 654 942 192 871 45 830 678 213 3
505 500 491 518 500 522 478 484 458 471 466 544 465 569 574 566 548 494 485 418 578 602 393 473 460 455 547 468 623 552 418 647 394 480 385 528 610 673 414 690 382 528 519 545 588 359 504 521 681 469 637 545 661 426 249 530 503 315 553 248 552 532 725 189 787 281 556 603 484 521 278 375 428 486 864 264 467 454 704 832 800 757 380 612 613 280 855 318 625 194 611 608 159 806 447 43 450 217 673 31
497 497 509 501 482 529 516 515 531 512 518 488 549 507 535 561 487 514 430 528 473 419 417 548 436 529 536 500 434 641 403 568 425 499 579 352 645 500 473 499 308 319 690 482 558 682 719 675 460 373 424 306 348 412 450 478 662 486 352 328 223 785 563 206 692 774 467 804 678 688 379 226 460 260 414 184 451 164 581 664 256 121 766 810 124 581 806 473 650 724 829 438 917 901 283 262 366 368 615 242
502 501 500 520 478 528 530 501 517 487 448 481 465 468 469 477 492 558 577 493 523 394 463 394 592 507 542 462 502 633 626 375 438 444 531 474 466 390 484 548 612 495 343 556 604 358 327 410 727 702 399 250 288 480 576 465 592 587 560 720 240 597 726 750 233 788 260 195 190 749 575 303 421 240 433 335 702 709 684 657 176 743 604 261 823 679 532 864 160 944 240 617 689 950 427 718 79 978 231 979
500 509 495 504 525 493 465 516 539 472 518 510 464 493 453 465 468 453 482 420 408 485 509 463 521 468 369 632 582 598 467 397 486 478 439 604 412 568 373 579 602 526 524 605 398 447 593 381 385 528 697 549 266 437 615 358 560 409 578 354 745 585 719 725 360 720 629 394 711 702 463 531 665 759 714 817 751 399 673 853 162 154 487 184 246 544 790 151 579 357 580 614 500 685 175 146 777 213 700 242
497 491 507 500 475 499 531 467 517 519 460 544 540 462 522 518 544 579 515 514 494 501 410 512 552 587 500 592 515 413 480 449 513 626 502 358 453 634 375 483 519 379 310 458 357 434 304 508 361 625 600 721 424 475 270 748 324 321 537 509 668 333 451 300 292 585 365 673 811 439 236 759 658 276 229 498 628 617 763 704 333 772 796 267 373 298 891 391 353 507 189 959 96 336 896 599 566 914 714 346
499 504 498 502 515 470 523 476 466 526 504 536 478 477 485 547 522 541 443 456 432 473 463 590 450 581 462 393 634 595 483 568 458 342 344 369 415 366 381 446 400 348 524 497 471 601 401 268 488 492 250 603 643 380 648 546 524 343 619 776 404 794 536 774 525 592 554 812 186 801 671 179 692 574 605 369 653 140 128 530 902 302 217 294 400 495 790 153 707 202 204 905 54 41 458 514 425 873 524 17
505 493 506 506 485 489 473 480 499 486 466 559 537 538 503 436 582 486 493 512 587 461 498 404 411 574 442 578 523 637 582 459 391 383 444 518 324 553 403 311 337 408 312 597 404 656 730 305 656 696 486 362 514 336 271 454 254 728 468 387 615 239 465 253 283 246 661 252 786 248 468 769 453 683 315 755 168 414 452 698 128 437 110 755 717 443 762 792 692 796 883 824 612 682 840 486 210 398 389 777
497 504 510 498 499 470 534 504 480 499 535 525 545 513 461 455 456 538 524 486 540 511 489 419 546 494 433 591 492 397 488 348 393 465 520 658 449 666 361 465 543 394 314 456 616 288 539 647 735 355 367 557 429 768 773 570 746 283 617 727 475 307 726 618 673 413 535 744 695 679 294 242 284 711 346 828 569 771 833 408 277 721 880 123 814 179 407 488 705 802 216 318 40 139 530 212 113 520 82 621
495 501 514 491 515 485 512 484 459 516 472 457 505 440 488 568 571 435 539 529 592 412 524 554 401 420 574 549 494 514 363 574 626 508 614 553 339 600 626 699 473 319 503 651 496 318 366 344 257 609 684 508 566 531 658 559 309 639 535 514 664 206 753 188 533 777 445 571 352 334 680 250 294 609 676 721 330 731 488 526 770 798 909 649 617 452 295 762 535 184 812 452 563 258 185 50 39 800 630 153
498 491 509 482 477 518 504 462 543 480 496 473 493 449 523 449 461 410 563 480 520 579 600 606 529 446 482 495 358 500 556 621 466 475 358 364 337 410 555 599 493 659 379 286 406 660 470 722 297 288 540 255 460 409 289 666 720 345 241 747 265 273 650 782 821 509 394 318 608 395 289 149 350 664 675 322 317 656 622 523 533 864 454 375 692 73 470 442 473 426 48 847 637 761 796 157 827 96 448 233
502 501 490 514 515 494 488 489 500 463 469 504 526 467 442 518 461 468 456 451 438 507 420 423 559 529 569 530 593 616 451 345 483 350 645 671 400 606 468 486 509 669 588 666 324 649 658 403 504 440 484 537 308 682 490 617 328 427 662 501 486 720 294 394 190 591 267 604 795 159 746 449 844 290 749 134 244 294 400 559 404 237 900 729 491 534 635 803 467 821 563 783 493 662 186 182 601 508 581 46
502 500 513 484 493 494 527 471 496 541 478 492 439 528 493 439 488 569 524 420 428 527 534 414 518 595 503 437 511 569 418 459 648 529 590 601 327 618 421 333 660 499 354 708 541 514 398 391 395 721 326 662 315 653 313 538 459 452 613 761 796 640 287 377 581 829 683 317 261 485 203 488 443 553 391 574 207 730 273 298 221 529 290 191 465 161 219 220 904 914 666 304 345 655 798 234 159 338 413 485
500 500 489 518 519 470 501 514 467 526 447 464 463 492 466 460 432 451 425 419 514 533 463 466 403 431 381 417 628 576 491 487 654 338 611 355 560 327 567 468 622 428 313 699 519 438 730 407 550 609 704 621 472 492 399 265 404 296 620 295 606 213 412 633 592 654 211 760 616 635 826 601 464 171 783 632 810 680 269 158 272 209 234 664 443 903 736 685 600 765 309 400 207 357 390 880 591 518 36 894
503 509 500 480 524 522 525 520 510 499 455 552 449 546 531 564 475 573 588 540 481 513 439 543 591 538 486 564 498 551 508 653 520 456 328 665 624 360 336 408 314 535 630 583 696 651 650 679 687 338 503 641 702 645 552 484 362 356 622 474 395 810 625 675 448 402 318 604 314 653 482 430 553 578 345 141 837 785 208 811 689 246 555 299 810 529 571 685 275 118 402 660 938 417 406 826 903 716 91 872
501 504 514 480 519 519 512 487 517 503 485 491 445 482 460 480 545 422 445 408 477 470 488 410 380 578 371 363 477 358 443 653 376 368 345 356 362 594 428 601 656 568 552 484 614 722 579 434 283 649 581 748 757 310 331 432 700 317 673 482 415 538 748 767 213 578 247 277 447 776 579 212 862 494 852 157 595 388 117 341 873 160 132 525 740 828 371 623 738 522 159 892 314 419 476 942 434 864 98 324
504 510 487 482 482 499 483 522 484 527 469 498 524 519 453 460 460 583 546 579 426 526 514 463 509 595 440 369 606 600 402 445 648 532 330 661 605 617 541 588 307 611 429 429 400 415 526 668 286 448 414 489 725 721 417 771 500 528 217 497 510 348 458 406 744 673 207 233 732 393 188 844 582 410 171 848 526 361 753 700 252 568 120 787 668 313 472 584 215 68 87 627 193 734 835 943 707 588 354 195
499 508 498 513 498 501 477 482 539 483 543 530 488 502 511 434 428 550 592 461 566 489 610 472 608 371 612 514 408 405 421 400 502 530 592 334 566 315 539 590 677 518 386 554 648 444 367 563 467 519 436 574 541 708 767 710 421 489 230 639 454 318 295 765 302 194 655 342 764 826 687 421 814 283 529 506 289 569 764 767 110 651 395 343 910 884 165 564 682 438 903 698 544 762 630 699 118 806 354 841
505 508 515 501 516 510 534 477 536 510 535 520 465 495 446 491 447 549 551 491 448 441 609 521 379 521 553 444 576 403 426 509 541 534 458 546 640 466 546 416 628 326 296 302 606 415 546 407 691 607 737 513 442 424 410 395 768 473 542 531 775 507 554 777 501 729 683 397 462 456 671 598 622 777 596 680 874 846 215 709 588 142 225 304 566 707 507 878 187 912 694 130 855 498 413 748 386 987 277 325
495 503 510 488 522 492 533 527 506 501 555 552 443 444 508 479 517 468 418 477 459 513 454 615 615 610 487 530 389 604 366 507 557 574 511 388 561 657 632 409 517 337 535 430 575 399 559 662 659 677 673 589 662 453 285 506 540 519 238 637 240 628 647 227 285 514 225 707 400 183 455 807 676 328 781 691 451 523 367 772 304 107 210 520 619 691 931 795 801 452 48 614 730 359 953 674 406 650 32 755
499 501 487 498 519 481 527 530 538 546 506 522 462 462 476 459 486 555 512 594 470 585 572 579 502 410 436 401 537 511 555 645 347 523 325 362 619 510 530 431 402 609 687 563 577 489 643 597 533 488 348 557 254 237 548 483 573 513 257 732 534 280 779 529 375 383 565 678 401 377 618 260 820 771 604 832 491 488 792 855 398 797 762 910 298 132 809 259 251 824 955 247 929 303 149 715 384 597 858 63
503 508 506 486 522 476 487 507 510 489 538 532 504 497 469 580 446 478 512 558 535 477 392 596 401 499 513 494 567 519 572 533 501 623 482 365 565 532 341 610 409 438 487 655 530 591 544 568 295 447 505 387 550 767 455 674 724 514 729 686 357 693 187 596 797 744 474 532 665 749 536 788 453 398 614 252 572 350 244 338 243 353 866 883 843 211 767 384 312 183 463 564 517 509 581 518 41 544 422 222
505 506 510 492 521 486 487 501 505 521 445 528 472 473 572 534 483 457 580 527 418 608 402 467 481 623 613 392 411 644 570 481 591 470 446 624 651 469 378 580 308 297 645 617 716 551 610 469 658 711 505 528 696 708 758 329 378 712 744 355 786 274 223 526 575 260 272 307 441 793 310 599 512 586 290 492 493 660 135 333 805 603 415 750 438 518 540 345 69 803 336 198 871 625 336 587 917 844 62 628
503 491 499 492 518 474 474 529 537 482 506 455 560 474 566 515 544 464 406 520 460 513 522 411 537 552 469 445 379 584 574 420 426 435 429 653 577 648 595 625 615 498 529 341 397 529 624 286 659 680 358 245 709 347 332 446 773 386 356 414 647 290 742 653 294 403 811 371 348 232 559 406 861 365 754 416 437 742 142 505 514 330 516 757 570 786 307 71 460 240 699 150 373 571 258 877 590 845 408 971
501 509 493 499 492 525 512 495 521 453 498 536 436 440 565 456 435 421 426 419 489 523 569 449 561 530 491 451 640 471 492 628 425 412 641 487 562 645 668 628 640 673 673 433 581 496 665 459 477 556 310 479 490 486 598 481 543 235 402 269 788 718 574 572 639 494 191 783 708 643 174 699 377 130 237 480 496 646 852 324 422 531 691 911 422 713 239 928 894 392 299 396 742 722 616 253 836 422 682 850
505 490 504 501 524 497 484 466 503 520 538 559 535 543 562 438 518 514 432 485 544 520 565 391 395 533 443 540 419 351 495 607 522 518 667 598 488 662 365 398 406 663 524 709 582 374 698 740 346 349 416 422 585 439 262 711 472 251 558 544 716 191 365 685 517 510 338 398 200 840 213 251 640 426 251 144 790 250 790 551 462 404 709 489 733 300 740 625 804 341 549 188 744 834 419 960 555 496 779 42
496 501 506 483 523 492 502 526 481 540 512 505 553 433 474 425 503 499 537 583 451 560 558 577 507 533 385 405 621 372 467 466 418 594 632 462 621 478 337 382 445 425 541 616 335 471 353 366 684 547 503 651 476 366 748 305 342 700 519 221 721 665 801 511 676 657 408 601 634 530 724 488 478 513 244 333 177 521 584 162 517 518 734 92 585 563 539 349 232 181 142 320 638 364 640 242 820 27 299 361
497 490 511 505 510 515 500 540 545 503 550 538 516 508 449 534 445 477 475 588 412 407 487 490 389 493 526 564 619 597 523 548 409 592 432 399 508 579 600 602 642 425 679 623 697 322 296 504 600 528 631 301 686 355 476 603 737 416 715 611 288 250 437 461 195 252 821 523 288 313 629 206 768 808 836 155 629 334 344 836 679 568 448 354 417 774 380 310 920 80 334 90 922 72 727 43 981 406 130 655
504 504 495 500 482 503 526 517 506 539 470 441 515 517 544 548 565 469 488 532 566 447 456 585 490 480 422 487 591 607 437 578 371 631 359 460 339 505 454 419 417 401 620 377 325 461 543 353 451 257 555 586 299 662 343 448 466 465 241 467 538 225 212 311 187 528 801 189 545 638 787 502 678 849 555 128 411 225 833 862 703 460 564 557 405 477 642 660 798 433 823 715 716 795 597 631 171 634 252 227
495 502 492 500 521 483 524 510 487 489 460 520 509 500 533 536 547 446 548 484 440 417 568 416 479 423 559 578 530 431 644 629 551 635 625 347 364 421 469 563 460 404 491 384 592 594 666 532 267 616 419 607 368 336 609 617 266 776 572 735 592 492 396 355 650 356 177 390 571 736 487 349 457 407 387 171 276 322 392 101 398 579 351 545 644 821 399 836 616 129 404 778 388 855 80 508 975 793 28 932
500 494 485 491 479 519 517 494 518 471 533 477 503 496 484 490 472 456 525 471 435 535 545 618 566 605 480 402 514 409 654 551 365 352 581 461 324 676 680 558 420 651 402 602 354 696 596 322 465 440 426 256 484 564 690 569 457 740 323 606 489 610 601 413 729 812 177 801 565 421 855 580 721 425 188 254 341 621 870 817 231 687 514 689 103 432 418 315 507 622 370 907 543 78 794 807 599 518 448 839
496 510 495 513 520 474 501 511 516 455 531 470 512 452 466 550 551 584 487 492 570 470 611 381 392 392 390 416 434 431 429 406 356 618 666 547 495 611 679 490 596 542 407 408 631 392 554 338 453 676 312 538 586 526 710 361 604 387 398 772 593 521 718 758 446 525 666 217 274 186 154 413 157 485 183 602 570 487 286 496 110 131 669 175 254 658 856 99 492 783 768 45 659 410 800 438 852 653 309 873
500 504 505 500 509 491 516 507 480 474 540 511 457 567 499 449 432 578 557 406 518 580 531 461 517 496 532 460 429 350 425 440 592 655 359 467 648 424 501 433 672 368 654 288 492 413 572 296 424 473 314 372 613 587 493 396 688 750 764 672 511 624 222 595 681 475 220 431 641 517 604 628 806 773 618 546 563 453 153 609 312 683 826 396 309 452 659 642 464 861 62 174 846 612 839 980 752 966 117 970
501 507 505 495 524 477 499 501 513 459 527 483 508 511 506 530 564 447 442 546 426 556 551 601 455 533 449 586 507 446 454 554 486 425 647 532 583 642 313 468 612 432 667 470 299 294 707 525 325 262 378 618 651 304 654 718 570 309 497 593 333 466 470 586 437 743 285 425 155 303 149 540 772 509 703 306 607 553 547 503 175 847 720 131 623 602 727 435 523 268 75 319 369 962 693 173 963 415 53 423
496 490 502 520 506 476 530 474 490 547 464 471 534 525 445 489 427 464 410 508 455 438 605 605 539 447 599 573 619 619 492 414 431 577 426 480 343 374 494 545 326 310 531 329 712 423 612 550 659 529 481 588 285 459 251 763 719 274 632 644 622 569 767 799 717 582 736 405 528 653 420 579 477 646 387 195 521 354 715 159 652 804 643 594 149 839 300 205 570 870 826 922 862 73 74 566 847 931 749 502
496 498 492 498 493 509 483 499 526 540 462 510 490 543 473 455 459 440 431 529 473 443 482 432 391 606 584 451 573 384 350 417 370 490 635 333 477 378 671 377 678 653 542 309 492 670 716 296 647 256 713 677 569 687 482 259 224 691 267 741 331 643 544 192 291 409 365 821 582 797 402 323 362 281 565 622 775 592 323 409 905 143 143 379 261 641 337 76 708 759 480 462 504 346 376 413 699 10 799 206
496 492 505 493 503 515 482 508 487 509 534 452 482 463 553 541 495 442 432 446 506 572 474 443 612 630 502 463 360 359 547 551 656 489 440 534 623 320 454 619 481 654 307 387 472 424 423 607 302 379 592 558 698 430 329 302 543 311 560 220 459 544 200 720 222 711 441 643 687 504 527 801 501 712 170 734 693 207 845 222 867 153 883 783 345 328 777 573 632 674 793 767 866 709 666 617 420 599 506 334
495 495 491 517 503 489 513 527 525 457 551 507 541 473 529 471 471 460 538 589 436 548 576 570 454 426 379 379 394 558 543 404 584 338 555 536 491 509 488 637 508 372 630 363 462 278 487 282 685 643 547 320 682 447 328 585 473 418 278 462 722 283 671 777 650 499 423 740 529 676 812 258 858 694 737 663 352 334 798 694 498 716 809 612 584 560 721 834 813 375 378 722 401 737 714 263 298 544 442 451
501 502 514 482 493 511 528 470 524 456 463 519 523 458 514 435 502 423 511 537 419 599 434 591 455 414 511 385 582 591 482 479 653 360 433 661 625 403 543 622 694 477 349 526 541 540 652 491 476 428 347 468 572 726 422 495 354 534 363 362 798 356 611 207 249 420 805 456 632 762 478 386 754 514 166 839 253 538 579 548 795 904 371 522 494 213 717 625 430 638 668 624 767 704 427 624 465 971 248 799
505 502 503 483 508 481 465 481 466 529 524 507 459 561 491 433 542 565 459 540 565 540 386 509 392 443 535 621 559 469 645 351 627 365 445 451 583 606 532 652 459 365 645 630 558 322 496 333 395 709 502 536 589 690 627 220 241 765 503 392 695 418 598 603 686 830 505 252 749 627 298 213 635 523 691 713 311 621 628 457 530 177 889 492 259 846 255 430 593 624 46 668 65 925 140 132 283 715 385 516
503 498 509 480 518 500 472 505 501 482 485 536 549 446 435 567 496 469 524 507 597 501 385 581 608 483 380 437 397 557 368 647 345 490 530 554 642 504 661 471 428 667 392 692 473 578 571 723 349 586 685 397 612 713 743 341 755 685 660 215 342 479 298 534 483 690 802 643 835 780 382 749 598 554 512 354 530 224 422 667 895 828 576 406 541 366 647 853 655 145 260 509 965 494 962 585 617 275 536 864
495 491 505 481 512 513 524 532 464 500 529 447 483 533 470 530 430 549 430 465 415 506 533 508 397 629 493 390 357 511 466 430 583 420 377 580 425 569 628 682 545 534 427 446 689 622 580 577 391 704 278 621 547 647 428 479 763 504 757 457 211 541 660 735 187 278 664 571 468 447 160 652 383 375 381 211 823 434 682 606 799 500 254 287 780 493 825 408 106 658 550 447 362 397 597 294 895 770 380 808
499 507 486 499 516 478 486 491 462 526 491 454 546 461 468 485 477 444 472 514 460 546 505 426 463 477 470 502 474 612 386 408 416 589 527 588 406 362 560 473 669 647 446 339 515 376 467 305 591 499 472 711 478 477 281 540 239 589 455 622 608 483 450 521 577 430 405 255 171 554 438 478 284 260 407 349 148 267 398 301 870 760 112 767 681 858 162 822 644 587 834 379 850 158 601 41 462 185 878 626
501 496 505 508 479 504 491 500 518 460 517 454 561 434 464 439 418 535 463 444 592 591 406 508 433 428 454 377 580 549 596 417 498 607 560 513 325 386 584 601 343 472 446 286 576 442 314 291 278 570 522 426 745 491 678 695 298 549 213 241 800 436 709 327 504 330 766 247 777 322 746 849 621 651 257 734 775 156 163 220 678 546 769 693 388 528 523 232 285 203 592 589 841 486 110 107 242 306 68 923
502 503 498 509 516 470 506 486 516 547 489 529 474 559 448 466 484 461 533 477 474 604 408 391 440 469 440 515 483 551 642 620 401 490 484 627 377 330 492 569 309 655 667 525 699 328 441 548 386 290 448 690 577 346 460 665 499 724 569 621 254 667 378 455 278 474 331 233 224 357 842 387 354 440 804 452 730 258 283 454 611 248 481 159 677 698 328 74 532 891 694 331 929 683 256 541 724 884 163 488
499 499 514 492 482 483 507 527 526 513 478 525 468 465 473 576 524 589 553 452 510 604 591 600 557 584 487 621 537 352 518 478 464 422 370 415 326 687 643 570 698 340 658 285 685 622 413 475 713 532 385 658 734 400 360 227 665 534 476 412 756 806 411 506 320 211 255 810 453 253 185 218 632 855 744 788 850 637 598 896 379 417 606 160 766 364 703 235 548 330 472 571 636 106 724 892 416 550 892 32
497 508 504 501 492 471 517 462 482 520 503 465 528 525 486 456 419 451 451 509 426 518 398 615 527 517 572 503 402 475 448 449 604 386 333 357 606 465 468 682 501 365 541 512 555 683 644 599 616 679 460 272 555 724 344 374 236 318 329 434 683 335 444 332 760 593 263 538 423 542 587 323 355 538 532 275 743 215 435 512 594 781 712 282 330 390 340 856 921 273 795 422 932 356 523 803 789 346 699 702
504 504 515 518 523 471 475 510 473 542 509 485 447 472 542 578 475 544 456 545 588 597 497 415 594 437 551 635 645 638 447 575 579 638 642 527 557 402 372 533 470 498 392 564 659 531 730 626 491 606 476 274 607 624 329 474 327 767 649 238 601 338 354 198 529 514 781 304 284 307 177 314 813 516 261 740 120 485 303 301 185 768 214 606 531 132 319 775 735 228 80 397 642 230 849 314 712 187 246 243
501 509 485 495 492 525 496 521 461 547 495 538 543 504 527 520 476 487 451 476 531 560 597 491 499 580 551 594 617 394 468 653 488 569 661 377 536 397 336 609 683 628 539 684 648 299 659 596 426 583 740 725 313 593 348 398 562 332 709 356 606 515 677 696 540 558 336 510 689 282 634 322 380 364 720 751 323 849 471 647 153 553 637 919 241 381 121 459 201 418 832 458 899 964 309 753 88 270 497 487
505 493 508 488 508 498 497 466 516 542 496 533 546 511 486 453 493 532 436 573 561 560 451 598 529 539 633 387 603 625 621 419 393 409 564 408 672 326 352 584 420 650 556 323 372 385 628 737 597 509 567 612 559 520 468 680 752 487 787 550 464 680 295 420 368 796 493 508 347 356 662 333 733 515 258 201 883 769 550 688 342 518 767 148 367 916 466 341 760 810 679 706 147 257 963 788 419 454 662 106
501 496 493 489 512 504 504 502 501 479 451 502 531 527 430 511 572 426 537 509 553 571 407 419 495 611 411 631 492 595 386 558 591 656 507 394 483 637 313 405 623 512 454 280 496 520 483 618 301 628 518 704 348 558 586 427 528 415 362 517 304 689 439 549 234 436 309 548 448 335 743 464 209 222 176 172 456 870 771 550 528 848 361 248 323 811 318 737 130 861 839 363 83 512 231 830 284 771 799 329
498 498 512 516 498 513 501 487 482 483 528 540 496 476 566 549 568 566 422 424 562 598 413 434 614 374 532 572 476 616 655 439 580 559 397 654 437 414 588 463 628 365 472 435 704 554 732 703 291 657 490 705 670 733 674 533 287 241 416 364 728 653 304 343 715 534 219 252 162 235 616 790 797 672 865 471 393 543 203 348 749 803 244 824 759 275 167 164 891 280 129 793 469 763 455 179 132 444 552 682
504 503 495 515 480 525 502 476 496 525 472 474 520 433 501 429 530 552 422 555 591 556 474 426 389 441 414 638 414 570 528 509 408 649 481 349 642 635 656 378 473 386 368 345 470 708 333 294 395 445 359 295 367 244 590 292 643 344 376 355 307 274 188 521 251 390 637 524 182 686 523 721 776 308 278 783 718 301 857 523 773 571 531 791 175 292 690 813 697 507 601 56 477 623 441 159 429 613 644 62
500 494 509 511 480 529 531 510 509 527 470 468 451 519 444 471 424 495 498 457 481 478 484 592 563 404 629 509 390 439 442 460 661 455 392 399 378 532 541 677 495 673 699 575 716 669 470 569 384 413 582 528 308 732 318 529 614 771 506 468 290 408 308 673 754 385 230 445 432 608 183 858 381 712 365 851 392 786 586 780 598 184 896 357 294 227 883 365 98 307 581 133 917 624 379 675 292 469 818 71
495 500 500 486 494 486 468 511 461 466 465 539 518 468 568 547 438 438 515 566 460 404 406 572 437 523 399 461 355 437 366 346 662 577 533 320 527 428 474 646 606 487 685 531 329 363 628 536 422 449 425 639 702 693 238 267 580 367 402 645 352 498 467 550 468 343 200 565 611 232 153 303 453 142 633 291 727 485 869 153 417 254 798 722 711 346 666 283 293 103 307 936 716 324 253 297 503 31 234 120
498 508 487 519 481 497 498 505 506 545 546 532 532 482 453 501 522 573 578 468 604 478 583 551 577 548 545 461 491 364 573 437 357 373 532 567 396 315 532 452 499 428 600 674 318 428 467 446 594 362 659 750 640 752 676 384 627 426 357 309 769 364 423 278 735 503 255 607 188 511 488 832 144 576 185 792 801 856 813 777 569 582 595 487 312 348 784 866 936 340 640 437 125 185 532 176 79 988 8 901
502 490 486 514 482 524 481 539 480 450 486 547 539 445 560 553 516 585 450 429 503 486 602 466 526 495 610 526 462 398 452 652 468 548 423 427 551 507 433 455 396 425 621 472 641 580 326 479 665 442 304 283 546 343 749 344 755 485 243 575 413 216 808 656 690 527 410 826 243 839 452 464 246 216 183 413 599 420 347 107 798 634 100 384 682 552 385 66 432 64 513 235 189 41 599 527 668 800 21 188
497 501 494 517 496 489 517 466 462 492 458 542 562 443 489 555 525 471 529 560 399 539 411 603 398 555 532 518 546 409 399 350 587 331 642 423 510 331 393 619 439 445 431 311 588 360 544 390 721 677 289 690 741 770 575 629 703 597 444 536 613 652 778 348 521 790 503 539 503 671 712 395 239 637 266 501 749 673 462 173 258 127 718 754 459 609 774 830 632 788 909 307 954 251 973 269 129 668 669 816
499 491 491 512 495 525 500 472 469 454 542 466 487 513 502 543 433 586 586 442 561 550 592 488 611 605 465 562 386 589 482 638 403 356 633 533 544 402 521 327 524 695 535 688 448 566 628 322 487 619 409 436 248 335 472 265 337 357 526 274 211 787 332 332 742 470 251 740 612 537 327 586 181 280 375 508 352 296 229 159 774 413 173 549 342 151 123 150 938 842 798 96 272 542 470 685 140 435 813 309
504 499 499 491 490 500 505 473 469 465 470 491 488 557 496 548 476 562 465 530 473 600 537 479 589 604 585 465 592 353 438 396 636 497 570 496 563 448 452 491 488 626 370 588 644 382 301 625 502 675 553 483 521 571 243 407 417 492 394 780 575 778 547 265 467 736 640 175 635 256 728 666 554 860 376 509 303 134 126 311 739 731 809 370 688 474 586 733 352 800 887 464 388 426 126 835 653 584 394 307
500 494 496 501 477 519 515 482 544 456 515 507 453 517 511 568 434 481 510 550 451 481 556 452 485 462 632 390 427 552 613 574 527 613 528 371 393 621 608 645 571 389 342 655 720 477 494 264 369 423 440 630 541 588 401 410 247 429 587 546 494 420 615 209 406 234 663 351 441 471 413 437 784 570 791 222 441 166 575 734 285 335 136 601 413 765 399 882 899 189 875 932 35 575 183 224 510 401 415 636
503 496 496 509 499 507 494 471 523 498 507 530 543 443 432 547 428 444 457 493 442 496 533 430 624 622 615 407 445 641 348 350 641 562 565 650 454 609 421 450 586 439 640 598 427 518 447 657 468 264 553 709 527 380 320 676 339 305 623 736 676 249 448 260 820 773 707 523 195 790 488 557 344 244 283 761 827 795 582 876 856 444 723 667 417 612 758 373 519 752 480 115 250 236 638 273 604 462 626 420
504 505 505 502 478 528 499 466 479 503 453 551 442 561 498 522 445 420 407 564 523 512 445 543 399 568 552 398 540 405 628 390 557 478 666 479 549 427 356 639 343 596 413 336 428 632 649 384 562 619 552 543 745 583 248 310 354 594 280 665 272 266 430 707 477 681 642 520 288 804 820 337 293 259 729 366 638 390 164 394 833 638 379 742 605 324 476 916 410 525 200 631 595 192 493 608 866 785 361 79
503 499 491 486 487 503 483 476 464 490 478 515 440 446 495 530 476 557 431 518 510 402 496 449 567 526 506 625 374 535 512 617 402 481 368 409 360 399 475 328 538 534 597 547 563 524 541 317 705 558 413 283 318 257 733 225 665 717 433 738 491 729 413 706 627 339 376 378 444 328 511 278 498 340 241 425 797 409 669 609 378 789 93 161 837 202 426 683 540 113 164 902 940 540 87 792 838 92 637 795
502 499 512 509 497 500 514 528 527 486 511 461 445 467 528 500 531 533 575 542 601 509 538 475 473 573 501 623 560 361 652 437 357 347 386 355 349 482 429 544 298 598 343 595 467 504 269 502 543 328 471 693 293 462 631 477 772 729 411 681 590 799 633 395 825 655 364 816 731 492 796 607 307 149 527 219 661 778 195 422 340 309 676 352 181 629 561 579 376 652 718 251 474 420 489 95 294 60 934 784
496 503 496 490 515 507 507 503 509 549 505 468 481 464 491 542 456 446 546 440 540 390 423 420 488 376 402 539 604 376 400 364 437 534 427 680 683 610 367 592 336 358 449 458 522 522 658 358 501 631 537 532 257 390 403 548 231 497 363 594 420 286 354 810 516 830 187 559 497 394 757 515 477 691 613 793 525 490 714 419 367 545 334 81 495 78 469 896 840 525 489 909 937 663 98 872 834 202 665 928
504 502 500 509 507 515 508 472 456 541 545 458 475 547 540 529 424 488 424 456 471 583 401 432 475 450 392 567 638 481 433 562 357 563 651 352 661 445 540 678 308 349 612 702 335 696 722 545 397 732 337 271 338 610 481 605 294 591 493 335 666 799 520 543 584 711 567 756 389 266 680 760 252 421 570 838 839 821 278 362 234 140 632 475 574 865 189 223 232 861 471 659 845 90 156 217 431 491 788 412
499 498 505 484 525 502 515 523 528 486 531 550 480 430 488 556 464 558 576 570 443 580 406 619 484 524 559 429 595 575 632 640 537 385 572 399 617 624 334 346 691 377 430 509 328 274 419 655 396 637 399 453 376 402 746 707 574 564 606 473 666 492 721 333 299 378 817 425 377 705 408 762 374 289 646 535 473 348 739 364 126 493 267 519 579 812 342 696 689 289 764 413 243 108 146 596 670 383 124 967
495 496 487 490 490 518 522 493 522 507 495 526 551 549 526 563 478 411 479 587 433 531 544 386 585 545 384 478 416 406 376 525 663 465 397 606 659 333 645 598 421 649 463 571 667 425 521 740 450 583 375 546 595 358 484 756 766 230 459 312 671 636 519 646 473 637 342 367 252 615 605 787 232 232 752 405 188 429 505 443 498 608 251 283 167 116 609 78 757 294 647 665 689 294 152 411 901 958 107 47
503 510 511 484 477 496 495 497 477 476 455 445 515 498 518 461 491 554 486 406 582 400 474 513 576 476 374 363 549 515 522 411 662 367 523 548 628 453 410 633 555 354 356 658 386 725 570 355 745 612 552 600 751 553 279 601 653 461 261 379 563 483 401 698 522 413 192 464 413 534 285 278 614 378 403 321 493 430 539 465 601 299 645 324 148 381 173 295 174 720 91 299 358 886 535 243 106 530 26 449
503 494 499 518 517 485 474 487 467 494 462 506 502 432 480 484 452 565 495 511 481 520 409 611 616 380 535 560 472 502 363 504 564 668 425 510 620 611 376 692 695 339 403 679 462 419 726 451 554 386 654 486 373 248 706 654 647 789 238 782 570 546 638 648 731 621 455 674 433 415 769 659 598 192 666 778 482 726 307 224 802 872 494 884 492 391 251 318 659 368 408 470 139 40 809 552 104 692 738 701
498 496 510 512 503 522 518 502 510 548 497 498 558 512 491 550 574 482 427 576 492 492 547 457 386 461 523 562 572 479 493 537 501 404 662 605 344 501 573 442 516 580 707 404 377 640 332 739 614 366 413 657 418 233 730 600 527 389 403 295 398 483 537 221 654 179 232 258 228 655 836 658 300 833 206 395 483 400 315 601 775 739 376 594 289 171 154 655 843 396 131 425 171 864 260 231 909 566 642 682
496 506 512 516 517 489 508 528 543 481 515 556 453 514 471 493 450 426 470 465 483 569 527 476 413 498 492 458 599 470 452 355 591 397 423 474 484 533 509 456 498 706 579 441 679 276 672 580 309 587 447 667 485 497 400 672 485 524 763 381 624 754 251 454 797 293 431 485 697 236 271 531 544 637 261 416 175 704 163 433 844 196 884 159 133 117 260 454 391 469 693 765 160 361 87 503 517 198 897 62
498 506 486 481 521 525 496 526 455 531 470 492 541 509 451 458 465 537 435 585 526 496 601 590 583 576 576 435 422 650 596 645 514 635 505 353 667 327 565 481 616 599 527 671 491 680 678 406 542 301 619 376 612 712 288 230 292 408 322 294 665 196 475 439 661 793 652 406 458 745 208 556 342 727 713 846 528 704 782 847 275 738 732 813 266 227 651 721 943 441 284 715 954 238 530 407 259 856 768 751
503 491 490 511 482 501 484 499 488 534 535 547 561 460 502 447 512 474 491 555 400 399 473 488 516 556 486 548 387 556 585 624 581 346 453 623 576 379 626 606 466 421 585 656 297 645 341 337 553 262 254 580 400 447 450 619 722 647 770 608 551 676 781 642 585 594 460 751 296 368 613 643 425 211 466 206 855 299 734 511 197 894 363 312 728 188 454 763 68 397 295 580 478 303 158 596 290 435 229 951
502 510 508 485 511 482 513 508 464 501 503 511 557 515 573 574 433 470 484 450 409 527 599 383 377 542 588 403 634 445 506 508 434 376 526 512 400 683 586 578 699 702 485 370 524 305 270 361 710 745 268 485 282 407 336 311 233 613 436 562 215 742 396 535 707 622 737 544 223 741 231 570 562 563 352 154 671 694 121 212 391 268 665 248 482 120 367 271 87 315 114 86 674 77 206 741 934 108 799 105
