501 503 511 483 480 516 503 514 473 481 476 463 451 563 464 570 464 428 425 599 476 503 559 568 503 411 474 460 471 502 554 535 661 437 512 442 602 643 645 499 347 605 303 709 613 380 599 268 303 291 693 248 377 480 433 279 270 655 716 576 301 249 783 358 291 474 715 464 434 850 238 743 268 264 379 491 176 534 273 425 494 602 619 136 910 275 315 843 872 237 622 606 430 260 112 84 932 788 257 523
497 492 493 517 522 503 515 487 500 493 540 553 446 516 565 563 454 468 458 453 568 511 394 547 437 604 542 394 547 584 561 607 554 405 632 401 547 431 454 391 453 621 402 314 443 592 716 609 566 321 421 298 533 324 489 707 612 212 665 394 476 676 586 249 315 257 273 814 186 834 613 187 341 768 828 654 610 504 312 629 808 885 95 401 900 660 765 827 830 950 407 192 637 716 391 726 492 640 234 375
497 500 497 518 515 494 523 526 482 469 475 478 504 487 545 458 481 535 586 503 493 502 449 406 384 393 461 448 510 451 560 472 469 622 560 432 456 649 354 570 484 495 496 389 617 451 603 383 293 610 461 381 764 485 337 516 755 580 641 464 511 693 564 425 511 404 232 531 324 838 847 469 418 131 787 505 752 415 185 882 829 348 349 547 896 303 494 152 876 690 347 814 285 243 261 519 505 914 206 318
496 505 496 504 518 485 514 476 459 451 518 455 538 537 570 547 549 530 576 594 569 422 458 533 566 410 370 392 359 587 642 598 650 630 409 347 340 651 389 571 631 446 549 480 680 303 498 539 734 529 487 515 465 674 638 389 475 227 332 640 472 489 699 505 272 673 518 380 221 215 711 268 647 604 193 345 196 503 339 710 663 630 366 482 468 656 448 677 772 628 648 46 761 890 470 595 233 744 918 450
503 506 485 493 496 513 471 540 457 527 492 456 447 518 530 466 534 418 595 506 409 396 424 396 483 614 587 540 398 465 424 357 601 594 503 679 362 397 482 546 700 346 576 303 469 570 668 559 537 583 505 549 525 662 532 563 753 525 485 621 315 338 404 613 762 443 733 675 245 533 464 374 783 643 544 825 160 122 282 657 406 295 358 836 606 243 889 597 314 118 843 240 790 686 400 102 585 60 970 751
496 495 513 491 493 490 504 465 470 470 519 470 540 556 573 527 449 428 410 410 519 458 559 483 610 620 624 581 577 559 608 499 377 417 598 471 495 330 554 569 486 581 306 701 623 587 395 567 670 306 590 753 731 238 473 293 636 422 432 455 224 296 728 475 629 216 833 678 824 699 551 856 577 825 512 339 705 836 605 519 143 510 219 182 867 878 296 686 933 272 332 233 104 278 437 827 591 236 932 37
498 510 496 510 519 520 499 527 506 502 485 551 461 515 457 481 549 522 465 469 515 420 477 462 498 390 490 483 380 613 423 410 338 652 630 457 650 466 356 329 551 319 461 659 712 360 563 671 649 349 571 731 716 260 239 598 261 614 471 779 484 560 461 813 550 255 765 396 789 261 424 460 624 490 511 726 135 407 359 720 796 546 509 452 872 888 610 185 284 703 301 699 953 345 673 293 197 880 850 253
505 509 510 485 483 494 513 501 496 491 507 498 521 469 507 531 462 567 503 487 582 421 494 432 614 449 554 633 545 625 372 384 590 405 394 400 622 658 362 440 565 635 412 595 429 364 711 547 344 550 429 635 554 585 400 466 657 372 448 306 748 715 315 216 619 675 284 388 587 179 500 189 270 841 608 849 510 201 645 308 745 558 547 279 342 544 368 678 78 688 185 111 496 80 870 482 700 610 529 845
504 495 511 485 517 530 494 481 482 514 461 501 552 544 492 472 544 507 418 402 449 557 580 466 515 567 430 392 360 534 450 557 448 504 582 443 350 387 668 336 643 318 303 494 397 597 702 566 273 460 583 590 475 569 738 290 466 365 764 688 597 509 411 467 499 426 581 234 719 283 436 477 246 754 355 434 548 629 171 811 189 176 537 418 831 461 173 338 930 761 404 476 399 145 516 691 376 385 245 482
501 500 512 497 510 507 535 507 501 527 495 538 495 479 502 501 464 482 504 416 550 553 594 560 441 578 390 392 636 454 560 516 422 584 418 339 563 659 610 348 541 388 423 385 353 603 423 399 379 505 429 443 347 346 479 459 386 550 779 353 539 472 294 523 731 757 322 296 643 805 553 676 352 372 830 547 800 678 364 151 248 826 593 865 682 614 142 165 174 841 97 770 369 797 948 879 154 554 900 669
501 504 513 498 480 493 498 492 472 473 526 440 452 509 558 496 424 436 487 463 400 437 462 496 547 543 517 550 505 625 612 595 584 415 626 526 406 361 421 653 665 597 480 445 589 285 291 509 513 397 479 390 533 432 385 713 429 588 371 201 713 192 405 429 391 777 511 220 593 163 201 708 624 223 546 637 444 270 271 732 731 692 783 119 631 709 563 584 179 906 500 213 350 683 624 73 206 72 843 469
502 495 503 512 513 514 472 491 523 481 520 495 559 430 439 460 512 413 477 457 468 420 540 556 617 591 471 369 380 524 620 587 585 617 609 534 568 451 435 404 544 461 641 332 648 707 453 615 504 715 318 270 572 296 265 708 419 591 244 494 660 240 811 419 710 767 335 702 785 384 807 844 637 638 654 662 343 682 205 437 163 827 483 266 898 907 608 499 402 653 448 433 444 838 487 834 881 673 117 507
503 501 489 493 489 478 507 512 461 501 529 468 442 459 431 567 461 493 415 403 485 577 507 419 384 556 412 516 441 560 360 344 611 340 399 392 397 690 456 364 449 600 446 577 302 461 491 320 708 491 695 668 573 522 677 732 415 401 482 362 588 228 484 358 445 629 223 572 741 155 360 839 350 270 592 175 743 533 868 655 819 612 375 512 732 877 492 260 117 331 276 795 650 204 328 919 834 820 725 284
498 501 493 520 501 493 465 514 475 545 539 491 448 453 490 553 575 451 456 531 562 418 589 478 443 553 498 600 626 452 567 617 485 437 580 434 350 422 337 543 534 687 334 593 504 666 647 406 619 745 610 517 421 305 581 417 394 477 333 567 680 804 506 357 298 747 627 601 411 755 503 852 365 490 319 868 175 518 821 676 268 787 375 642 351 123 825 185 216 806 161 423 702 691 102 617 412 120 472 450
498 499 503 502 512 518 488 528 459 479 513 500 518 561 538 434 474 447 555 532 467 541 613 433 620 467 548 426 427 606 563 354 550 632 575 342 589 369 413 677 596 316 601 676 358 381 421 322 481 669 747 570 393 482 419 526 618 318 529 597 198 202 553 435 377 199 222 251 623 665 528 483 432 251 731 137 501 710 309 255 753 663 501 317 605 480 340 540 493 906 230 452 130 173 829 700 952 667 132 29
498 492 492 490 512 530 487 478 517 505 539 527 474 537 469 443 544 551 562 567 458 543 443 488 483 537 488 387 512 616 580 459 555 573 645 463 337 399 371 686 691 519 333 369 305 646 414 289 606 491 274 652 756 372 270 290 416 238 430 574 270 452 485 751 297 227 485 544 425 185 422 288 657 430 637 450 603 692 522 403 363 255 896 122 395 260 826 594 65 847 626 250 211 756 175 927 317 722 393 25
496 502 494 492 496 486 535 494 458 462 484 456 495 475 529 451 422 521 584 422 594 541 498 532 512 612 446 491 556 369 383 530 342 390 406 635 571 465 479 566 347 516 557 690 485 385 337 422 503 738 278 426 551 342 307 664 761 331 685 224 388 745 642 477 288 352 392 389 302 748 303 568 637 372 651 231 738 216 714 339 871 755 740 384 361 272 724 145 81 717 756 723 952 797 359 118 826 102 302 303
498 501 515 512 509 486 521 523 531 529 452 474 545 454 475 577 497 447 505 546 590 483 460 525 604 505 474 552 470 413 347 574 601 533 580 469 327 587 334 591 682 582 426 313 432 415 579 581 351 569 445 505 665 235 685 365 303 591 326 401 224 548 485 507 453 484 582 792 740 236 809 150 507 869 791 249 584 155 562 300 531 895 560 914 261 463 160 886 139 320 511 51 554 962 80 739 602 51 439 119
503 495 485 507 522 493 505 522 499 450 476 556 522 502 523 479 417 580 499 400 571 541 589 579 377 475 557 498 573 463 530 420 506 648 416 391 497 363 419 321 681 446 561 470 516 604 317 733 488 385 468 471 543 342 309 615 579 337 635 369 698 230 342 685 624 279 376 824 629 396 612 221 736 269 347 582 248 140 556 202 370 522 717 450 717 869 472 802 263 852 166 926 400 311 483 492 502 434 17 89
500 504 504 506 508 518 498 539 470 455 478 441 512 477 541 475 482 484 484 582 510 451 570 614 476 470 615 426 476 602 364 513 540 549 571 477 413 353 576 551 666 574 397 632 515 283 343 389 548 318 591 460 584 745 713 700 348 739 409 546 455 459 264 566 378 592 543 480 822 778 158 145 182 223 145 508 480 198 108 859 713 767 746 117 204 749 75 635 154 63 235 861 346 366 102 956 805 735 869 962
504 491 491 492 523 507 491 523 513 537 522 524 462 557 459 502 513 542 501 450 573 405 522 591 588 530 611 426 628 425 478 615 518 447 325 547 367 530 386 558 656 414 477 550 651 532 591 300 367 723 684 435 609 520 640 571 357 665 413 628 430 736 748 635 417 541 487 812 558 238 722 661 343 729 791 164 311 646 214 436 321 381 710 730 87 411 495 454 536 276 804 604 652 929 933 675 180 443 166 239
502 510 499 499 499 504 474 532 511 496 540 487 495 519 533 555 454 551 550 432 452 555 536 566 399 379 527 618 519 524 360 350 466 567 437 324 631 438 682 324 390 412 567 356 287 550 714 406 392 615 544 337 703 237 442 347 429 732 704 270 680 723 321 375 413 440 777 433 723 450 315 361 432 598 414 651 868 273 701 557 788 766 480 653 635 304 307 855 761 232 903 462 197 431 351 431 782 913 279 541
500 506 508 502 486 496 497 524 527 495 471 505 477 515 510 446 571 445 531 454 489 459 561 464 403 462 408 476 434 609 578 419 542 500 545 592 500 669 597 695 685 516 499 603 606 705 351 475 670 693 267 548 546 319 703 649 758 618 389 330 741 769 692 748 615 178 533 234 661 637 798 767 518 150 368 253 602 423 385 632 739 109 233 293 921 712 640 194 92 476 884 65 909 870 344 885 930 891 366 237
496 506 485 486 483 486 504 484 465 536 455 445 561 511 485 572 469 585 443 425 419 582 604 537 559 370 388 470 413 415 366 634 413 479 376 427 560 593 589 432 308 350 651 364 333 671 414 671 648 313 607 526 534 643 410 521 353 346 571 337 254 731 665 451 746 554 546 455 730 297 514 717 549 177 376 175 116 682 378 798 609 196 765 918 129 744 291 243 751 535 442 638 597 655 762 705 952 787 661 360
504 503 511 493 487 475 510 486 488 527 528 478 475 558 516 545 585 542 466 515 482 478 423 382 576 571 440 615 495 612 533 375 494 406 638 505 490 606 350 311 646 682 658 404 445 309 582 298 362 531 341 388 436 300 473 284 289 582 478 290 549 256 584 488 302 448 713 660 709 266 787 147 626 795 795 257 146 305 574 491 699 598 866 461 443 577 702 660 933 317 386 662 639 966 726 79 861 265 853 543
498 498 510 504 495 486 496 498 460 492 548 489 492 527 555 511 580 535 555 512 439 592 570 543 580 429 469 421 465 410 591 350 473 489 650 633 394 386 653 644 305 637 341 513 666 395 673 439 595 443 521 731 740 711 625 616 278 568 256 791 255 303 697 384 576 608 466 729 423 357 453 404 266 805 461 738 711 851 434 542 801 823 245 358 409 796 255 698 193 317 739 927 67 656 567 719 207 622 106 55
498 506 490 491 508 475 516 488 478 485 450 496 520 439 430 460 426 434 438 569 493 498 420 598 481 471 612 634 518 376 548 504 588 569 606 619 575 614 536 359 438 359 289 594 646 457 303 644 289 726 444 407 344 770 745 712 775 223 303 408 328 573 810 366 529 432 792 216 462 413 286 699 189 256 346 306 584 634 838 789 842 778 517 839 112 495 188 583 349 933 902 362 519 684 634 342 594 790 434 778
498 510 505 512 489 515 487 493 468 478 550 475 473 527 542 568 565 496 514 600 417 569 533 617 497 504 435 537 409 571 628 494 462 530 486 537 625 396 630 529 663 693 573 689 510 478 434 367 583 278 484 695 563 767 281 759 487 602 282 362 321 205 295 330 187 552 532 629 774 445 556 292 725 785 476 303 363 221 785 329 651 417 722 774 273 310 266 656 270 70 869 196 139 59 884 764 498 672 382 879
501 507 501 505 495 502 517 468 478 550 504 450 444 473 494 467 426 568 407 550 403 422 551 561 485 409 440 636 387 446 520 466 565 468 495 328 679 599 348 554 697 597 569 405 306 498 585 443 399 508 395 246 313 517 635 382 715 304 748 729 728 218 559 347 403 650 704 726 803 842 381 256 271 653 309 441 371 455 139 669 601 672 157 890 427 88 925 133 814 804 806 162 36 468 831 397 806 900 488 838
498 499 498 506 505 518 480 475 465 452 485 502 497 470 566 476 432 418 561 461 406 401 609 525 446 530 583 445 643 397 501 531 642 332 585 660 350 639 605 653 381 527 640 289 634 615 619 279 595 650 328 301 642 744 562 695 552 270 631 646 764 227 509 282 475 382 422 441 517 387 309 290 578 752 308 408 151 418 746 834 713 887 607 352 709 813 723 149 735 768 941 555 576 513 96 787 671 236 63 136
505 507 499 490 523 476 465 507 507 544 482 540 563 464 469 494 533 469 471 467 533 501 530 609 409 441 596 418 413 542 481 367 653 342 653 427 424 377 361 528 499 656 586 699 335 529 507 518 261 309 638 320 468 638 703 544 659 292 615 659 401 262 430 637 632 749 682 596 658 803 217 308 798 487 163 866 814 225 705 720 550 688 878 766 229 685 620 925 377 377 56 63 174 884 835 310 20 979 807 572
502 504 503 490 502 474 523 471 488 489 473 528 556 496 446 556 451 571 428 501 530 499 386 538 544 397 602 460 537 588 633 509 375 523 471 436 585 680 320 371 415 304 699 627 487 358 715 515 725 531 417 747 703 413 644 237 604 572 573 299 692 533 260 657 580 581 509 299 680 335 400 615 785 185 193 352 712 123 704 357 704 130 717 648 769 547 621 167 682 215 870 128 918 589 954 776 166 556 638 197
497 507 503 502 491 484 494 531 461 508 523 543 478 453 436 441 498 588 495 408 554 409 601 500 478 372 475 369 499 354 438 483 371 547 536 384 663 600 511 424 584 323 551 583 427 402 508 446 355 530 626 282 496 720 531 762 448 503 402 511 292 806 503 340 824 722 785 505 599 674 258 277 592 414 484 264 551 723 200 705 377 541 842 899 422 686 609 794 589 680 248 479 593 445 273 843 657 122 14 13
499 510 494 499 486 483 535 524 543 490 522 548 522 562 527 444 556 424 538 600 494 391 528 567 380 510 578 414 560 609 462 533 532 332 333 382 366 380 680 482 596 566 662 300 492 436 551 653 594 371 366 659 586 491 701 301 675 414 264 338 241 377 504 293 349 395 517 812 719 641 456 459 287 141 821 596 732 867 465 683 544 387 215 267 913 482 377 124 654 778 658 194 616 69 340 439 673 508 748 594
502 507 515 484 515 485 465 511 531 515 476 559 524 441 566 489 477 553 486 466 504 598 596 408 493 455 580 626 558 584 432 390 641 487 364 321 363 565 408 335 677 376 578 646 479 332 501 568 694 263 534 445 395 246 641 420 282 741 733 380 719 792 500 462 619 795 344 470 621 203 842 853 365 870 672 431 397 574 535 726 684 563 195 828 241 287 819 481 383 746 343 917 923 119 170 568 398 751 393 951
501 505 487 488 508 520 477 467 537 499 451 454 488 540 469 567 442 464 439 596 425 450 443 387 550 426 534 438 523 464 504 540 539 331 603 633 523 646 407 414 316 424 570 555 549 438 698 658 704 644 399 679 708 709 637 557 735 337 754 759 602 498 773 746 220 599 812 791 366 540 712 434 376 253 452 671 137 215 689 635 310 571 828 107 603 157 75 304 820 323 432 121 223 191 108 708 849 782 91 735
496 499 503 510 509 487 533 512 495 489 547 526 528 534 453 465 497 506 554 421 534 459 511 544 617 408 623 509 476 428 361 394 641 568 459 523 529 492 553 517 351 620 714 371 383 668 286 559 274 327 443 458 500 622 509 543 541 646 457 566 461 573 242 485 658 543 245 784 385 438 280 578 613 349 252 707 146 707 387 471 534 492 530 277 157 638 714 657 491 827 641 739 303 233 135 329 801 933 461 806
495 491 503 497 478 493 492 488 545 455 450 469 510 524 525 571 446 532 587 505 418 478 419 489 393 464 407 621 533 374 583 594 381 572 361 657 622 541 348 390 313 629 515 684 513 275 714 545 595 331 270 490 460 314 286 333 768 386 279 674 378 546 311 499 469 492 517 466 162 228 305 828 438 162 671 222 211 646 533 269 682 741 768 263 188 807 418 118 590 718 247 611 762 842 762 539 362 106 747 303
505 505 511 482 490 488 518 531 518 541 482 491 539 477 480 470 500 454 495 455 535 584 586 412 406 502 606 366 636 610 546 495 629 390 460 453 522 581 380 663 329 389 293 590 339 370 654 524 415 390 734 722 754 366 559 524 443 686 250 348 379 778 602 812 322 745 263 800 205 352 572 747 340 568 203 250 355 286 681 800 564 407 674 354 728 764 262 604 465 797 695 504 429 909 728 846 421 677 279 533
501 496 494 503 499 528 529 464 535 530 478 535 514 499 457 522 471 566 476 411 401 471 542 443 377 527 612 550 525 505 652 394 393 605 371 659 642 656 428 311 301 497 540 418 628 385 482 694 283 574 249 408 305 395 470 393 263 685 533 318 618 272 801 449 266 662 711 591 336 313 313 242 457 748 385 814 830 532 819 201 791 688 612 392 342 205 253 324 871 98 573 821 354 896 319 401 29 10 516 166
499 498 489 503 481 510 487 466 495 537 446 488 557 522 432 577 579 503 580 474 535 523 591 579 538 591 441 525 541 602 549 474 474 435 395 512 330 679 576 622 488 593 318 458 365 483 511 634 603 568 488 734 586 382 516 760 272 449 399 286 513 420 281 551 709 692 662 203 629 218 380 754 562 626 223 237 861 644 695 191 267 562 616 752 843 298 594 552 303 491 686 375 846 224 403 540 476 315 60 983
503 498 505 482 500 521 502 463 477 452 536 479 452 524 538 579 446 429 517 439 435 553 517 487 422 578 589 448 461 395 564 482 660 466 638 351 572 625 391 423 662 483 345 424 537 467 301 523 393 746 304 314 404 620 507 366 670 599 222 605 242 749 647 630 532 421 372 288 237 304 583 156 534 580 713 720 322 587 251 476 674 703 504 435 404 688 563 502 768 153 855 487 114 952 934 384 908 573 485 430
497 497 495 497 501 500 513 480 532 518 496 498 533 434 475 572 439 578 478 528 460 535 393 432 505 492 618 529 387 495 425 475 658 555 464 598 392 338 494 467 681 644 330 453 507 325 385 489 365 283 468 642 473 655 582 252 520 442 256 503 369 292 734 637 194 578 166 228 519 375 515 412 159 428 350 805 289 248 668 391 527 883 585 648 391 185 344 495 707 420 858 311 194 523 170 894 203 36 840 126
497 508 514 519 514 521 482 534 537 511 462 463 508 458 474 549 431 468 492 443 547 527 553 565 474 510 483 480 459 586 369 469 384 455 528 584 683 651 413 417 606 355 625 442 471 318 466 513 493 480 662 429 266 310 473 263 694 773 428 336 396 422 618 562 803 538 477 726 533 544 285 687 162 381 434 347 362 633 158 512 614 524 214 917 593 454 492 382 464 744 674 498 73 641 674 813 634 945 30 83
496 492 502 488 520 523 492 464 475 516 542 507 509 528 447 526 540 494 464 407 401 513 472 607 435 614 434 364 462 448 519 607 344 391 411 533 344 382 588 610 516 462 710 311 297 528 571 338 366 486 493 604 678 676 467 553 595 315 376 484 434 633 759 329 360 503 448 678 401 807 644 523 808 775 438 859 126 776 230 465 257 721 490 261 103 456 309 892 521 625 99 636 286 353 654 645 68 17 655 847
505 501 486 501 480 524 513 485 545 488 487 514 524 538 544 487 568 439 539 467 489 423 557 596 511 555 491 511 423 420 406 435 491 379 480 341 600 580 661 371 327 524 606 448 666 300 721 276 281 265 720 521 577 733 534 654 628 453 604 314 732 291 502 448 515 283 506 572 587 566 216 475 183 140 485 843 281 626 301 603 650 591 874 809 711 417 686 328 779 310 580 440 793 212 152 953 601 219 824 497
496 503 512 517 523 510 515 475 513 481 501 500 545 557 478 539 529 525 475 499 527 520 500 443 457 378 602 618 629 398 405 401 507 330 328 573 395 345 569 426 499 400 604 449 419 286 322 718 674 361 718 286 694 612 740 326 400 709 502 342 453 393 473 311 622 352 781 177 513 571 221 405 417 616 520 183 774 681 447 294 474 436 827 195 408 418 682 598 829 247 155 665 632 305 486 811 298 110 273 853
495 496 491 514 515 493 531 482 457 539 476 559 468 544 479 550 512 538 568 548 468 557 603 427 476 486 551 501 481 528 387 574 549 508 552 453 576 676 312 527 417 514 671 699 715 472 367 375 373 478 377 710 441 698 280 270 320 388 379 554 281 236 315 564 235 181 466 763 199 815 415 272 468 660 165 680 748 571 574 215 177 841 732 660 451 727 764 381 272 332 317 629 514 582 594 480 525 512 81 937
496 509 491 487 515 475 518 523 509 549 523 442 468 519 493 512 512 535 540 468 490 445 448 469 620 626 565 440 414 427 412 347 575 485 368 630 607 640 693 442 702 421 537 447 479 341 606 312 401 257 594 485 380 697 582 713 717 306 718 583 406 719 443 489 547 568 526 684 413 368 506 210 396 861 328 344 213 160 231 427 803 529 213 784 253 359 738 352 734 659 180 837 856 773 443 730 341 709 51 420
505 504 489 497 517 473 504 484 528 450 446 477 475 556 488 514 546 516 421 415 450 394 598 461 507 409 381 517 411 514 449 406 587 503 432 457 652 479 627 463 550 363 338 280 673 537 679 371 273 715 679 262 274 514 521 715 237 554 247 560 501 724 301 748 394 231 599 356 515 286 754 827 568 211 713 858 706 772 588 456 838 138 95 762 407 210 228 694 691 944 118 169 789 578 280 442 392 449 67 16
505 496 490 482 478 478 470 482 505 529 494 468 440 477 454 485 489 489 552 589 580 556 515 492 507 469 561 606 590 609 446 551 610 557 672 338 329 688 348 521 653 549 531 557 694 540 719 685 675 251 405 498 737 291 688 618 470 532 487 342 657 551 304 620 505 465 259 664 336 827 463 599 810 313 626 355 226 792 411 170 139 702 652 180 108 177 136 113 623 720 870 599 758 817 415 972 69 965 707 919
499 497 496 514 482 514 487 534 482 525 499 531 447 444 467 493 482 523 429 487 405 482 598 410 540 478 558 566 396 555 422 517 623 431 385 426 565 583 541 673 365 564 292 357 307 397 705 578 662 426 506 265 487 331 472 455 337 422 550 674 389 472 535 355 788 652 533 528 499 778 486 627 226 201 761 841 740 111 131 496 443 834 323 681 311 247 593 916 748 740 351 837 837 711 407 976 669 440 342 770
498 505 507 501 500 518 535 484 491 501 535 478 526 456 437 439 460 420 466 485 508 481 532 555 478 404 478 361 538 512 433 379 553 525 522 493 480 456 668 462 600 339 543 288 587 308 561 424 625 434 340 318 610 585 466 528 776 385 292 308 298 226 229 277 603 441 385 807 619 580 365 798 226 512 460 482 200 550 115 467 517 486 907 517 527 142 611 318 83 764 179 473 363 153 255 292 823 782 132 116
504 505 494 495 515 479 469 539 479 547 527 534 505 490 448 494 430 469 524 416 485 453 387 413 620 464 448 550 482 521 615 496 610 369 504 411 541 339 538 345 583 647 307 486 383 409 445 582 326 603 682 326 640 737 407 272 567 264 398 512 599 292 558 321 343 508 527 564 687 371 312 551 334 433 572 733 159 180 225 823 405 527 637 704 537 650 653 67 729 874 281 327 939 481 279 615 886 153 895 364
498 506 500 512 505 480 523 460 523 517 446 507 557 498 463 561 528 438 551 485 493 400 458 608 554 581 488 410 602 443 601 386 364 480 572 514 582 418 507 428 523 359 369 376 661 399 439 511 321 325 371 313 758 677 369 496 235 542 676 703 470 245 562 197 764 220 696 412 717 332 796 496 810 187 620 759 650 612 487 895 98 182 242 720 525 754 293 913 672 650 885 953 143 433 707 360 252 732 140 118
498 507 507 495 499 478 534 490 505 548 502 448 461 517 559 493 514 415 447 563 441 585 408 406 400 475 385 434 467 418 619 555 376 596 361 369 571 395 595 350 676 611 490 646 449 641 701 312 733 490 685 270 707 573 299 311 528 288 397 763 312 447 792 329 734 602 384 704 545 379 365 657 566 481 267 254 760 314 856 297 457 662 110 121 417 335 521 587 64 781 268 652 58 694 171 267 841 402 490 216
501 509 514 499 499 496 514 537 499 492 457 475 542 506 549 526 577 512 478 548 575 418 561 487 452 613 576 410 385 624 393 509 339 398 603 543 526 371 349 584 534 563 544 578 519 658 542 583 656 639 280 471 346 306 572 678 264 555 613 410 628 743 624 692 256 197 405 499 616 700 244 350 142 635 398 165 723 467 858 469 553 331 302 175 569 917 395 654 506 319 499 801 215 685 99 960 481 847 447 288
501 490 509 498 479 480 474 506 529 494 547 514 482 524 481 524 583 436 526 413 450 446 409 412 457 491 541 486 465 539 565 529 430 429 438 596 567 317 635 673 521 576 495 593 719 402 396 549 449 295 706 661 279 615 546 457 392 228 400 423 331 483 343 806 698 563 795 828 499 354 742 664 577 338 380 476 846 493 577 626 104 552 513 852 547 578 327 644 224 533 849 620 909 71 409 940 896 943 153 43
501 502 491 494 495 484 494 531 545 522 463 548 445 570 432 456 470 493 591 411 418 483 515 511 571 535 627 429 483 391 413 354 576 574 346 466 593 407 631 342 322 560 375 471 538 633 622 586 411 647 685 506 501 623 289 366 627 364 265 658 238 191 608 577 509 573 652 701 354 739 516 834 253 707 468 226 865 633 186 158 436 270 459 502 854 435 528 234 476 744 714 534 964 712 54 211 729 306 215 327
497 497 487 482 493 529 490 521 457 468 483 512 484 545 427 551 472 433 513 433 410 434 613 542 422 558 413 639 466 572 521 608 554 414 483 584 346 537 597 604 589 603 381 622 618 487 320 357 475 685 562 507 511 472 680 699 224 580 631 422 741 444 367 567 371 462 465 408 671 417 675 507 753 274 263 163 190 368 327 274 276 387 266 281 851 93 534 561 929 821 925 100 219 92 606 177 759 88 43 9
498 497 496 485 525 480 493 487 502 466 470 461 550 472 433 503 545 485 535 420 541 401 561 487 492 457 598 505 452 593 570 453 591 441 369 392 681 524 671 525 474 293 445 432 417 332 684 389 467 658 579 317 539 688 442 462 746 702 463 291 786 260 675 528 268 252 774 264 823 362 729 653 616 498 550 265 702 349 454 598 422 903 828 362 443 895 80 280 207 882 946 90 374 579 152 909 535 738 717 348
498 510 501 501 499 496 520 482 505 548 500 459 551 515 466 438 573 458 462 562 466 521 415 545 375 374 626 570 560 451 371 539 515 500 371 486 376 399 499 303 409 648 471 320 306 443 280 497 354 399 412 563 455 377 743 577 220 217 348 263 713 568 320 688 467 353 313 612 228 748 600 721 327 422 255 254 584 721 455 178 458 517 648 765 371 905 919 569 895 254 855 492 152 911 436 351 355 360 790 702
499 509 492 503 507 505 484 503 531 482 482 441 555 486 564 505 582 435 461 551 451 573 388 540 616 560 606 370 430 576 446 440 431 635 336 599 493 484 565 695 351 528 455 461 334 325 691 577 470 613 352 632 298 758 761 308 265 682 309 568 618 522 701 472 733 524 451 276 262 391 772 849 481 339 691 372 249 489 385 862 829 643 118 346 238 582 373 501 676 871 496 267 55 330 893 87 430 129 884 141
496 497 510 503 522 515 466 513 480 458 445 522 536 471 523 433 486 490 462 406 503 402 599 385 483 471 374 466 543 598 376 522 492 645 571 594 409 571 623 556 536 384 347 305 301 560 500 598 632 745 584 356 272 607 673 534 386 550 277 200 596 704 468 253 394 305 298 759 532 374 828 661 634 475 602 364 545 167 429 428 299 633 239 732 529 310 888 819 314 852 127 594 909 146 172 821 743 745 378 632
496 498 492 517 499 498 521 532 461 539 550 506 533 503 512 538 442 560 460 600 568 531 536 506 574 543 584 614 601 453 362 525 480 427 336 630 630 363 402 335 551 592 586 358 629 486 524 314 725 268 272 280 336 385 546 527 633 651 508 397 265 605 301 659 611 277 604 609 331 836 151 603 573 766 581 281 723 297 454 282 249 552 627 261 478 693 928 217 137 122 912 232 181 258 114 655 205 79 331 607
505 491 488 481 506 501 507 476 469 475 510 442 446 544 447 452 473 523 419 405 566 483 431 532 551 583 389 422 550 380 599 481 579 638 497 344 524 365 469 338 652 312 360 497 552 331 274 495 298 664 309 682 740 578 259 635 469 224 489 521 326 769 662 428 355 404 607 160 423 711 194 767 657 282 194 818 791 874 196 500 834 319 828 287 123 152 695 837 707 188 500 760 74 965 169 572 407 127 565 943
505 493 505 520 506 506 530 462 527 451 494 468 464 487 441 570 485 472 432 468 493 470 480 499 565 387 622 473 635 580 410 466 384 481 641 472 609 576 475 509 344 580 564 461 387 470 412 688 606 672 451 586 613 752 748 533 364 762 258 676 531 780 725 208 570 697 545 794 672 602 170 349 228 639 227 177 225 440 583 788 546 607 436 891 271 229 654 265 357 755 561 359 423 687 974 739 801 389 136 948
501 494 515 492 518 494 469 527 473 481 514 550 466 486 508 526 550 511 415 551 562 434 494 600 493 501 371 441 529 455 376 607 577 460 395 444 465 485 501 658 684 411 434 432 521 471 665 547 597 453 623 571 421 272 357 443 578 574 582 239 726 532 478 288 281 215 766 459 397 791 621 449 525 773 408 210 626 631 340 382 514 443 168 349 479 85 210 66 495 763 495 909 649 607 759 811 741 677 537 911
503 492 491 519 504 481 531 499 513 513 485 491 513 496 543 432 460 550 539 432 478 578 488 401 581 508 503 462 414 483 576 413 538 635 437 642 315 674 372 436 334 568 696 367 684 489 528 285 335 749 289 538 619 699 719 250 579 732 681 675 648 693 406 625 674 253 717 551 571 603 293 328 797 602 290 605 791 702 204 601 776 506 648 745 834 494 863 288 548 875 136 254 503 502 702 975 236 786 307 948
503 502 485 480 483 513 477 470 462 525 491 476 484 466 439 473 446 444 504 560 536 570 386 549 442 541 510 437 460 484 570 629 556 393 544 497 453 386 475 517 497 662 582 537 365 461 279 553 316 378 553 577 521 588 379 459 513 598 375 459 352 445 502 737 465 202 526 800 574 775 465 396 551 480 433 584 871 237 635 794 751 347 703 184 76 588 821 790 197 442 588 84 960 942 536 816 225 808 648 931
505 503 501 505 476 494 514 473 544 483 472 533 525 548 533 497 543 511 483 550 508 475 544 430 505 577 616 387 557 643 590 433 415 669 370 428 554 484 333 432 654 591 644 407 609 404 620 464 654 636 571 517 634 594 683 489 255 336 586 240 788 350 760 398 824 376 595 296 293 446 168 143 860 823 623 336 262 797 481 752 538 765 483 346 176 893 309 852 431 689 352 448 385 343 191 572 664 132 229 863
500 491 486 518 519 523 517 519 474 472 481 531 453 542 488 559 485 507 586 563 401 503 522 599 420 488 415 369 492 431 588 590 460 330 525 335 432 388 468 352 620 583 400 673 460 561 340 396 446 345 692 259 697 564 367 333 585 428 576 445 269 517 515 204 326 729 573 241 454 291 404 780 387 144 538 186 573 700 422 122 404 743 746 154 849 570 274 113 823 311 172 72 141 576 686 173 655 151 689 293
495 499 504 489 485 491 492 516 500 494 493 474 515 525 431 533 457 488 587 478 431 521 446 411 614 475 621 485 565 450 526 382 593 431 462 581 424 509 648 403 647 644 287 598 408 615 719 718 567 526 250 504 235 280 339 578 695 236 575 784 646 324 436 350 513 783 755 633 520 809 526 295 253 673 174 132 761 543 438 307 508 280 536 270 377 653 890 82 669 203 231 204 472 626 833 250 512 375 520 521
500 493 510 490 500 508 498 476 475 519 523 484 479 509 518 426 545 467 577 566 411 454 596 533 461 419 580 377 454 409 584 593 506 552 635 479 589 589 507 432 546 571 366 408 279 653 452 495 672 410 495 421 345 757 503 493 353 359 705 692 645 343 190 686 313 779 275 391 691 444 707 792 754 411 442 719 121 454 198 375 268 354 471 649 135 825 739 938 208 644 827 466 448 448 845 87 239 319 971 40
495 502 495 488 498 513 471 466 514 458 527 463 502 463 449 500 541 501 589 587 512 569 520 522 401 520 368 604 429 433 411 362 406 427 612 506 577 673 561 311 657 627 399 523 422 281 656 524 727 555 293 427 343 340 532 758 331 612 260 781 581 400 257 476 536 343 807 475 365 165 267 789 724 253 175 402 814 355 787 833 841 840 259 250 184 317 802 640 887 411 759 856 191 808 213 109 746 959 11 987
497 503 498 516 491 478 490 473 487 515 471 485 441 547 555 545 572 572 520 428 551 494 544 450 455 620 620 401 563 503 634 611 391 527 636 322 495 382 391 442 406 681 602 617 574 694 481 506 708 420 389 472 665 271 662 465 698 549 708 755 218 513 203 215 455 774 644 210 678 816 727 608 835 143 359 447 733 331 210 588 471 638 103 322 346 456 87 236 442 121 136 537 827 826 613 602 301 655 301 720
503 504 488 505 507 488 507 522 522 488 523 497 550 462 440 465 524 427 484 571 579 474 404 529 613 463 409 452 405 518 500 443 488 432 675 324 400 477 353 623 493 559 307 316 294 470 691 639 348 697 301 412 751 307 552 719 466 654 244 480 247 464 733 748 731 494 196 763 363 451 284 559 841 650 790 202 405 517 513 237 192 888 659 725 601 368 376 176 241 487 702 122 389 962 887 617 429 207 357 593
496 500 510 512 488 486 481 502 530 548 509 513 472 539 493 492 456 573 471 407 523 435 406 494 401 504 593 555 622 621 416 411 474 410 431 352 420 676 650 665 491 530 301 683 380 538 650 263 582 269 698 361 536 646 568 688 731 306 336 529 653 604 192 279 699 754 743 278 602 349 605 314 496 307 472 668 340 424 264 151 634 593 831 835 658 359 568 654 924 475 615 891 403 696 222 583 241 608 490 676
499 497 508 506 512 511 473 489 506 474 451 461 481 502 489 490 491 454 518 572 444 454 430 462 393 593 609 448 626 650 502 363 536 370 449 323 661 415 666 567 383 304 307 676 296 530 355 492 521 685 674 742 649 662 338 610 676 674 682 748 507 376 654 505 346 349 246 519 526 232 816 417 760 809 847 800 426 209 742 296 805 358 179 336 239 909 527 523 603 659 564 789 233 793 407 620 395 124 363 251
501 503 503 517 522 478 508 503 485 521 484 459 543 544 462 572 540 466 466 557 592 608 558 616 564 501 387 571 463 496 524 370 387 511 463 680 468 577 595 335 503 688 690 310 594 418 635 293 564 606 504 753 438 346 734 292 258 522 410 353 320 674 250 800 747 619 819 409 827 368 764 604 405 602 371 706 764 777 154 499 241 386 111 271 828 647 589 209 286 564 767 201 580 351 686 841 896 497 310 117
503 501 491 516 477 524 469 474 503 522 547 490 510 451 471 436 428 555 579 446 490 601 612 483 524 427 501 581 431 592 489 350 633 399 591 348 324 616 649 313 646 525 595 370 490 396 278 291 331 637 258 551 350 447 631 391 613 293 742 295 246 619 269 277 428 170 668 490 502 444 317 305 309 819 557 205 247 469 709 648 298 783 742 738 92 601 691 866 68 800 778 572 772 651 195 181 681 90 741 880
498 494 498 493 522 475 465 534 456 490 495 479 535 527 484 444 447 496 494 491 569 540 476 523 421 502 438 510 407 560 567 498 570 539 673 379 503 545 332 624 368 501 699 466 571 612 619 572 527 702 464 691 692 466 741 300 578 577 292 346 490 633 381 198 208 214 715 341 625 608 240 172 414 843 756 806 488 731 567 516 447 111 516 792 638 402 348 830 422 170 603 957 792 464 415 870 566 286 477 966
495 510 497 512 513 505 495 523 472 472 482 468 522 487 522 455 494 484 405 518 547 493 466 565 562 514 444 474 602 451 350 464 519 473 622 607 345 682 471 648 629 505 458 711 640 504 330 492 602 715 522 651 283 443 287 467 310 284 536 489 230 534 521 257 509 522 282 162 230 198 501 487 419 720 253 240 660 526 860 790 163 613 128 227 804 311 586 686 215 629 48 859 862 388 192 618 867 49 446 609
499 508 509 518 489 502 498 508 515 487 512 502 511 514 521 568 450 471 484 446 601 536 456 586 611 549 529 608 467 606 453 577 573 332 629 461 518 375 550 421 682 710 444 622 520 583 490 377 414 389 298 319 243 596 656 243 565 706 712 561 260 519 590 423 262 670 266 247 172 726 306 147 673 545 663 184 268 331 266 475 893 398 499 426 815 924 712 425 101 314 659 236 313 578 745 819 165 25 190 166
503 508 509 480 493 525 515 506 535 536 462 447 496 448 565 526 469 416 441 483 479 472 415 434 543 491 385 406 583 485 521 429 549 554 408 613 459 367 529 672 386 671 504 564 338 703 448 338 694 472 453 644 745 387 226 451 761 647 320 546 244 660 502 458 203 253 767 515 296 289 512 182 448 850 140 767 803 717 821 163 520 840 653 702 883 867 627 841 725 620 66 497 537 699 925 234 193 688 884 656
498 501 513 514 504 528 471 463 517 499 555 524 470 477 472 432 438 452 504 568 581 607 541 417 432 519 478 623 422 358 596 450 494 657 395 567 475 423 520 535 646 681 530 284 709 718 353 311 393 517 699 334 671 716 771 398 620 547 460 257 344 462 740 643 416 511 362 793 448 411 321 251 797 521 493 280 409 245 727 152 297 588 861 94 900 862 744 90 440 941 114 323 742 593 245 112 929 179 144 890
498 509 490 487 518 488 483 481 511 518 469 558 437 569 461 440 526 540 459 577 446 537 412 568 446 581 429 539 600 491 410 639 517 544 379 415 384 416 314 578 605 519 666 619 498 417 411 454 450 491 419 623 350 447 417 260 285 410 249 704 359 284 649 312 615 353 484 210 466 762 762 226 439 767 543 830 534 474 363 803 258 562 326 700 738 708 842 490 717 684 312 452 833 786 500 413 967 884 261 480
500 497 487 515 476 504 469 462 507 477 555 559 555 485 448 449 439 424 574 521 525 490 573 469 464 478 601 378 575 462 346 502 659 557 577 431 393 582 628 550 303 433 538 531 689 667 691 663 315 258 661 484 376 662 343 241 673 373 240 267 223 640 811 456 226 789 314 308 565 661 602 744 378 302 374 578 682 521 712 445 376 324 670 739 707 482 759 589 539 441 819 229 777 574 646 278 692 832 411 265
503 492 506 483 511 521 472 540 545 483 496 452 480 523 465 457 428 516 562 585 554 563 542 569 534 498 505 592 390 419 585 561 507 339 664 337 612 444 443 633 489 688 366 353 560 373 421 526 548 741 378 572 742 260 477 485 390 634 677 544 781 375 801 473 512 446 280 570 719 362 594 536 609 329 146 129 373 849 145 501 511 744 840 755 513 715 473 200 870 166 537 704 386 791 149 906 605 602 221 700
504 499 503 482 520 499 476 461 486 485 479 541 495 519 465 426 562 450 460 587 529 507 402 539 573 397 372 636 423 406 548 348 597 413 496 475 672 543 564 326 534 452 393 589 402 652 370 407 531 257 410 735 329 574 428 672 259 582 663 282 735 479 732 564 240 301 477 585 770 730 694 327 290 255 426 221 306 576 536 581 617 442 722 120 433 834 613 352 156 265 154 159 435 591 142 327 633 871 923 517
505 510 515 494 478 511 521 489 469 518 521 526 444 503 445 567 571 581 414 553 443 432 414 612 418 613 488 634 465 605 488 355 507 588 609 329 560 484 597 387 490 539 457 576 307 490 333 489 669 681 563 676 647 550 384 378 558 337 208 646 302 328 758 543 822 406 367 483 232 831 811 399 435 838 826 339 801 553 593 872 620 441 820 570 89 116 455 901 168 132 427 466 186 170 777 67 427 835 783 429
502 499 488 490 523 470 490 504 516 542 492 526 483 507 522 522 510 497 447 433 549 578 582 423 494 511 438 405 410 576 417 619 529 365 580 344 597 448 330 425 322 547 477 585 361 294 624 631 586 355 283 418 477 363 449 255 369 266 684 363 671 331 416 692 357 459 776 695 342 206 527 510 767 696 812 762 317 312 465 562 479 245 342 128 758 769 222 886 271 734 594 455 697 951 40 119 139 728 448 599
505 510 496 505 511 493 501 490 503 460 445 542 526 446 509 500 487 465 437 529 476 529 439 442 584 469 620 522 533 524 590 560 628 554 586 633 369 653 686 388 402 485 590 453 614 591 570 609 323 525 489 707 446 366 399 488 255 592 281 521 414 298 634 380 685 570 183 594 290 198 162 619 337 433 234 700 835 581 754 637 868 394 881 151 303 544 659 270 96 928 104 446 270 885 211 551 57 962 874 932
496 493 489 513 493 523 520 509 533 477 543 456 457 559 549 469 581 437 551 550 503 532 610 458 402 452 525 594 505 390 637 651 441 417 405 534 648 486 360 419 427 353 524 288 382 473 485 614 742 721 686 553 517 379 574 586 254 253 454 646 694 798 629 376 589 438 343 792 474 406 496 654 142 813 768 517 813 673 846 450 723 606 415 382 632 169 386 700 626 336 719 811 645 807 212 424 423 171 63 546
505 490 508 520 487 491 508 523 479 510 468 441 493 438 559 426 490 542 458 507 586 434 406 398 473 412 503 418 547 550 431 575 626 377 352 325 587 535 604 572 674 602 316 553 279 283 552 488 639 415 706 620 345 350 510 732 421 272 233 293 226 784 429 299 463 273 255 411 192 348 378 355 374 654 789 783 230 291 517 694 897 521 696 581 311 110 199 306 325 937 712 894 302 606 128 238 471 672 268 363
503 505 500 504 508 515 465 539 473 463 456 448 499 466 539 573 489 414 472 414 429 453 396 446 607 442 625 537 604 518 641 516 553 606 528 446 597 434 472 496 614 603 309 661 560 508 722 415 646 561 737 414 352 367 279 291 538 558 625 467 727 436 460 731 645 439 366 264 581 150 165 726 383 843 241 744 782 230 768 215 508 517 863 383 758 793 454 914 751 124 816 840 941 800 133 448 440 92 188 815
495 491 492 507 512 481 485 465 531 482 453 494 470 562 510 457 473 559 578 458 575 526 526 427 476 608 422 534 439 627 592 345 483 669 560 403 557 394 344 430 597 707 289 495 486 329 684 662 696 661 445 355 362 515 380 289 222 646 465 333 278 316 511 549 578 563 615 238 839 189 594 793 863 759 576 204 227 420 486 866 382 499 98 781 742 923 781 692 634 663 537 356 706 409 611 169 704 235 251 598
502 497 494 506 485 481 530 507 465 541 519 527 500 565 566 579 514 525 528 503 431 476 393 515 538 545 600 408 435 571 480 407 524 417 366 622 433 555 691 546 503 374 673 535 526 545 348 620 667 511 388 336 476 591 757 363 519 273 681 362 686 588 623 333 572 514 650 775 800 775 778 434 237 350 724 775 364 504 639 670 363 640 234 471 101 167 164 441 902 939 928 55 180 965 556 600 473 470 591 857
495 506 503 513 481 503 485 492 525 550 457 466 553 504 495 565 515 410 569 457 604 477 489 408 446 480 602 456 577 530 650 600 563 423 387 385 430 523 576 660 623 675 473 345 664 373 711 738 604 411 493 327 353 288 645 514 429 734 556 402 511 645 463 789 265 757 793 484 767 787 798 466 407 168 301 609 399 479 287 835 226 602 359 466 409 364 378 539 546 425 937 263 58 835 251 600 662 145 580 399
500 507 497 520 510 508 468 526 461 493 555 509 492 527 534 430 475 523 466 451 412 579 386 591 510 438 629 477 416 567 370 546 389 584 330 412 677 519 462 584 326 601 660 494 689 592 306 633 637 687 316 654 311 584 361 601 234 414 786 793 334 327 397 197 818 359 734 648 559 215 360 794 422 687 133 485 364 593 280 730 878 183 587 617 164 624 129 572 308 236 532 758 268 270 175 711 949 689 462 932
