495 492 494 485 477 504 534 486 478 490 486 488 470 566 564 453 564 555 410 577 579 451 536 426 479 405 552 362 590 428 564 341 360 425 495 440 583 617 659 576 684 493 673 408 511 462 377 704 699 550 408 662 321 382 452 484 225 590 596 597 366 800 262 370 369 778 728 561 471 273 536 320 701 574 165 574 133 372 435 755 128 319 348 611 532 708 472 274 435 172 170 672 868 95 695 127 500 671 870 411
501 498 502 498 514 495 466 464 541 450 467 445 514 472 499 559 541 418 464 553 585 436 418 553 394 582 521 397 442 418 540 416 426 402 377 622 628 684 641 627 336 323 565 301 688 708 589 658 528 671 459 512 634 343 764 751 241 466 481 244 555 536 766 686 700 508 558 234 232 351 404 556 730 729 807 604 349 554 753 128 403 115 597 197 386 771 230 457 469 375 434 794 112 548 49 648 781 968 789 283
505 491 493 507 519 526 508 517 483 457 552 536 534 440 523 492 540 416 514 503 402 583 450 614 559 579 401 442 415 393 625 484 491 388 547 448 483 481 361 679 694 685 407 441 718 294 371 693 583 471 556 690 479 508 755 755 278 370 280 227 668 325 461 400 597 381 521 433 751 477 244 675 725 790 721 372 418 268 313 131 304 390 358 633 513 562 93 367 611 728 410 219 173 169 484 354 304 216 475 267
496 501 504 491 475 526 481 508 468 473 500 527 526 519 501 478 526 583 566 457 556 561 551 560 507 469 612 413 438 372 651 465 420 629 375 472 632 634 450 531 447 310 687 325 479 521 272 581 700 314 464 323 738 714 457 777 727 716 529 756 732 393 341 772 339 432 303 502 334 697 578 840 402 649 510 273 360 814 299 258 579 670 620 631 100 769 291 697 81 902 842 210 495 316 836 932 36 807 883 283
505 501 486 484 495 509 527 519 473 468 492 489 448 545 426 450 501 463 594 558 573 577 491 396 562 406 518 415 539 586 527 598 407 401 659 337 362 605 502 571 461 570 604 664 585 380 516 651 301 455 656 415 309 474 677 750 373 731 571 590 326 340 202 487 373 324 595 211 572 748 541 227 736 756 136 537 364 187 816 720 277 482 587 644 675 795 371 656 940 137 574 694 368 40 893 700 400 492 143 330
502 508 495 494 478 500 535 509 457 547 459 463 548 481 497 534 433 460 516 536 443 475 575 575 416 455 547 421 433 366 438 445 630 497 492 393 325 510 439 695 501 512 482 706 553 697 373 733 314 545 432 582 645 343 476 717 272 775 718 653 246 693 430 580 687 735 696 492 828 609 757 254 817 409 402 123 410 490 615 198 496 799 262 87 707 898 533 103 891 838 527 655 455 955 673 473 440 981 889 662
502 507 495 495 484 523 517 496 484 505 491 441 455 556 544 436 553 454 498 543 508 399 500 466 387 544 374 587 585 479 513 566 565 517 500 335 633 422 481 368 535 430 626 534 593 458 522 380 692 580 368 422 679 235 362 367 283 757 771 780 659 539 735 513 254 818 410 433 600 493 623 595 289 452 674 707 793 646 317 750 241 626 881 741 884 918 377 241 641 156 465 91 623 592 592 731 490 150 639 289
496 497 501 485 483 516 482 498 529 470 545 515 491 552 503 484 490 457 488 538 566 418 463 594 432 602 560 606 358 461 459 536 395 362 646 421 551 395 331 614 615 623 614 308 714 553 427 547 401 692 424 547 620 387 643 730 761 303 210 362 696 245 508 227 698 571 681 202 231 315 185 538 252 771 377 875 885 271 489 354 509 867 846 340 476 881 261 255 868 336 211 252 670 768 250 278 773 492 312 549
497 499 496 491 478 519 484 517 536 493 530 499 476 515 554 533 442 446 463 506 562 588 600 478 387 616 633 590 583 456 592 547 619 586 567 522 575 417 684 389 374 539 496 572 613 317 548 356 410 348 316 627 331 626 526 618 467 434 696 498 550 664 642 241 252 803 750 726 670 756 346 858 185 767 129 827 474 204 751 487 435 496 856 898 368 630 196 646 782 387 376 137 368 453 815 880 505 838 723 159
496 490 502 502 508 485 522 479 462 509 498 508 532 564 516 561 531 463 540 587 512 571 426 532 499 440 406 415 448 420 546 439 351 509 365 586 411 531 487 427 436 403 678 331 360 489 517 333 547 619 704 671 628 294 690 265 364 685 369 477 784 248 472 498 552 469 250 617 739 684 454 162 294 817 206 551 126 110 663 485 542 541 467 389 703 125 896 657 223 371 290 770 289 508 66 824 325 752 314 239
496 501 514 492 521 493 468 487 503 533 461 535 555 473 505 553 427 482 554 500 479 559 588 489 472 556 475 455 584 640 488 570 479 618 637 510 369 684 628 466 620 362 320 366 370 519 567 620 294 572 404 335 509 441 715 356 536 328 673 305 716 538 705 647 207 441 523 473 429 236 339 147 546 427 325 739 668 351 745 420 661 896 228 380 157 774 506 839 626 627 388 501 87 606 647 942 847 138 839 280
505 497 515 486 482 500 474 540 458 492 517 463 502 547 527 437 494 504 567 541 491 546 612 498 531 478 519 633 416 556 582 619 628 567 467 427 500 436 399 514 609 673 303 668 649 380 689 469 664 367 624 532 240 466 229 500 445 666 364 349 554 575 434 803 248 467 798 718 527 594 848 192 258 162 604 674 239 780 443 316 363 293 111 654 509 328 520 164 779 346 594 942 711 208 371 756 16 569 469 690
499 494 509 497 518 515 498 496 520 489 519 453 457 519 438 525 443 589 525 546 433 421 449 414 609 453 433 482 475 544 425 649 482 559 651 350 443 601 433 409 562 567 409 655 304 509 732 415 283 643 491 530 686 646 671 234 593 631 488 800 759 491 575 590 206 560 645 369 588 576 639 544 654 778 789 668 314 653 655 194 875 874 765 295 867 641 850 209 639 359 849 148 322 698 662 73 540 274 136 57
498 507 504 491 513 481 512 499 523 533 492 499 500 439 535 533 467 509 507 527 463 464 612 513 615 516 558 475 564 360 447 414 586 348 577 538 333 647 582 659 412 628 533 590 431 633 429 439 270 361 608 569 538 553 438 642 547 299 754 710 627 544 437 627 295 678 689 615 563 567 736 824 542 169 843 636 496 444 298 705 816 533 671 360 186 885 246 645 243 74 626 709 422 809 302 216 130 142 463 457
499 507 510 490 488 490 496 524 497 469 506 504 509 534 484 452 419 514 590 490 574 602 495 575 488 446 511 637 516 496 371 595 582 617 451 585 636 500 554 581 500 402 421 494 284 305 485 716 698 711 262 271 241 502 753 356 578 252 365 420 729 300 498 252 515 190 807 344 185 462 604 329 173 179 538 830 211 337 389 513 605 725 532 517 665 711 837 561 748 757 910 118 103 719 366 172 608 666 994 832
500 494 515 498 510 492 524 463 526 464 506 444 493 556 487 423 563 503 536 551 597 443 550 618 484 571 618 512 552 395 520 350 419 378 579 586 397 503 587 432 664 591 610 695 432 340 719 656 258 667 295 611 569 532 752 512 231 760 571 745 643 703 330 755 434 775 215 747 445 289 300 279 396 635 648 876 383 840 326 705 211 138 705 583 242 541 468 411 881 212 585 433 88 148 293 262 113 832 457 383
504 494 492 508 510 527 486 472 534 543 527 526 539 449 437 465 469 588 571 532 574 507 493 598 616 622 411 606 612 524 561 541 584 488 416 507 429 677 521 517 516 567 302 416 575 393 355 388 455 456 353 425 523 539 640 676 413 551 280 658 674 364 689 663 797 671 658 604 665 511 852 685 393 774 821 513 811 319 544 556 118 459 544 819 207 668 449 66 210 842 130 643 222 888 706 155 497 734 536 287
502 504 488 491 515 510 480 502 464 516 521 541 481 544 464 496 448 445 481 463 539 538 542 380 532 424 478 367 445 467 402 631 369 590 652 451 385 493 552 593 325 299 398 362 647 416 569 606 551 455 463 610 664 272 626 236 559 783 548 570 676 727 725 298 336 595 635 357 710 805 311 612 281 647 589 517 818 263 466 575 297 508 100 644 626 268 121 111 401 335 573 232 742 793 70 401 763 839 391 606
505 505 505 518 510 477 497 480 520 520 497 482 561 482 443 468 504 534 410 468 412 575 529 531 562 480 572 616 400 398 368 638 591 366 362 402 654 603 337 515 332 621 366 353 491 397 461 423 708 332 641 484 527 379 411 551 228 551 477 710 577 214 358 389 422 208 657 233 573 523 390 605 165 620 858 225 744 655 814 404 336 468 517 113 753 557 560 309 485 694 464 230 622 220 370 352 807 968 352 130
504 497 489 494 495 505 487 467 542 452 540 525 451 436 444 421 479 513 542 554 460 455 503 586 440 473 397 495 540 353 585 382 592 427 532 325 533 556 516 672 693 512 581 590 329 667 462 576 401 616 259 584 289 280 430 773 604 653 484 563 598 510 450 345 587 667 246 668 255 268 546 719 805 626 362 590 352 403 604 843 424 145 474 561 314 862 365 445 675 332 682 590 276 226 941 249 44 101 53 845
495 510 497 505 500 519 506 515 462 548 447 455 457 530 562 558 565 570 552 442 474 541 405 417 511 384 478 608 485 600 466 645 465 419 638 524 674 449 487 611 484 353 322 451 324 538 523 496 362 412 664 383 689 739 466 675 524 432 332 300 642 263 658 663 439 499 203 476 751 669 492 204 348 475 224 504 349 251 375 290 512 681 646 341 429 356 652 458 60 614 802 512 396 793 447 614 282 281 25 360
503 503 488 515 499 520 500 508 474 496 469 499 463 468 487 431 523 543 483 528 509 597 488 503 450 597 523 479 366 557 519 634 450 528 409 542 561 523 600 309 406 302 589 347 474 482 506 536 626 411 703 718 284 354 623 535 293 456 606 226 550 327 358 679 255 184 596 475 156 797 500 548 861 137 414 127 462 709 656 842 866 278 543 820 802 551 219 856 465 678 848 925 151 317 152 82 466 776 367 131
495 508 508 500 521 485 469 532 476 538 482 497 536 438 459 556 499 489 517 479 473 475 530 556 464 547 591 585 426 570 553 468 573 654 449 624 644 585 332 365 513 652 551 460 637 634 434 438 613 284 486 413 454 566 453 588 597 667 266 291 784 563 693 765 432 599 706 668 268 672 461 643 312 445 875 624 624 773 779 169 833 341 674 659 231 202 827 884 357 382 736 411 581 852 423 97 912 989 978 842
495 509 492 491 520 520 509 516 521 524 496 512 477 432 547 529 558 513 431 599 596 451 468 564 422 516 438 426 533 611 528 603 471 431 612 326 651 535 550 409 522 305 453 366 579 419 468 293 623 464 594 600 441 698 603 501 292 294 500 359 674 449 622 797 613 366 702 746 275 253 773 831 579 497 193 352 409 794 818 336 670 155 93 914 636 777 739 261 287 746 221 358 401 257 271 830 178 64 686 366
504 505 514 510 496 516 508 474 455 496 550 491 527 476 512 465 432 537 439 411 497 428 614 438 460 586 433 591 410 360 394 626 507 481 654 372 600 311 556 602 434 487 559 492 692 573 626 611 497 530 372 712 236 401 758 731 686 609 406 529 274 342 788 733 510 481 577 762 734 614 351 180 519 638 172 833 377 752 272 810 682 290 457 841 174 421 888 367 923 778 795 906 494 263 301 804 445 725 460 993
502 498 514 489 507 526 469 469 541 525 483 507 527 559 468 467 559 478 568 597 458 454 513 591 613 410 490 498 426 397 533 573 552 525 664 503 413 477 619 592 400 292 293 691 628 525 366 650 468 286 742 698 245 352 714 420 490 371 475 223 394 478 676 521 664 828 560 163 256 668 610 692 462 869 753 801 707 853 698 330 628 434 190 466 164 805 66 271 932 180 334 191 964 31 214 154 961 125 132 109
502 503 489 497 521 522 527 516 456 526 456 466 525 527 539 462 558 495 570 474 507 545 390 454 474 609 633 459 482 555 601 582 572 448 436 643 378 384 472 428 444 389 399 641 631 275 587 415 513 633 616 488 611 278 459 563 313 349 395 308 383 551 334 766 499 265 541 278 282 819 477 802 218 763 272 696 802 355 415 892 779 754 260 715 96 657 659 325 377 589 201 957 715 941 130 750 942 963 294 877
501 504 489 497 490 516 502 509 463 465 499 545 530 460 530 497 556 441 537 425 598 583 496 447 426 420 425 511 599 596 502 489 369 516 596 638 389 604 678 484 622 674 346 426 303 730 297 494 737 748 259 500 244 324 256 687 749 346 746 213 225 790 368 447 488 648 478 203 429 644 852 346 713 140 336 856 586 361 583 384 270 425 836 184 597 391 824 78 148 525 74 65 88 926 37 333 612 21 946 621
498 508 505 511 509 480 488 537 460 451 554 528 513 496 508 534 505 579 560 437 456 415 468 453 602 564 534 476 591 533 546 591 576 622 643 522 362 677 688 555 416 404 423 641 335 486 535 604 273 686 327 655 714 701 720 450 640 241 314 268 606 805 465 418 672 547 187 195 405 807 216 223 322 146 198 825 447 340 384 743 324 482 714 610 838 388 268 307 191 435 764 256 166 459 917 617 783 230 706 305
500 493 502 488 499 480 532 523 487 543 461 508 540 497 554 547 515 449 444 420 568 461 550 508 520 621 618 488 580 360 494 408 336 434 563 580 315 584 681 697 434 445 687 404 381 399 336 716 704 560 693 484 410 494 734 592 775 373 660 476 428 482 209 250 763 732 432 797 644 739 440 655 203 807 730 578 871 325 677 252 195 568 597 624 221 146 911 816 72 139 111 626 150 61 610 575 215 642 799 559
499 508 505 486 487 504 507 477 486 541 543 478 546 486 535 516 535 481 563 587 431 466 570 568 552 557 533 440 468 569 517 619 536 488 465 345 449 670 679 320 666 424 503 420 357 544 419 509 527 291 334 656 237 738 428 707 584 665 590 417 615 505 560 438 205 806 763 761 815 776 227 765 780 710 408 783 784 353 493 465 625 449 740 631 783 316 198 596 471 567 349 766 874 217 632 293 430 717 370 422
496 505 499 499 480 525 510 511 483 471 459 519 549 478 508 436 546 567 561 597 558 546 609 453 548 534 404 542 386 492 489 561 622 611 559 616 331 479 626 574 535 573 400 583 556 371 474 321 587 684 458 728 378 358 252 699 436 561 416 216 348 400 790 769 719 575 674 214 755 661 765 837 495 188 468 359 491 421 119 763 397 468 773 662 108 711 691 440 173 177 159 687 904 177 913 539 874 881 238 879
498 495 487 520 497 483 534 497 509 530 537 505 530 445 538 502 493 572 454 490 451 538 584 534 415 419 449 412 511 385 629 506 398 668 560 390 613 395 661 593 355 316 371 518 608 384 325 327 537 623 519 729 271 607 470 238 728 528 521 410 688 422 733 458 711 305 824 534 208 479 251 204 860 546 831 713 507 532 761 489 711 493 349 780 212 158 903 709 266 212 367 74 225 507 81 348 835 621 347 3
505 505 502 511 481 497 468 533 458 508 481 534 532 471 527 563 554 581 575 475 559 582 441 528 623 576 420 465 583 370 453 660 601 532 490 577 490 380 555 338 527 443 667 483 324 510 392 541 686 443 491 674 577 268 227 761 740 401 785 336 256 442 442 580 278 646 279 611 602 401 323 369 427 457 542 356 471 491 705 260 248 200 642 542 783 205 78 683 394 937 693 498 505 391 283 650 714 82 465 173
502 505 505 517 492 506 503 493 479 450 504 511 497 569 539 498 489 469 555 440 397 532 535 492 410 557 460 515 536 454 614 640 367 558 345 575 524 647 405 577 481 404 584 681 280 537 429 278 301 621 395 274 309 299 650 716 416 503 339 634 764 471 331 449 527 305 472 354 302 417 473 559 359 797 814 335 407 614 141 483 231 487 521 274 192 726 881 463 278 537 391 640 192 53 420 48 807 257 424 757
496 499 486 489 481 513 531 460 459 477 503 444 511 538 505 450 470 578 573 585 428 426 391 499 604 572 626 545 486 499 623 486 352 372 581 378 592 381 351 465 523 309 390 282 705 400 460 313 741 691 736 473 678 274 254 673 542 636 496 541 795 607 331 711 367 395 589 263 590 739 399 145 240 444 498 351 560 119 342 705 127 447 158 563 490 353 829 728 349 410 416 731 230 808 453 501 872 651 279 485
498 507 489 481 506 508 529 470 493 474 448 509 523 502 475 490 466 466 467 422 477 391 408 620 572 510 487 517 616 512 618 496 479 584 637 445 326 680 583 321 405 381 666 562 450 405 397 354 609 453 254 535 752 618 734 353 292 753 223 736 680 431 732 789 774 684 528 494 470 235 815 368 471 499 207 306 334 475 164 871 667 749 194 212 97 424 678 306 71 685 569 211 175 218 656 265 674 540 916 808
505 507 514 514 483 488 535 482 518 459 452 478 442 456 440 568 512 563 530 402 563 448 533 502 432 423 377 391 568 642 394 440 453 410 509 448 435 340 322 587 598 676 697 556 396 342 575 641 312 302 721 744 401 590 516 531 500 641 641 587 782 718 236 209 604 363 534 321 442 403 322 152 225 350 502 858 387 188 504 719 825 101 670 226 444 124 362 637 374 932 192 316 523 487 810 815 480 742 247 341
499 494 490 504 481 472 480 462 544 513 533 452 529 511 530 513 435 445 423 548 522 544 479 553 483 539 506 457 380 513 590 367 494 650 523 659 451 514 662 574 687 520 634 342 301 652 373 739 631 746 557 287 691 258 567 539 478 719 743 335 497 298 264 425 721 783 636 207 637 501 498 812 490 572 264 269 691 239 643 360 193 105 854 485 345 814 634 865 210 525 381 604 215 113 109 373 732 307 33 910
496 490 513 518 511 513 475 488 479 502 517 515 522 536 428 440 482 536 587 470 584 430 537 475 576 427 535 391 641 480 645 582 625 624 511 546 448 547 558 458 657 504 708 535 495 294 516 393 526 292 289 454 606 261 556 319 659 243 346 420 781 201 325 377 435 409 397 540 413 433 248 610 247 181 792 507 768 364 336 443 338 674 809 189 129 799 203 221 331 629 115 242 397 904 513 791 867 780 504 615
505 501 503 517 500 492 497 487 467 522 494 549 553 568 462 563 570 470 578 578 543 451 459 464 390 479 635 439 558 540 637 601 365 667 665 557 342 385 628 483 377 298 549 475 472 501 648 717 448 654 674 623 278 513 447 501 642 677 292 620 451 490 386 341 182 732 296 349 681 778 725 650 200 835 211 605 827 152 357 364 238 449 714 423 680 177 515 772 64 71 790 797 567 639 881 104 171 398 632 97
505 490 514 485 501 524 467 484 457 468 535 462 492 512 483 529 528 473 521 412 583 589 551 604 607 475 532 499 422 394 549 569 542 520 654 554 321 561 353 632 642 329 515 486 581 507 302 554 312 558 634 737 307 487 731 731 470 676 241 634 768 452 519 408 237 614 413 454 426 480 273 274 352 488 460 628 550 595 379 276 842 523 199 898 810 792 231 634 523 876 467 547 788 847 368 497 892 494 154 661
500 495 510 504 513 504 485 471 528 466 512 484 451 552 492 427 421 426 516 566 486 500 419 600 424 453 538 592 619 382 617 560 541 377 498 641 596 325 439 569 643 547 692 671 590 443 324 374 528 696 456 286 257 301 557 356 727 414 493 519 350 289 398 546 453 495 367 525 218 231 795 723 598 606 521 619 848 783 336 222 569 409 337 400 205 907 109 744 391 893 664 621 323 757 121 113 500 466 858 948
499 507 511 503 493 509 522 536 519 483 540 548 542 560 568 543 431 512 467 563 508 599 546 400 453 520 485 461 552 371 416 421 559 468 618 560 676 455 665 386 365 354 354 561 398 402 446 387 662 427 535 618 759 671 236 777 249 706 585 499 406 545 223 752 526 431 487 839 348 345 561 659 171 594 276 258 293 603 473 194 120 550 676 772 849 690 593 191 406 86 295 639 200 412 753 124 292 806 521 159
497 504 502 485 493 507 513 525 473 549 535 472 510 466 514 426 484 544 423 539 571 564 523 557 419 539 522 391 359 582 399 562 365 510 377 507 617 467 470 459 384 701 464 330 699 368 355 626 313 354 686 421 379 327 641 421 696 472 513 224 413 503 716 226 805 197 401 345 622 248 302 338 246 850 363 840 175 829 405 472 161 150 400 727 529 282 542 185 661 52 183 850 204 893 525 665 872 94 709 528
502 498 510 518 506 488 483 517 470 516 452 548 436 541 469 555 493 475 528 527 496 602 450 579 569 595 580 510 539 616 419 659 544 360 488 550 648 479 467 586 451 631 688 376 394 530 330 613 397 534 546 440 501 550 365 351 752 449 329 237 755 380 394 358 490 798 322 470 345 214 375 740 673 394 788 505 595 281 407 114 172 195 257 747 415 912 540 275 75 256 571 416 582 57 802 784 323 283 223 263
505 490 488 491 475 523 488 513 458 537 521 486 510 468 551 565 506 583 520 419 577 540 531 512 516 427 495 488 582 433 498 563 431 464 533 330 317 558 312 338 414 374 323 348 678 649 375 378 350 605 707 455 712 318 541 393 415 386 660 440 471 455 575 471 501 788 491 498 362 598 742 560 780 131 448 248 315 149 382 555 640 869 750 217 504 821 305 277 101 923 401 933 381 239 435 924 592 917 713 510
496 504 509 517 513 518 489 536 491 479 511 440 556 450 569 510 440 414 553 435 429 451 408 505 430 385 497 433 579 439 640 394 468 536 426 320 477 384 638 445 681 476 570 306 605 439 326 340 326 320 405 555 625 549 263 623 412 252 334 366 595 549 392 258 276 536 202 531 324 621 676 616 139 419 141 595 220 310 446 120 676 514 459 799 483 701 278 134 306 878 122 923 306 184 697 46 575 24 348 258
502 505 491 511 490 523 527 510 505 457 549 502 480 495 566 479 473 474 502 482 458 490 450 468 439 377 389 368 490 396 539 350 370 353 487 673 414 592 664 604 615 446 702 626 572 471 682 303 484 737 346 346 588 250 439 507 356 219 622 584 390 757 320 803 711 250 343 260 363 587 218 692 563 429 140 262 875 541 428 264 618 469 752 636 660 803 586 686 329 537 777 930 562 852 310 66 977 393 409 53
499 506 510 519 497 470 514 513 520 481 483 546 501 500 517 437 500 449 551 599 551 559 565 562 440 428 398 461 491 433 482 568 423 569 339 535 491 550 335 365 547 670 425 457 700 402 575 431 732 264 498 646 723 688 435 700 712 541 724 435 353 786 729 661 235 798 606 706 632 665 165 378 505 457 696 457 703 120 218 722 792 676 781 541 839 553 504 761 297 395 673 518 209 554 658 170 829 219 782 361
496 506 508 507 512 477 495 509 465 492 451 515 545 505 554 570 547 414 453 535 426 489 521 406 397 552 405 449 416 507 558 470 661 432 439 632 675 663 420 379 704 400 513 298 620 620 329 511 339 479 408 750 392 441 470 472 742 421 373 781 656 800 382 337 654 335 448 535 717 540 450 562 363 249 726 310 717 474 200 734 165 490 770 667 326 623 695 450 443 367 698 642 935 412 874 317 251 564 700 164
496 508 511 491 481 492 482 535 535 530 548 546 564 451 472 501 572 468 477 512 540 506 544 402 475 421 385 617 525 452 625 580 450 348 511 411 410 392 675 416 380 398 292 425 392 659 442 534 343 339 739 249 466 440 425 706 527 227 256 780 371 371 639 765 771 442 433 534 324 223 655 261 451 329 493 417 133 540 165 427 465 829 512 106 272 131 606 209 742 652 683 287 110 904 217 628 898 965 107 550
504 490 497 486 506 486 497 477 465 455 533 516 472 559 508 468 492 483 559 417 574 601 506 558 525 379 618 462 581 587 407 483 342 604 662 628 673 533 464 576 566 694 294 306 597 312 525 423 650 323 482 670 428 292 497 713 261 289 600 613 718 701 560 185 344 758 583 611 310 170 476 564 277 298 482 291 636 372 456 845 775 387 194 741 833 291 638 838 544 74 486 100 887 161 909 657 164 90 350 571
500 502 511 520 500 482 519 509 478 457 483 473 541 493 487 431 570 572 515 597 489 551 596 533 429 608 619 369 420 553 535 348 344 354 356 607 484 549 647 603 539 433 555 685 558 388 279 583 356 623 573 303 511 555 454 267 600 279 770 351 265 624 471 287 389 691 693 751 785 283 779 535 271 608 243 294 516 879 633 453 222 325 523 610 236 840 671 889 879 946 460 228 499 743 201 125 25 705 732 432
498 500 495 486 485 526 471 506 461 488 467 530 466 454 430 480 543 515 582 502 420 471 570 578 559 561 394 421 421 464 513 608 424 571 568 557 372 503 309 433 336 612 452 422 561 377 324 445 385 258 466 757 487 392 747 644 485 247 541 753 360 494 783 485 462 292 613 640 474 222 683 487 144 355 574 780 456 646 563 449 876 796 573 307 828 279 760 840 478 899 906 197 515 399 699 529 252 819 537 96
500 507 496 520 511 487 511 475 469 539 500 462 436 458 552 441 561 491 471 494 527 537 582 466 384 456 551 550 493 516 423 347 373 362 368 557 521 379 565 551 346 692 537 380 624 651 395 406 473 380 709 710 579 395 731 658 737 445 478 610 216 282 333 394 630 293 225 459 303 608 706 684 667 870 488 597 222 157 803 289 637 617 719 722 390 359 704 145 112 478 110 759 811 640 123 113 574 51 457 50
496 503 489 489 497 494 477 465 463 474 461 460 549 559 514 456 497 526 534 431 522 588 508 541 558 467 382 385 362 500 481 479 395 605 616 643 465 360 520 588 630 454 321 340 299 554 345 572 519 571 381 445 264 619 307 726 243 212 208 458 357 576 715 219 529 594 187 652 565 287 405 218 821 641 858 721 196 134 335 896 522 314 827 727 893 837 554 203 668 365 745 955 642 906 398 416 694 270 434 245
496 504 497 493 485 487 477 461 497 456 500 535 444 516 534 488 510 554 437 525 586 488 593 456 605 413 556 478 546 529 494 465 390 656 559 550 602 403 633 364 565 407 693 413 647 626 657 613 259 625 621 404 499 713 547 275 357 588 281 533 577 228 537 379 782 458 325 504 708 450 504 689 600 336 592 412 475 827 780 535 407 179 170 237 239 738 478 104 466 185 404 544 211 438 715 425 48 536 960 437
499 495 495 500 508 506 533 525 531 481 450 457 504 554 469 536 490 428 469 411 594 599 517 573 609 404 456 369 598 402 446 441 421 375 522 390 619 475 362 681 559 697 471 372 612 696 449 631 289 574 470 434 609 674 245 714 366 502 282 780 770 219 550 612 439 807 168 184 751 695 501 268 551 215 858 245 292 333 524 263 828 314 482 81 336 624 89 121 866 644 129 221 465 519 316 272 416 916 663 182
498 509 503 484 478 478 496 522 489 530 520 498 439 459 550 520 445 442 517 512 553 513 517 523 458 430 458 630 419 596 432 411 608 547 529 594 514 615 410 604 643 377 652 444 717 403 677 484 508 623 641 328 263 359 574 297 734 386 297 738 602 342 393 760 371 246 503 515 632 544 641 505 336 470 226 858 208 119 853 463 271 432 381 442 218 580 925 915 595 756 766 315 37 912 288 682 615 325 138 973
499 510 491 482 487 488 504 539 528 469 503 482 443 475 553 574 472 529 564 545 479 589 566 575 591 391 635 585 557 522 373 353 463 435 415 386 430 677 362 658 383 432 658 673 319 616 273 261 684 627 488 332 394 245 226 658 357 383 476 586 802 710 256 247 551 411 276 263 328 298 242 329 598 346 769 682 704 158 349 805 658 306 97 503 889 797 850 800 270 56 730 467 429 161 604 95 529 559 375 204
501 502 492 500 514 480 528 465 493 471 529 537 551 503 432 491 573 590 420 519 516 411 468 469 507 468 399 587 424 535 372 426 510 409 520 526 398 478 472 442 600 512 577 659 601 695 535 355 531 713 524 541 661 311 523 271 694 524 633 358 392 477 587 509 590 681 810 640 265 544 664 665 174 503 681 585 184 595 672 390 745 776 550 739 606 103 807 100 735 195 896 958 471 289 794 331 375 599 683 183
497 493 496 483 488 511 507 533 525 509 480 447 517 447 484 467 486 526 448 414 568 470 483 476 441 586 374 446 470 553 369 518 344 512 553 545 529 576 389 462 338 689 458 507 680 374 673 628 532 291 264 270 561 763 345 769 684 775 332 245 572 764 640 524 300 802 741 603 374 489 481 344 360 176 686 325 182 370 819 539 652 659 645 333 815 909 172 601 926 732 836 298 46 35 425 320 877 344 257 661
501 496 509 491 508 483 489 460 486 473 533 475 439 544 561 475 505 459 451 408 416 609 495 461 404 571 446 431 384 613 541 370 663 617 367 563 341 405 565 672 360 428 427 324 626 646 693 692 504 326 669 755 575 281 773 372 710 728 447 601 321 615 463 468 795 266 169 311 594 196 804 747 168 439 358 528 643 177 658 299 233 570 852 669 615 471 646 455 760 893 669 249 410 927 654 657 281 650 815 21
499 499 490 504 523 516 467 533 497 452 508 497 463 546 439 515 493 421 547 417 522 422 419 450 522 458 409 380 613 580 500 398 639 551 351 483 397 561 513 634 549 312 436 612 712 306 516 465 325 375 382 308 601 634 442 494 661 457 279 526 510 456 367 300 322 664 599 729 445 545 408 814 735 390 154 738 358 272 110 442 744 171 416 196 491 499 584 645 367 284 429 566 48 329 151 51 172 737 616 608
503 499 501 497 515 485 467 529 492 509 506 463 527 480 479 471 431 520 434 584 420 552 481 489 417 561 541 535 616 410 483 471 510 572 403 677 427 505 501 538 335 566 361 694 385 361 619 297 381 582 301 529 563 584 481 276 657 399 615 644 330 465 710 604 324 434 767 540 705 234 457 616 847 490 675 614 162 320 549 662 744 751 119 443 207 678 859 659 703 206 619 936 373 315 200 193 154 893 516 131
501 504 503 505 491 472 505 472 537 461 509 497 551 477 489 468 554 448 489 570 415 452 596 498 472 448 522 491 487 573 428 398 578 568 631 470 652 665 596 397 417 437 621 576 325 537 624 734 383 333 257 715 313 423 323 353 593 280 779 554 303 340 354 445 616 440 206 644 440 613 242 394 345 519 648 683 345 857 849 515 382 771 584 165 310 367 81 538 616 408 548 799 272 871 100 321 482 60 977 656
496 499 507 486 479 514 504 462 525 497 482 534 444 530 548 514 552 510 433 513 541 504 458 423 514 614 590 568 531 527 423 514 374 330 351 394 319 580 544 688 637 340 591 630 279 364 698 553 703 705 657 547 754 659 486 475 382 597 232 730 618 406 388 415 758 370 655 308 547 330 402 583 461 707 289 555 701 642 231 834 395 562 91 649 458 623 706 777 135 651 175 311 113 171 957 962 40 194 295 236
501 496 510 500 524 527 468 475 533 530 468 550 532 435 519 451 544 544 498 552 548 605 385 427 571 607 384 620 421 417 356 405 569 520 513 399 638 635 358 481 518 307 563 482 671 296 504 467 735 283 496 439 692 626 237 692 716 547 338 302 401 754 335 681 657 633 213 706 524 321 679 540 546 641 595 573 531 867 255 415 592 896 386 668 544 121 401 70 464 392 298 706 404 915 103 434 263 113 504 953
495 496 485 499 521 473 518 474 487 517 537 446 486 484 548 516 486 476 474 510 421 496 571 444 510 437 576 634 396 535 457 442 513 492 354 547 556 438 446 583 638 327 414 596 398 653 475 289 510 644 296 617 516 289 491 310 262 516 351 468 507 364 337 218 689 422 271 160 343 744 342 747 221 450 492 513 874 643 569 250 890 878 761 727 141 597 921 228 545 925 369 290 666 627 286 905 262 929 799 279
502 494 500 520 506 499 488 495 526 544 476 555 450 445 552 576 543 429 494 482 494 412 564 469 550 535 378 611 645 579 619 342 432 353 394 580 615 349 658 601 562 632 689 314 491 599 555 565 635 737 321 538 462 389 653 357 719 742 773 713 541 266 352 490 654 395 583 466 738 417 256 267 363 497 791 151 190 652 801 488 235 302 356 166 170 527 298 206 292 628 49 619 788 441 517 900 350 454 249 730
503 491 506 486 520 480 525 483 536 545 477 548 523 531 554 506 570 429 580 455 484 480 505 595 495 500 505 393 440 628 443 413 619 386 395 661 412 340 419 486 429 574 329 460 696 552 541 505 442 254 493 244 275 628 353 656 277 785 727 662 525 292 483 764 595 279 268 728 771 757 291 513 200 239 346 420 385 681 248 307 523 151 557 278 158 128 570 557 876 145 886 374 235 838 747 854 887 888 833 976
503 492 488 481 512 488 505 509 508 491 445 532 454 455 530 520 526 440 460 546 483 591 594 605 571 488 554 545 601 569 479 384 363 643 663 579 499 436 514 455 395 327 652 636 669 543 412 492 282 393 597 467 439 592 533 599 758 421 772 383 656 573 671 624 455 511 190 671 485 520 576 310 505 270 243 778 465 648 460 794 157 770 177 87 779 357 919 759 192 599 264 154 457 906 743 862 383 382 927 372
505 504 506 493 522 487 530 503 471 515 523 557 475 558 432 544 474 539 513 431 471 474 534 436 518 619 389 428 501 435 454 557 393 373 354 377 458 498 493 531 696 495 712 544 586 315 678 375 555 653 439 545 461 594 638 435 240 720 779 469 668 275 506 524 482 628 288 579 665 454 203 383 227 798 660 370 640 129 159 795 506 521 143 398 94 299 383 877 539 688 951 389 717 615 399 708 981 528 372 890
502 496 489 514 500 485 500 480 543 506 446 460 437 522 570 425 538 514 460 541 414 503 429 583 429 562 391 507 393 594 549 513 532 529 605 529 554 555 315 602 493 593 432 557 456 385 471 571 360 553 719 622 758 515 329 405 399 629 497 513 280 288 231 799 186 455 512 645 530 521 457 153 498 753 260 787 585 833 343 477 688 832 596 772 283 301 925 885 253 925 261 266 476 855 584 387 334 328 122 449
502 491 515 513 516 512 476 484 491 490 446 528 447 551 469 511 544 434 469 535 572 484 505 539 599 459 608 531 445 477 529 487 642 561 368 422 446 682 329 581 610 627 579 680 593 289 509 440 620 736 366 657 758 243 715 611 589 437 282 610 402 274 564 798 224 562 585 505 659 172 334 804 468 861 274 638 497 692 182 501 621 268 573 706 440 323 851 771 521 85 749 615 605 893 100 177 117 493 965 86
505 496 493 506 519 483 474 502 544 484 492 509 538 555 564 430 438 547 586 569 540 464 516 615 514 551 442 391 534 376 498 451 484 610 421 510 522 546 652 678 517 347 551 695 550 312 519 710 353 597 486 599 635 621 654 643 403 509 439 551 224 802 755 696 565 784 179 552 702 249 804 510 465 542 281 596 877 701 393 558 480 791 670 614 205 429 196 843 77 723 318 624 65 40 919 740 674 54 487 743
500 501 486 499 513 508 524 532 476 460 538 545 516 558 517 451 559 549 429 541 546 571 593 405 590 526 596 598 400 407 402 586 649 614 360 348 633 645 671 439 580 455 644 354 719 348 725 608 302 516 502 510 689 618 755 276 308 423 504 536 766 750 480 400 794 632 256 312 183 844 323 553 752 505 605 495 193 132 337 412 802 680 439 581 181 476 727 731 327 446 676 878 64 472 221 292 195 168 495 376
503 502 487 519 510 497 505 473 506 471 452 469 437 533 432 575 516 426 487 438 401 546 582 444 461 558 525 369 385 410 546 656 481 542 596 386 367 405 309 671 574 492 655 459 658 299 632 576 513 294 755 328 390 538 395 656 528 339 610 391 636 551 807 804 236 620 756 160 467 828 518 580 607 509 437 621 243 678 323 134 313 600 393 184 156 462 66 876 538 788 545 731 380 648 967 936 498 835 90 365
500 497 511 503 492 511 517 530 526 450 457 456 440 491 480 522 585 580 558 486 457 559 556 551 384 400 577 362 483 360 556 494 433 382 445 351 385 424 462 660 385 664 701 382 652 533 456 449 652 704 349 421 272 763 525 404 700 340 213 258 213 756 766 223 768 396 424 254 704 217 444 846 199 359 139 564 716 769 365 393 648 249 813 501 416 239 202 720 842 412 80 944 776 966 777 677 69 189 408 151
501 493 498 512 518 527 481 528 528 481 465 543 555 448 563 482 486 532 440 554 542 578 453 463 535 394 419 398 452 467 506 587 591 503 580 391 454 519 488 453 357 388 688 307 394 451 573 571 592 568 530 341 698 732 573 473 390 320 416 258 244 357 666 513 188 342 536 811 283 501 826 348 510 381 419 351 220 347 518 118 171 743 161 358 892 250 710 620 147 391 454 883 806 480 846 52 704 967 578 487
501 510 498 501 503 490 472 473 478 547 504 467 442 430 451 566 557 559 532 522 532 486 469 556 551 380 388 609 554 514 501 420 630 659 392 645 534 486 463 507 536 565 612 370 693 349 556 704 480 361 585 742 270 649 583 272 475 564 220 379 660 625 770 569 481 386 676 163 640 807 221 597 279 391 623 819 144 314 698 144 469 257 658 698 862 402 530 223 727 168 949 80 327 43 34 771 202 495 743 295
501 495 492 480 497 474 470 466 505 476 454 448 471 534 532 500 547 424 579 589 497 474 503 437 449 483 409 435 425 586 551 490 597 554 561 384 579 440 310 696 308 667 415 625 440 502 516 500 304 522 700 439 567 445 263 446 253 550 612 734 355 705 354 558 817 617 759 826 620 773 361 428 823 808 531 421 438 236 153 530 316 187 714 322 356 871 444 89 867 291 143 663 102 641 41 799 389 600 868 653
505 498 503 494 521 505 531 478 517 541 459 556 486 538 481 535 535 542 442 486 460 590 596 520 409 581 419 561 497 402 538 600 587 404 355 418 424 615 508 685 552 636 610 576 704 461 496 435 296 602 301 556 393 720 365 708 588 727 459 346 435 656 586 725 809 208 799 410 799 244 828 193 265 416 707 188 803 571 756 170 269 872 522 561 667 147 156 302 266 867 831 650 112 791 581 934 562 956 299 272
500 492 505 491 500 479 531 492 479 489 498 555 477 545 501 554 516 550 573 517 585 501 469 540 471 442 557 594 419 638 431 358 483 427 622 497 411 617 400 438 418 677 447 713 466 382 569 637 364 366 478 418 283 574 737 467 678 503 744 468 547 386 466 410 548 635 267 616 282 185 148 461 281 372 807 759 691 519 473 827 415 297 533 716 291 115 620 777 280 921 642 833 330 432 941 685 64 388 660 870
497 507 514 500 521 498 507 463 463 461 541 541 558 567 525 552 421 570 558 412 497 517 559 410 527 435 379 529 441 464 566 627 481 530 525 412 381 454 316 499 296 600 460 447 638 648 570 517 720 650 352 708 627 747 503 281 688 352 668 526 328 235 764 248 487 629 593 515 158 365 439 336 239 294 141 289 674 620 361 380 636 878 160 893 101 381 481 615 352 292 415 649 343 689 451 833 914 249 810 726
501 507 489 499 481 488 477 481 463 481 455 556 468 520 518 456 577 416 544 490 467 431 585 393 462 563 578 621 381 380 538 374 616 661 673 621 336 311 445 619 498 400 659 395 571 308 511 647 523 484 365 465 519 730 511 358 429 724 421 216 765 472 455 491 693 762 635 635 629 216 230 268 185 443 515 260 482 235 160 180 700 294 644 822 664 687 513 335 406 440 175 861 867 300 198 783 86 584 742 541
497 500 499 501 495 491 491 499 499 516 467 534 466 511 469 429 468 441 481 463 507 555 499 540 424 433 601 438 382 592 603 390 580 546 531 402 478 328 625 543 499 570 328 509 568 688 491 521 381 633 412 510 292 287 530 466 286 714 415 651 218 343 688 455 823 298 584 502 319 448 584 847 628 548 188 837 399 687 265 712 185 291 814 816 139 523 609 829 81 911 941 52 301 901 645 408 781 709 685 809
501 506 502 512 480 472 487 479 514 525 450 517 503 518 530 516 533 544 435 507 485 505 537 572 563 390 513 371 641 554 574 571 564 425 662 637 543 646 598 386 439 498 314 675 493 500 491 685 418 285 442 477 748 707 448 382 226 313 741 339 636 681 441 303 598 263 292 589 382 261 828 198 434 813 413 640 543 181 386 754 577 659 286 506 697 84 904 891 527 133 158 814 569 744 927 339 107 40 183 371
499 507 515 500 489 496 511 465 492 477 540 495 460 539 438 471 492 454 436 525 548 477 504 537 428 595 413 593 515 607 571 422 497 393 479 450 528 592 694 316 652 694 286 463 665 293 729 618 409 579 317 682 590 733 707 272 643 384 773 775 614 678 394 657 421 820 616 836 608 578 515 377 494 242 284 712 749 229 368 425 561 315 717 655 714 430 527 826 572 703 154 389 843 241 939 307 371 621 178 592
500 494 515 497 497 486 520 535 535 505 480 483 480 516 514 424 522 574 584 443 436 585 386 431 405 426 570 468 599 491 570 363 631 561 486 360 433 488 673 607 502 386 576 626 383 693 572 693 329 356 714 394 299 652 451 428 225 316 783 440 557 574 494 503 249 702 253 475 704 825 807 636 842 474 441 726 864 131 524 338 697 400 755 455 296 681 90 905 533 809 638 211 464 415 694 354 772 951 632 561
497 491 510 485 480 505 483 487 528 495 484 516 547 455 565 447 537 474 410 591 588 533 527 486 430 490 531 398 432 396 527 578 336 464 596 353 581 663 319 439 636 485 352 645 460 281 474 550 673 739 287 453 478 561 731 385 777 713 614 696 195 337 682 207 778 239 638 317 719 799 470 798 636 339 724 314 806 801 397 301 410 196 327 274 198 642 175 631 283 346 613 484 667 778 842 755 549 798 954 714
503 500 500 501 502 488 531 523 523 483 451 548 508 507 490 448 483 539 449 490 527 588 608 405 527 529 567 405 474 636 383 652 546 466 497 644 478 585 354 432 481 492 421 561 357 322 456 650 312 537 504 256 319 683 581 570 748 740 317 395 512 298 526 302 698 776 615 746 304 517 291 293 616 260 857 766 115 226 744 847 840 528 890 642 670 819 544 118 345 148 529 662 323 289 768 322 471 908 242 507
502 501 499 504 514 496 526 460 475 537 493 445 522 528 542 525 477 525 511 539 431 465 592 552 480 499 628 459 563 504 577 584 346 591 651 446 502 472 662 561 693 615 643 346 678 725 701 547 353 727 488 348 479 598 355 643 436 559 636 271 713 248 739 748 408 203 520 480 795 159 269 677 372 497 246 429 771 135 399 792 483 411 562 369 352 448 625 778 720 875 251 752 300 765 661 519 563 275 400 122
502 499 498 504 486 515 496 526 469 476 508 473 521 449 466 492 430 554 561 414 509 519 574 395 557 415 559 380 643 430 578 487 493 573 405 550 347 424 465 695 375 660 644 685 591 695 504 359 693 478 611 643 402 464 587 267 748 543 397 720 427 233 584 559 588 671 623 825 657 509 358 802 391 852 300 217 596 773 289 806 809 827 618 418 434 743 874 222 413 52 942 959 278 611 254 792 304 144 531 62
497 496 501 519 489 520 474 532 484 480 540 449 517 532 445 498 524 575 419 492 465 480 612 546 384 399 573 543 477 359 617 448 388 396 439 427 640 417 576 569 538 470 542 606 382 584 319 700 671 340 453 469 566 419 452 305 394 712 555 394 683 251 506 470 771 449 489 171 465 842 178 421 764 670 846 264 464 279 377 221 760 283 323 388 475 135 75 906 910 63 182 588 511 92 879 87 181 609 652 989
504 495 511 513 497 519 473 536 503 497 474 550 546 487 559 514 563 578 493 578 510 578 486 581 597 499 524 440 454 447 392 429 450 556 582 492 378 591 468 354 408 599 545 345 443 642 473 424 580 347 683 521 353 410 313 579 233 321 381 410 713 750 317 656 306 627 803 396 744 738 571 211 824 263 150 380 409 468 735 399 575 807 912 290 397 464 170 680 327 379 283 54 250 224 430 298 149 321 904 45
505 495 495 491 505 501 526 523 458 458 470 534 478 501 518 536 501 472 561 545 460 448 600 392 573 457 598 449 490 380 359 455 529 470 542 679 541 684 481 524 433 632 553 590 384 392 319 526 285 717 461 290 550 492 745 532 313 482 654 333 595 555 444 289 210 507 792 219 351 635 541 679 665 483 708 400 467 402 402 334 437 816 136 405 396 310 403 92 747 477 887 310 326 462 87 407 73 340 884 825
501 505 504 515 496 526 530 486 524 511 502 533 446 440 518 473 435 416 531 464 525 419 477 422 421 542 611 568 407 373 350 351 590 656 523 410 353 407 689 581 582 379 393 390 386 441 486 365 698 567 709 693 372 704 497 740 704 400 690 776 287 301 371 642 197 557 450 576 164 829 301 414 203 645 409 507 414 885 816 662 697 608 717 342 281 615 136 62 195 646 47 887 285 548 953 702 322 692 796 349
495 495 512 489 500 526 469 492 498 534 451 560 483 505 531 544 425 503 509 461 572 415 530 610 461 385 453 426 465 444 489 530 513 333 539 622 632 681 320 342 547 684 351 512 692 452 437 313 402 485 430 398 465 589 457 773 426 702 425 722 248 780 377 298 720 337 710 285 182 648 712 809 856 251 489 307 518 681 234 533 297 820 317 274 553 335 117 339 308 160 277 97 342 949 126 81 25 111 914 572
