615 938 195 519 745 783 446 375 862 964 748 226 351 801 18 745 389 184 423 612 620 423 836 789 540 662 780 183 167 791 957 1 804 296 301 770 172 780 763 545 610 364 453 319 575 955 379 629 283 145 2 941 312 745 359 886 527 694 745 970 629 432 786 793 792 138 637 266 19 677 957 628 835 30 842 552 778 396 570 936 753 640 28 200 190 848 525 550 344 468 827 119 339 245 937 645 151 937 382 752
223 735 75 627 269 239 901 53 425 917 332 953 55 428 237 636 387 821 855 63 837 300 122 755 239 817 704 678 149 603 637 501 161 819 728 461 902 338 713 960 256 198 329 549 964 523 67 503 545 547 718 446 344 563 912 898 408 405 98 399 956 697 127 462 21 500 84 693 18 775 12 958 501 449 386 781 640 103 373 817 183 282 897 468 94 686 155 694 606 988 962 601 838 329 829 682 232 477 122 425
431 362 45 182 174 267 807 21 143 447 529 603 607 31 882 634 681 205 346 879 111 218 645 768 60 669 487 902 220 968 730 946 71 447 73 764 622 382 744 374 828 0 233 906 370 533 469 943 150 321 333 81 534 702 694 169 381 79 993 615 509 134 209 230 928 913 380 701 833 6 788 163 731 842 808 610 691 445 793 854 267 804 171 263 589 609 255 238 930 801 814 12 22 796 550 167 5 20 938 728
937 966 517 929 529 931 494 905 532 498 277 565 626 371 252 539 693 392 182 353 995 771 495 264 31 908 943 4 769 350 679 853 353 635 592 962 449 423 955 893 179 196 346 353 647 173 87 308 60 684 924 892 375 784 503 65 387 293 305 504 917 70 640 662 186 82 481 346 381 171 947 930 80 236 948 297 602 588 656 483 597 796 994 511 315 818 381 480 450 755 907 97 19 269 420 450 119 484 645 932
591 774 425 468 34 874 1000 321 648 527 73 344 960 306 758 447 746 10 775 435 409 312 519 966 959 711 105 224 257 703 990 770 618 386 226 697 873 919 15 45 868 274 308 782 539 197 472 860 7 872 228 78 864 462 37 854 696 122 367 357 400 374 631 970 741 553 408 874 663 83 248 740 333 544 922 690 156 578 509 172 654 227 875 125 174 479 432 364 169 63 444 565 780 513 849 341 568 503 728 430
720 862 672 551 158 873 353 82 242 34 646 705 547 356 61 150 370 865 665 985 994 423 936 914 651 354 666 508 644 951 293 970 634 387 195 711 500 360 235 193 186 415 933 279 672 897 47 883 100 583 199 943 228 912 361 592 4 925 826 526 156 285 319 571 90 554 472 862 573 63 618 108 841 5 59 308 635 506 878 94 383 296 887 823 287 997 649 916 518 164 594 835 433 300 107 465 330 479 771 944
639 278 396 986 813 820 136 807 779 103 201 182 516 307 371 198 208 854 451 238 582 811 103 730 844 653 19 456 358 69 252 727 907 566 267 31 464 788 414 350 456 119 307 727 819 845 593 536 670 917 257 414 435 808 355 897 807 246 506 646 310 362 181 170 75 778 639 868 445 987 709 701 241 613 594 271 93 78 165 674 423 455 880 213 636 139 645 219 900 504 12 974 924 384 802 659 394 389 321 994
354 972 21 355 48 463 96 266 196 415 357 627 524 344 253 613 903 218 922 843 627 661 283 364 329 426 204 753 553 275 946 432 378 184 577 832 905 511 941 53 128 911 308 73 203 245 50 11 833 426 489 824 362 199 215 926 130 862 805 113 262 79 111 367 732 396 394 832 940 438 118 911 216 666 730 832 713 951 318 883 683 643 805 493 885 253 677 477 302 633 897 663 379 636 801 610 508 997 861 266
679 638 821 733 982 819 394 433 42 119 516 165 394 503 748 775 908 898 67 65 886 625 745 418 64 27 196 917 936 207 144 512 591 259 248 138 48 925 326 706 596 297 466 247 418 108 10 285 848 64 116 440 458 580 598 817 873 102 899 350 504 817 965 47 500 266 59 390 25 584 920 402 1000 604 641 894 87 493 694 971 369 542 62 567 797 750 455 869 255 767 141 407 715 341 665 932 207 555 929 533
995 551 501 860 942 677 341 752 771 704 284 855 348 705 244 203 135 679 986 449 186 367 510 81 408 838 189 250 115 267 772 947 756 490 303 69 122 373 108 571 853 623 180 654 105 748 961 258 539 607 720 15 676 823 222 609 554 620 647 2 447 312 763 801 19 456 311 122 17 816 815 320 323 665 208 259 881 128 769 64 192 515 858 65 372 721 299 651 500 961 307 999 180 486 686 167 347 738 878 24
64 23 818 486 872 671 793 918 585 138 580 188 802 284 100 650 77 32 130 413 243 805 445 472 670 687 215 657 787 261 226 7 564 18 966 480 163 968 243 571 799 39 367 867 60 734 636 637 754 37 430 624 749 337 108 466 742 783 257 709 183 366 496 716 794 273 405 252 233 682 789 380 980 536 808 803 269 588 409 908 984 26 764 964 925 192 405 329 124 332 576 596 199 42 328 533 634 780 582 638
863 226 272 748 928 68 508 861 93 51 21 214 516 247 925 960 101 802 952 7 248 77 557 901 658 857 669 283 985 538 874 983 349 848 236 679 643 894 815 929 537 188 30 884 879 700 403 960 763 983 521 182 475 669 851 721 123 333 599 62 754 509 553 553 640 686 784 945 435 744 865 533 139 587 121 681 369 623 710 36 956 841 265 303 703 587 302 648 670 478 94 61 423 552 580 776 547 606 907 961
480 30 593 956 390 826 463 451 142 412 544 66 276 292 651 276 412 927 116 44 737 350 100 427 800 550 130 423 135 559 220 162 35 817 864 205 858 964 843 176 8 402 22 728 853 652 445 518 513 234 920 498 956 184 822 43 530 641 901 165 534 50 653 686 109 128 289 450 969 714 950 50 587 458 275 940 906 569 821 542 902 923 264 4 458 81 306 870 233 621 55 574 976 234 83 95 184 305 244 216
316 63 225 873 2 909 987 303 853 592 367 409 597 761 35 27 512 308 333 680 372 572 47 737 673 313 124 494 929 962 61 89 930 506 570 351 813 797 430 196 351 33 347 715 534 90 798 937 340 727 280 173 815 417 516 906 673 244 221 641 434 929 348 899 357 383 953 923 840 386 910 576 337 348 650 240 21 898 574 336 164 970 863 942 499 194 253 177 980 879 346 224 488 273 347 957 359 754 666 241
3 200 62 535 966 795 138 937 711 279 911 374 531 686 827 266 979 695 374 108 15 849 59 139 440 743 693 641 999 447 430 788 371 130 489 421 317 569 135 299 865 696 136 903 355 958 482 679 934 792 292 314 231 392 113 22 423 951 571 473 835 261 582 757 539 686 24 992 403 13 385 52 852 199 687 818 618 495 423 5 42 204 201 617 136 344 783 943 895 93 69 197 400 826 488 543 149 193 166 248
199 350 971 938 843 274 974 930 70 844 324 604 820 514 855 809 939 719 463 899 760 636 452 85 803 356 137 146 362 768 99 371 755 570 497 514 958 319 635 835 130 193 544 807 383 315 747 647 74 290 274 318 336 48 765 3 234 660 675 741 453 828 887 308 335 898 339 440 619 248 86 113 707 678 106 44 519 304 531 480 768 863 121 967 116 26 629 674 738 168 675 661 815 515 736 881 490 135 744 737
370 780 560 319 221 813 942 159 944 69 174 52 651 426 669 322 880 98 611 956 911 282 790 729 550 755 89 395 105 514 692 579 592 657 818 257 501 101 552 766 182 896 496 740 883 748 538 927 553 23 394 929 954 873 110 993 890 884 794 836 649 701 625 857 335 192 275 617 130 695 22 217 769 469 127 843 349 629 166 46 8 840 670 230 365 287 20 304 387 655 74 854 80 932 641 976 931 665 877 755
880 813 582 678 174 106 64 761 721 946 776 256 214 571 998 784 618 102 143 552 794 774 38 724 885 628 166 452 720 855 388 967 826 344 690 275 697 263 119 921 290 339 293 242 89 879 149 227 778 886 974 208 134 734 920 785 155 902 370 448 426 249 839 431 466 24 435 94 787 258 786 973 210 123 127 704 123 678 861 925 884 421 88 945 979 896 569 257 31 493 864 224 531 383 471 996 3 252 781 66
793 248 705 465 405 926 364 616 429 630 42 890 912 369 121 946 809 970 772 976 13 759 565 471 890 931 198 131 75 722 302 973 541 187 853 495 155 170 543 493 373 372 728 814 463 209 535 255 562 792 230 825 159 531 685 924 683 513 334 312 354 592 350 624 658 502 981 714 497 707 148 922 50 869 636 115 779 800 909 948 550 590 652 903 695 744 603 147 515 966 178 883 690 24 677 846 595 837 833 614
60 651 219 305 222 301 918 427 710 100 490 178 264 144 515 179 324 853 583 956 270 945 597 430 161 544 250 666 801 751 255 718 71 150 436 602 587 41 650 742 622 619 965 550 793 442 239 428 923 222 327 39 852 835 595 173 290 845 588 169 554 6 554 334 705 534 872 961 926 768 969 156 571 798 20 580 224 308 903 285 239 557 230 550 121 29 712 55 738 162 248 121 964 218 753 376 435 45 22 606
968 989 704 760 985 669 922 243 254 886 196 230 981 997 274 165 894 279 38 400 925 870 589 501 410 125 540 624 101 106 624 231 980 608 160 868 599 716 62 912 388 4 76 504 366 12 450 744 387 856 81 71 391 251 656 248 476 558 332 249 861 994 890 894 307 921 840 55 532 531 878 114 399 415 850 213 419 501 506 414 833 305 956 419 545 291 496 814 76 888 523 657 4 766 740 283 829 405 923 404
172 689 341 535 363 278 947 916 451 217 18 252 343 607 572 354 368 877 479 661 558 353 387 155 288 16 736 589 76 531 657 378 393 318 32 314 481 484 670 650 274 686 1 896 712 824 487 778 18 814 865 445 861 240 942 824 706 934 299 213 853 241 583 516 265 684 555 429 416 621 678 402 297 55 767 288 781 271 803 135 779 209 672 922 457 142 243 176 838 935 482 951 478 804 803 923 673 668 1000 218
203 332 99 835 903 569 309 393 4 529 241 544 703 610 149 874 12 968 136 696 510 768 950 444 618 190 757 497 649 8 18 932 950 113 252 108 444 953 852 14 748 589 4 234 614 360 594 987 513 802 868 286 58 388 730 886 327 490 386 562 403 793 454 427 428 503 245 495 360 640 719 948 50 428 594 590 464 927 495 185 489 428 284 800 718 156 100 224 571 689 153 781 221 831 351 170 947 194 302 14
43 252 86 350 724 789 269 936 460 540 471 682 424 335 57 267 55 716 379 555 959 985 96 208 809 838 30 445 501 802 850 351 383 360 905 188 122 819 303 826 275 63 702 23 229 915 334 749 26 558 817 119 466 148 188 913 491 820 534 339 751 148 38 844 66 664 631 24 563 899 404 281 478 430 155 746 205 962 867 905 95 379 497 971 787 209 777 188 649 263 744 57 24 284 49 979 331 845 782 768
821 281 413 208 854 676 910 92 399 750 791 421 625 62 676 959 681 281 176 955 729 622 16 6 141 554 425 318 995 385 171 944 349 938 520 541 361 952 49 96 452 794 386 889 481 427 683 962 55 895 224 356 221 18 604 384 51 406 973 494 789 86 333 682 205 111 194 79 449 519 564 686 368 724 781 392 416 294 62 862 949 32 553 64 713 668 45 230 329 997 975 382 219 94 77 59 477 744 899 98
534 759 147 46 155 900 26 108 818 710 317 417 678 211 714 851 66 23 494 854 846 156 272 702 152 147 272 209 474 44 386 105 394 990 818 614 51 144 308 633 312 436 1 896 104 232 276 201 119 271 978 851 663 105 888 941 257 89 377 351 580 100 202 132 729 771 643 815 768 319 58 336 893 260 597 880 228 465 679 114 366 196 437 150 275 47 529 565 854 913 111 702 913 316 194 657 382 671 362 340
82 403 928 840 167 953 995 904 718 848 231 933 340 194 613 829 243 736 481 588 626 58 369 76 63 187 879 685 648 660 893 476 931 40 92 404 675 221 449 187 573 714 676 766 670 880 781 55 638 210 122 386 211 328 451 687 187 835 931 701 673 419 814 409 324 458 458 662 125 496 924 394 83 971 559 681 115 714 308 609 896 387 259 812 307 460 427 659 476 380 638 638 935 225 60 319 57 247 292 482
54 852 298 573 460 917 324 443 589 376 379 345 580 64 264 904 92 788 333 416 229 204 372 893 597 209 960 877 646 598 565 411 323 989 131 431 321 85 691 580 145 691 230 70 140 439 363 26 298 720 652 650 85 715 550 307 700 85 23 343 921 934 978 522 10 760 801 495 41 616 881 783 199 732 258 549 175 693 859 523 465 261 529 354 179 741 426 20 498 583 946 101 587 516 785 196 749 620 587 617
760 351 496 916 502 935 573 210 678 648 131 468 818 811 108 208 231 272 329 474 181 834 735 622 165 120 260 512 890 433 528 819 197 98 98 346 890 250 8 114 727 968 185 852 953 734 112 727 823 212 813 902 17 495 265 524 161 614 631 187 90 455 33 903 187 565 478 330 609 84 184 603 351 484 972 15 870 33 971 922 576 767 967 26 88 547 823 10 153 479 90 725 975 108 830 533 169 329 448 940
937 523 323 381 180 87 84 592 78 532 2 821 406 301 769 44 764 28 812 964 657 310 745 382 868 802 451 508 480 216 161 798 446 210 659 417 141 390 844 819 423 744 635 687 229 212 795 28 989 354 259 618 782 356 101 90 736 533 779 589 867 558 979 638 511 630 261 667 416 854 883 409 746 173 364 453 483 579 478 802 187 151 921 648 760 522 933 21 568 711 401 9 658 15 469 79 713 181 301 433
984 188 249 421 20 780 367 310 920 470 357 974 279 375 998 277 577 683 761 684 393 994 91 569 476 802 902 40 726 241 313 391 57 904 508 220 109 983 547 70 108 784 439 487 906 332 544 321 376 900 108 940 506 424 766 897 323 776 23 729 897 509 896 395 938 937 463 656 927 31 140 822 388 560 45 521 477 479 103 127 931 591 764 991 125 483 890 150 136 652 607 702 746 817 628 549 516 92 583 950
843 995 180 568 194 111 938 756 898 185 786 259 568 352 126 669 461 916 845 590 396 446 189 106 344 993 844 807 820 414 417 400 261 244 741 40 941 905 277 295 247 263 545 622 195 98 318 507 197 488 460 216 456 371 327 189 985 0 162 383 838 543 751 232 975 157 961 201 56 645 418 736 192 733 566 201 779 122 389 921 912 325 717 728 871 655 681 395 756 799 122 876 442 1000 802 75 476 346 224 225
548 689 186 262 832 59 255 374 11 535 792 626 253 997 332 778 274 121 485 954 242 765 456 758 914 277 437 284 997 266 591 405 917 317 443 313 480 805 311 307 254 460 855 669 604 369 65 410 802 474 439 108 396 695 904 824 3 551 680 222 28 851 474 829 165 13 381 907 840 599 996 115 299 106 16 649 956 895 959 338 985 960 336 102 369 913 28 822 891 771 17 69 342 1 527 833 679 880 473 313
542 175 794 41 325 549 83 40 639 955 48 48 412 671 749 647 274 770 484 519 249 402 679 381 383 143 117 915 508 515 424 403 137 224 934 650 69 395 974 27 510 582 631 962 361 670 994 570 398 95 505 54 54 463 98 607 779 22 600 435 566 712 226 576 101 448 308 802 99 757 268 361 362 155 894 746 386 207 80 958 326 315 937 421 415 191 253 470 337 454 858 957 96 451 129 35 52 756 317 611
798 806 802 271 454 737 841 618 285 984 495 532 287 54 73 48 400 434 168 280 204 989 52 905 281 338 725 47 582 699 384 957 212 605 206 519 231 817 883 540 680 654 469 958 540 214 980 266 900 554 120 514 402 251 728 405 649 392 607 677 6 92 252 282 394 704 451 723 733 970 719 492 235 134 154 606 190 347 124 863 183 804 241 923 777 143 7 592 601 963 723 524 592 176 425 561 719 791 724 541
879 874 519 345 85 385 108 53 645 301 789 323 724 838 835 126 946 209 922 586 550 434 652 526 900 873 125 348 550 167 780 58 542 325 724 132 702 968 276 503 138 266 977 29 415 297 770 74 795 722 470 61 427 814 985 952 449 925 519 429 496 239 749 369 248 509 312 397 660 580 895 439 941 223 688 413 589 145 583 222 933 389 632 467 396 677 926 255 70 783 891 448 6 834 189 695 767 905 768 728
477 684 509 542 671 491 245 915 302 477 516 934 393 612 358 419 784 714 849 381 775 4 89 827 515 105 843 647 875 287 13 922 811 119 635 936 233 816 191 712 367 644 91 727 443 321 299 897 764 52 854 60 125 87 104 803 308 429 864 152 702 948 672 112 501 218 87 683 176 392 745 991 640 923 331 928 919 7 401 931 389 118 475 907 569 668 180 322 589 290 405 77 927 149 170 578 77 30 373 959
913 146 67 342 999 270 63 894 935 600 599 562 829 552 822 680 766 960 782 265 408 572 316 780 700 672 778 683 998 672 417 893 535 27 680 214 210 942 79 372 570 429 880 438 826 887 532 863 986 992 333 790 801 591 372 687 477 976 267 195 329 543 936 820 249 225 12 648 557 665 674 772 235 80 720 471 769 178 814 311 204 309 542 854 873 715 731 751 250 277 352 158 353 652 344 14 583 437 187 103
516 519 881 73 451 465 52 482 456 173 322 532 123 290 596 86 866 869 18 883 910 919 117 603 488 223 827 908 799 96 76 956 495 839 651 3 610 420 40 693 987 277 860 424 980 707 73 151 593 318 886 935 59 449 271 31 321 414 797 214 680 122 961 364 280 585 90 412 412 505 467 387 524 686 425 964 325 341 397 365 344 744 949 201 422 631 87 582 341 104 32 677 961 464 976 939 292 250 99 887
801 496 816 37 158 620 829 282 873 770 541 167 259 384 611 922 119 326 608 273 509 107 671 465 197 689 460 338 352 34 440 421 418 910 497 339 327 83 273 796 38 661 87 756 288 398 662 101 374 927 82 713 7 234 708 175 329 709 633 529 516 232 332 824 837 206 982 983 205 258 789 355 488 770 794 192 472 352 25 362 73 930 729 814 530 929 543 117 343 170 93 49 884 160 754 376 905 499 292 739
424 681 116 647 884 494 630 795 218 312 463 459 282 65 103 692 46 951 945 14 834 659 347 218 815 749 770 633 821 165 789 180 637 869 125 665 812 134 283 220 83 665 47 145 958 981 92 933 887 916 576 960 313 372 912 973 145 211 897 510 297 452 688 41 878 242 151 905 279 173 818 172 636 350 153 955 975 565 586 808 4 952 251 461 221 689 46 511 973 961 600 358 686 928 729 934 963 617 832 373
605 578 36 5 939 371 372 306 539 720 424 330 427 60 862 784 120 613 801 677 786 650 693 907 252 114 303 944 774 53 690 181 149 219 787 83 248 578 440 827 319 864 159 406 495 746 111 761 744 927 720 943 416 969 878 260 267 786 442 982 888 877 437 510 919 680 352 940 60 553 544 742 410 762 382 759 765 170 190 966 882 498 891 745 452 134 293 1000 896 90 311 465 581 259 882 103 729 758 172 421
21 83 682 105 805 265 427 865 293 992 392 243 970 462 681 7 580 21 287 813 676 143 764 404 933 447 577 809 576 706 731 44 947 289 779 890 867 358 596 227 239 918 721 892 832 782 604 842 947 950 294 272 706 884 958 727 181 524 810 63 794 562 940 331 899 272 816 209 830 824 839 425 922 193 31 80 77 667 841 556 37 46 962 880 801 405 597 408 289 217 595 745 662 104 126 690 934 827 500 666
920 350 999 898 572 565 404 764 669 520 996 143 844 149 930 591 167 305 46 126 469 312 581 412 78 895 8 823 181 25 212 78 8 466 977 28 388 998 117 28 832 325 551 774 875 555 691 720 780 433 222 491 742 819 767 702 159 142 146 954 629 650 474 148 589 117 982 98 62 954 701 169 247 960 575 336 31 796 334 31 975 770 585 411 651 477 99 304 910 589 46 644 269 716 917 490 80 128 32 281
872 59 672 455 107 70 702 102 233 845 683 830 783 384 546 278 797 196 30 907 552 18 336 779 937 771 26 94 213 129 816 561 925 634 418 812 395 499 972 487 430 586 344 978 76 972 858 861 398 641 760 974 345 333 39 581 772 204 211 407 823 759 698 32 954 164 403 523 593 378 129 860 814 309 764 817 698 742 611 691 995 985 843 151 687 203 502 492 727 840 556 802 752 304 547 715 364 96 693 164
664 169 439 887 442 634 848 383 719 275 377 844 431 865 949 137 552 726 981 915 426 249 302 738 421 715 976 55 673 489 642 647 847 2 638 837 669 520 342 120 92 936 129 673 706 473 516 328 383 758 266 481 370 854 75 652 697 145 60 889 18 380 998 451 388 232 263 135 480 709 747 551 502 491 941 879 95 833 211 280 856 143 374 50 853 626 477 189 691 922 831 745 729 365 923 604 202 269 563 424
316 406 143 567 299 309 135 173 766 75 582 988 764 991 847 161 187 894 639 90 829 604 136 795 206 821 835 864 816 633 583 787 402 812 590 232 953 728 303 659 807 280 587 87 534 872 34 774 340 124 699 437 360 550 930 803 399 109 227 746 209 276 19 296 696 505 133 150 557 942 319 373 362 726 83 935 364 783 236 295 859 552 415 520 522 492 720 849 477 155 919 46 571 150 382 410 631 129 436 11
639 976 905 88 754 67 338 47 185 1000 231 792 830 96 149 758 379 699 774 113 632 255 747 381 391 985 847 444 638 776 108 848 967 199 489 599 24 826 858 899 660 262 129 733 493 175 49 519 858 707 35 801 489 304 814 811 593 834 471 551 808 298 470 913 128 729 625 571 645 88 344 811 250 69 491 786 138 402 220 953 714 888 72 942 180 779 446 897 904 605 8 903 254 393 981 952 766 25 60 279
478 383 178 777 972 786 657 649 725 353 837 844 570 365 726 6 125 545 506 158 204 127 909 817 688 475 627 239 945 811 81 578 699 243 296 845 323 921 974 191 760 710 226 641 899 147 76 163 384 993 194 527 852 822 570 937 244 576 215 643 960 572 907 148 258 305 349 467 95 640 25 881 259 440 826 286 582 975 684 839 150 202 311 37 518 351 903 596 901 308 537 356 469 664 562 486 485 416 159 536
355 433 317 521 946 135 129 938 103 754 514 840 846 297 608 795 687 231 786 614 332 67 842 706 557 865 423 329 105 253 772 995 974 449 218 360 371 515 735 690 405 765 120 509 43 187 532 443 34 953 861 712 278 906 22 964 824 477 274 912 422 172 363 209 642 757 320 306 157 632 671 654 597 676 101 227 237 551 514 833 562 556 14 724 371 138 255 553 938 975 615 992 170 184 795 593 844 625 731 938
112 832 172 436 727 555 373 851 221 454 144 655 49 432 285 538 38 747 300 378 425 722 222 600 928 344 798 625 346 118 690 936 716 674 673 793 596 913 45 152 36 483 599 446 876 959 545 517 913 850 780 149 592 951 399 527 772 774 769 166 11 495 821 707 387 331 350 550 742 59 237 912 642 467 111 307 889 376 772 604 160 991 560 820 96 390 179 502 825 473 477 280 352 551 58 994 518 80 349 787
600 557 28 962 280 602 268 183 507 661 286 118 517 911 925 203 905 556 148 516 20 579 972 278 599 827 436 429 448 203 390 164 106 991 498 241 398 547 263 621 447 74 104 179 987 506 338 576 801 241 606 244 478 139 366 75 264 471 548 455 839 508 679 944 70 728 445 893 172 582 16 293 644 273 905 746 87 559 501 77 374 676 987 812 966 470 885 651 963 710 915 27 261 41 638 516 42 735 481 460
134 873 872 350 848 613 341 648 692 302 607 771 245 26 156 994 597 22 991 117 225 198 67 613 988 101 325 642 610 727 959 776 602 128 772 201 300 440 191 659 252 94 586 239 370 193 448 290 812 841 547 721 915 158 216 759 687 308 867 653 437 600 454 432 93 737 67 11 939 583 128 148 737 263 173 622 281 259 778 270 137 642 472 496 589 814 642 490 938 158 112 995 1000 9 703 159 132 73 275 819
877 800 175 937 264 727 993 17 408 923 921 20 240 905 698 275 155 945 894 203 745 703 697 788 935 83 493 90 217 565 201 891 691 701 698 212 501 835 164 739 132 903 317 620 519 268 881 211 999 165 858 974 135 5 227 873 768 179 667 204 19 821 587 444 885 125 835 87 824 389 636 39 927 889 363 40 117 633 475 143 936 593 402 924 691 32 135 768 862 837 229 180 118 258 872 1 462 907 479 941
495 124 94 248 469 802 331 231 7 302 404 23 389 505 696 24 275 813 271 239 489 320 592 99 7 692 7 836 567 496 288 598 367 138 353 962 108 29 427 49 900 715 871 845 5 613 550 838 255 401 801 160 466 645 871 123 459 787 993 76 837 735 456 147 226 815 874 969 474 412 821 894 865 348 241 839 36 914 441 820 564 245 613 734 554 744 800 732 54 875 99 177 39 395 592 468 413 541 488 293
65 221 624 779 192 207 379 764 827 33 45 79 348 190 119 371 78 739 14 364 91 789 86 893 758 536 936 364 787 81 728 408 746 70 472 388 771 740 913 980 746 334 535 621 342 617 882 904 389 54 507 174 227 70 112 341 426 589 317 576 257 693 329 32 516 691 525 818 729 995 731 216 353 624 576 679 989 633 466 94 511 473 337 219 463 300 404 621 494 169 453 969 674 6 57 271 272 350 493 926
489 83 819 834 76 381 764 859 732 748 335 363 173 389 483 508 943 198 532 427 977 814 494 516 659 306 623 406 995 358 430 255 525 169 244 256 706 538 763 883 374 300 611 507 893 740 697 656 284 450 387 403 634 597 724 611 204 782 656 805 775 515 27 736 461 581 649 54 826 998 387 332 66 78 170 797 516 425 704 213 179 835 495 700 350 609 479 904 985 29 926 830 84 931 198 171 429 192 795 883
901 653 864 532 217 51 497 268 13 689 786 947 880 815 204 419 969 385 837 51 424 856 761 430 297 862 673 208 619 908 65 299 444 535 374 650 869 910 869 963 928 72 323 80 779 332 580 689 196 514 284 108 433 920 859 528 27 649 242 258 955 410 538 769 100 580 7 103 438 598 373 382 17 208 538 793 266 941 544 732 932 486 899 844 989 88 852 447 312 89 620 508 736 42 758 227 154 547 676 545
621 913 82 15 771 355 274 634 1 562 774 213 740 759 764 30 424 626 194 701 548 996 275 369 103 982 492 855 868 504 445 174 524 183 374 721 839 924 441 734 63 839 236 402 938 738 150 221 639 452 228 911 526 493 873 751 553 836 567 52 332 516 566 634 889 401 286 875 780 618 333 27 976 303 797 537 222 35 505 789 46 407 234 195 726 261 947 986 704 65 832 923 305 84 976 170 85 618 263 774
144 84 970 134 949 49 225 532 648 807 585 434 260 49 946 393 875 817 686 842 319 5 122 605 230 774 754 472 912 956 767 301 616 20 478 619 714 252 391 548 259 624 809 217 241 596 276 414 883 715 671 513 751 104 983 792 421 292 704 104 647 474 255 449 863 881 683 778 311 752 15 174 940 823 601 334 480 728 627 655 143 968 768 688 441 225 736 253 214 162 570 851 826 777 650 976 383 639 231 37
98 480 179 761 228 360 808 310 528 99 879 812 718 646 642 555 952 828 599 631 79 876 899 391 249 238 141 751 367 499 941 399 312 439 218 64 401 897 435 145 557 893 540 638 866 993 321 316 930 104 31 800 159 365 70 264 702 918 13 463 591 327 569 445 961 957 838 166 428 642 766 561 968 256 312 50 710 80 552 669 669 947 415 791 759 821 171 727 874 533 25 94 524 806 780 241 404 5 986 598
358 868 326 191 486 692 486 80 310 855 485 572 930 371 284 266 753 964 783 718 300 719 875 188 997 935 474 38 110 540 749 62 917 442 56 308 785 186 545 453 975 499 757 182 511 142 162 414 266 242 186 65 16 839 631 323 103 443 577 648 955 846 739 457 904 928 311 330 433 802 885 802 138 887 140 907 588 522 649 141 156 616 938 318 879 863 77 121 579 284 610 53 217 220 298 518 52 733 278 642
81 874 394 689 666 30 45 101 882 559 437 133 910 321 140 69 821 294 731 212 351 943 340 510 640 340 24 172 201 229 158 448 280 261 805 387 338 883 555 921 545 700 951 448 776 876 177 973 857 282 211 156 911 952 365 85 306 663 71 150 303 808 986 810 413 204 631 702 815 35 411 102 532 625 640 79 438 619 178 369 924 755 313 492 527 448 49 762 908 521 559 423 206 163 235 26 534 97 114 383
935 353 602 22 329 24 302 501 29 451 916 20 469 84 645 520 92 993 895 284 933 20 768 16 647 709 523 710 791 904 385 110 233 72 978 272 392 915 588 697 374 764 206 32 59 615 515 681 431 92 903 20 127 432 539 493 691 256 952 115 483 591 275 9 276 678 271 666 15 342 576 247 489 1000 126 398 345 972 103 888 795 258 725 826 36 662 781 930 622 347 269 658 727 929 187 885 809 465 335 31
804 883 235 349 846 866 121 355 756 755 619 295 144 174 145 99 472 701 449 294 923 836 121 496 108 593 223 178 605 234 578 245 799 682 111 914 633 238 820 118 690 580 679 591 807 571 727 345 21 27 572 255 210 102 64 281 318 937 148 818 677 399 777 574 938 531 18 92 131 375 297 834 296 60 447 559 225 335 985 643 252 69 228 367 941 401 234 633 287 27 809 394 597 577 203 206 831 951 37 732
493 88 760 599 366 377 469 788 164 947 424 458 53 40 864 723 446 490 401 556 280 428 885 555 660 516 175 653 796 5 3 667 752 531 929 650 275 19 815 647 747 938 136 666 684 32 426 41 93 338 125 324 55 176 137 75 656 549 811 609 20 951 103 179 119 716 68 415 363 165 934 170 55 906 91 397 587 635 934 941 497 285 26 652 222 898 611 361 785 853 51 801 361 947 419 878 642 962 954 781
158 11 841 170 945 744 653 517 51 449 542 928 128 232 91 105 320 268 697 538 940 125 362 574 277 739 929 840 417 460 968 967 417 709 679 207 1000 284 79 609 41 470 36 302 590 162 946 314 651 791 37 262 534 316 242 98 838 705 834 374 303 845 414 15 915 492 810 910 763 367 226 814 375 53 841 529 43 734 998 865 330 248 249 821 153 824 477 809 736 983 374 193 120 104 471 841 667 208 499 194
746 154 127 722 217 953 451 355 192 230 220 65 66 703 901 335 891 957 239 389 597 709 554 724 362 122 49 639 749 18 938 79 169 846 338 919 387 698 375 910 138 357 882 152 93 926 935 985 545 479 762 602 393 499 458 828 544 932 697 717 650 974 913 936 273 705 855 962 962 184 685 297 162 933 348 876 213 394 729 385 421 685 477 975 536 94 864 704 278 621 414 394 652 195 630 684 67 620 437 335
318 973 246 896 478 863 755 53 618 856 895 516 408 964 589 118 247 379 918 13 281 369 514 804 908 10 598 432 763 51 288 700 331 32 168 146 909 859 364 721 623 727 553 696 457 68 998 570 946 209 4 940 200 822 767 285 460 235 157 924 898 857 298 673 597 360 323 558 752 876 716 556 420 243 416 37 1 479 383 811 778 387 221 298 259 793 149 7 406 180 81 294 68 526 288 61 944 50 693 618
578 817 3 564 514 19 101 297 792 254 750 748 272 846 92 10 699 656 931 732 104 761 39 489 711 834 64 196 741 580 170 464 428 789 719 765 665 565 334 20 192 525 832 686 51 651 794 42 175 942 809 894 888 868 655 810 73 781 6 786 58 574 657 22 736 932 772 46 518 828 697 434 404 29 22 393 534 501 602 281 562 567 145 839 119 718 928 875 324 953 468 340 847 713 788 514 44 428 9 672
161 934 836 293 739 230 777 283 761 483 922 304 260 949 696 154 386 439 961 417 377 815 83 305 984 831 146 706 212 7 537 644 39 199 765 0 232 716 346 306 529 381 503 346 351 708 409 485 602 270 718 139 622 332 51 52 2 882 753 395 382 2 65 102 996 983 857 986 810 154 68 940 880 337 271 819 850 337 930 955 698 904 583 56 541 918 694 726 944 703 581 175 975 649 277 915 531 963 450 745
642 153 154 196 35 332 840 151 709 886 107 562 769 903 271 744 922 913 679 377 351 541 937 69 339 414 276 954 745 353 66 532 500 901 318 706 738 258 807 255 221 167 836 880 629 529 802 420 689 776 724 616 763 232 157 68 305 313 906 599 858 262 469 990 159 436 153 213 268 63 556 100 466 98 134 118 375 669 222 2 364 420 621 997 715 474 206 721 267 222 999 983 102 920 84 946 274 879 555 785
549 617 435 605 561 763 771 652 28 757 954 795 379 642 43 413 293 232 951 275 913 896 255 965 605 743 812 646 853 253 39 353 97 732 886 155 422 201 126 42 71 463 259 66 690 238 1 198 320 33 168 277 191 864 143 175 358 679 791 25 5 700 737 722 324 815 685 571 675 686 194 534 441 551 339 719 106 348 492 986 108 620 856 262 738 126 869 217 112 520 571 676 45 176 169 569 901 976 287 766
765 361 561 977 499 810 755 697 60 511 460 814 149 999 759 496 821 694 49 670 668 57 794 323 932 121 611 712 856 493 893 424 907 181 25 216 687 415 242 385 752 271 417 799 738 92 391 295 222 288 330 127 28 435 414 274 533 82 521 573 271 570 206 374 294 626 98 670 460 959 562 141 689 6 229 255 441 484 914 169 590 614 56 356 932 627 748 58 803 773 363 545 728 854 123 841 90 794 300 262
826 633 58 455 833 502 702 161 291 463 77 275 358 617 352 571 39 756 542 132 342 260 47 371 635 773 714 430 825 43 608 645 32 339 865 311 658 609 354 741 421 356 365 638 716 244 233 4 179 523 536 6 664 175 90 66 740 886 709 258 733 800 386 525 981 905 922 370 124 692 919 242 115 69 120 754 273 13 393 872 549 329 3 182 198 576 980 644 8 100 441 960 725 535 481 828 724 532 53 970
406 146 188 219 607 492 606 710 150 58 966 182 59 798 468 223 861 383 849 71 163 986 335 456 245 86 9 550 910 281 393 930 242 266 724 571 351 769 328 171 88 711 500 697 695 435 332 564 887 135 617 949 352 257 858 148 52 548 517 738 99 56 147 524 923 687 945 509 31 398 11 119 209 720 282 518 26 49 553 842 586 259 537 287 879 534 189 255 872 14 215 590 177 914 449 848 531 628 540 653
544 739 245 61 293 439 463 738 885 624 718 906 750 771 720 606 930 472 810 621 827 466 932 198 220 419 185 846 214 489 130 898 955 553 900 274 961 515 62 764 855 576 437 282 516 840 558 621 298 228 477 411 868 705 780 287 231 546 303 671 167 687 366 346 950 970 72 821 188 304 207 820 136 179 563 625 59 529 993 426 848 282 767 714 982 623 701 309 382 190 218 870 129 378 885 381 198 981 100 960
707 89 847 818 752 623 978 136 851 898 699 79 120 302 486 953 488 181 336 516 451 509 754 620 772 521 899 916 811 646 439 907 504 207 484 734 940 573 77 111 134 95 624 944 859 865 761 984 812 424 578 749 899 336 522 350 257 610 612 750 962 897 268 290 859 209 343 949 38 559 259 778 387 198 534 689 172 848 352 175 348 286 791 143 853 432 924 803 263 511 532 737 398 345 73 58 145 48 98 638
233 784 5 453 588 614 700 867 214 366 237 958 303 246 32 836 749 988 899 858 796 306 859 783 498 804 485 45 888 582 945 317 718 393 415 91 27 736 300 380 970 79 696 961 668 490 891 695 292 757 357 366 888 225 18 130 394 256 730 202 310 665 528 267 938 993 242 626 457 42 299 3 547 893 12 201 525 731 131 270 947 717 977 121 175 37 189 345 808 73 132 497 446 878 685 487 77 235 545 162
150 779 683 981 28 152 792 607 82 694 569 201 847 389 154 734 43 31 38 286 545 576 703 338 435 226 269 629 199 890 803 930 610 127 782 892 646 323 108 614 967 723 602 546 2 626 469 376 342 353 136 78 494 85 13 225 791 109 356 624 444 933 640 511 297 380 84 450 976 33 304 781 911 131 40 806 256 650 411 272 250 280 318 848 852 68 144 900 236 301 787 163 436 621 198 995 456 9 928 100
44 761 329 836 666 544 149 316 292 208 798 307 160 217 213 242 820 296 65 486 646 48 216 718 973 139 460 948 923 468 682 163 107 568 177 410 986 780 556 726 387 725 93 519 58 608 804 580 673 826 754 609 376 871 264 178 570 450 712 583 21 167 965 435 488 199 382 435 294 926 273 415 877 450 58 635 365 480 981 691 566 597 563 124 244 599 120 814 734 231 541 681 671 546 565 653 214 360 304 670
152 102 189 982 275 408 72 719 277 351 811 446 570 53 507 518 418 203 862 314 721 504 364 916 557 45 365 636 242 729 116 462 698 189 804 813 52 354 634 828 132 435 15 900 367 836 116 831 136 27 186 399 126 824 25 785 504 581 600 341 585 213 428 371 806 474 322 42 430 625 340 296 732 113 285 985 905 832 899 626 594 912 272 47 616 337 187 557 505 53 395 150 194 836 209 295 830 355 854 1000
89 387 905 734 918 569 640 232 297 485 59 672 482 958 42 788 209 508 785 295 687 741 532 873 233 460 264 984 839 75 850 757 28 105 136 236 345 602 628 981 203 426 81 5 538 661 661 373 493 24 955 458 798 303 312 310 420 42 313 480 10 861 273 83 380 311 274 641 670 505 559 472 998 767 323 282 29 285 949 554 903 134 590 156 573 836 782 75 36 518 653 138 580 219 133 464 804 732 785 964
627 105 342 985 66 388 490 548 774 270 815 428 923 133 28 294 875 974 552 156 643 332 808 139 699 405 933 583 625 80 507 109 333 653 642 333 820 250 179 621 60 118 749 354 968 944 211 944 392 427 172 315 478 412 297 809 526 785 485 425 605 363 874 377 526 407 660 14 992 751 100 191 671 985 802 690 287 407 338 72 909 809 818 401 23 249 391 568 294 912 633 325 542 357 129 537 354 949 820 790
743 902 273 301 889 436 100 302 419 118 522 495 677 511 548 232 457 741 651 946 862 979 6 557 257 127 454 271 342 716 572 796 35 865 545 337 978 942 932 784 889 958 708 45 528 621 768 75 696 633 262 419 166 905 869 868 916 584 990 833 117 278 613 103 152 394 820 195 585 255 626 340 50 790 743 701 86 694 775 444 726 895 400 855 156 354 145 687 794 500 970 457 779 258 150 222 60 721 318 308
563 617 730 77 626 527 428 90 319 776 445 610 207 236 102 180 959 597 25 297 742 571 228 997 291 341 713 713 228 951 68 580 867 916 343 249 484 467 657 808 172 3 212 640 28 223 829 954 712 251 795 827 600 316 180 24 134 252 348 339 581 129 169 271 18 643 722 84 575 483 558 239 200 303 87 507 340 285 677 414 769 849 540 760 543 23 666 572 944 225 837 523 519 978 349 193 661 387 284 744
188 68 392 962 746 309 643 979 561 702 211 997 857 977 457 815 810 889 230 942 703 811 364 932 524 641 592 288 346 87 552 938 278 774 416 518 280 574 369 519 893 808 391 502 820 452 632 359 874 188 633 11 345 792 938 657 182 482 813 366 957 629 122 759 495 954 838 923 743 242 821 675 849 851 775 787 630 790 628 963 891 58 991 381 452 195 255 651 580 917 495 165 140 466 569 109 654 722 345 19
923 444 18 26 231 971 997 581 200 671 881 780 184 426 898 409 290 255 459 519 773 232 911 238 272 399 681 267 743 64 854 135 987 257 262 539 209 355 871 598 88 189 171 781 669 221 975 28 494 370 32 236 179 549 374 241 504 756 867 392 836 767 539 882 790 212 977 809 265 884 209 370 479 653 869 635 690 25 184 847 53 193 832 895 707 235 522 420 64 657 717 763 32 514 15 811 921 315 771 57
993 287 338 664 940 819 640 697 792 199 567 522 656 817 475 731 960 668 557 278 122 636 456 807 48 380 73 134 137 879 587 533 785 20 735 444 252 547 566 611 676 408 331 272 769 170 183 395 812 164 726 616 598 564 787 754 393 104 214 98 761 595 901 833 837 786 55 630 845 454 289 591 7 358 648 320 555 1 942 265 14 451 826 645 365 162 53 128 580 334 404 577 588 503 418 181 307 513 97 662
415 150 168 462 485 629 942 402 946 29 806 567 733 163 390 251 121 572 718 562 46 402 317 586 457 320 117 981 981 615 136 444 169 50 767 566 610 778 762 644 162 804 359 862 295 19 424 62 290 117 65 164 884 443 389 698 906 688 159 282 220 536 422 297 436 950 845 642 263 277 31 29 63 725 422 415 381 264 837 141 537 578 392 181 595 232 310 866 205 200 407 267 547 214 800 500 734 768 677 241
149 116 967 713 104 430 434 988 485 497 636 207 728 969 726 331 770 277 852 178 393 401 653 729 551 260 56 102 343 801 637 565 680 40 251 774 307 923 836 606 471 577 909 169 50 344 53 675 471 943 653 623 674 857 556 567 712 174 803 864 83 713 60 110 745 442 587 536 776 266 94 936 229 42 723 648 876 983 273 177 335 121 912 446 440 756 398 752 620 946 681 512 767 972 654 15 629 840 273 51
143 767 284 747 908 868 97 989 370 771 606 327 484 332 22 216 548 917 490 877 50 160 234 55 879 279 287 402 632 681 881 926 631 900 443 669 802 104 811 158 929 524 149 175 390 583 903 244 26 868 618 810 241 55 769 300 335 348 665 783 924 892 224 888 438 15 127 170 393 518 759 292 974 231 382 771 122 371 374 384 646 666 684 730 270 356 903 842 562 243 961 438 869 901 374 592 726 647 441 23
968 148 978 819 155 936 513 507 615 91 819 437 113 690 427 485 608 235 890 713 160 931 113 700 412 79 553 460 977 203 502 835 574 49 438 548 784 836 863 847 77 735 407 917 573 5 350 958 132 972 270 431 246 843 988 903 497 779 183 615 320 610 872 181 157 111 953 290 884 436 909 398 378 800 920 713 433 169 828 94 746 426 708 608 614 404 461 932 727 702 20 260 585 574 262 601 72 67 890 603
976 716 907 894 327 604 234 572 91 713 40 428 710 510 329 369 54 780 710 170 582 845 822 534 36 636 691 581 924 423 5 446 364 503 555 137 650 515 617 95 52 659 569 217 169 217 940 111 570 295 970 44 463 376 634 25 526 793 664 41 5 664 567 663 914 56 272 571 22 576 611 822 386 879 703 695 292 890 50 828 116 458 593 11 309 756 445 67 427 615 938 979 803 470 425 667 586 254 267 686
284 387 751 76 406 237 503 608 271 210 649 359 469 803 263 338 648 943 349 492 514 679 492 164 981 435 432 461 381 503 440 815 77 82 692 648 858 269 466 852 133 999 863 477 44 760 982 936 341 833 629 660 90 407 203 354 820 238 947 81 301 152 207 735 16 53 623 612 748 287 909 364 481 550 743 611 736 529 711 903 934 298 846 481 348 20 374 910 203 147 460 495 761 906 548 398 45 905 685 198
989 826 810 240 270 835 962 402 656 171 566 574 488 775 493 97 473 179 894 146 838 646 589 77 720 102 76 803 351 342 915 355 131 972 78 445 545 426 832 482 253 569 683 818 317 506 796 260 42 66 907 94 398 52 183 846 694 548 354 531 216 878 929 765 59 962 106 477 591 622 346 598 93 833 824 173 410 861 898 486 61 134 697 99 479 393 352 550 260 206 553 49 911 403 778 372 247 369 57 159
553 168 479 144 833 84 735 143 168 164 198 782 914 864 573 325 377 69 635 110 13 368 288 407 239 514 447 135 723 547 439 716 32 474 672 372 535 321 289 558 563 130 597 892 980 519 129 67 728 528 255 583 990 48 947 414 798 912 980 493 951 43 113 7 755 146 550 433 600 363 560 773 689 91 401 830 113 893 577 94 228 111 260 519 246 804 379 919 394 910 81 513 268 582 176 552 635 799 344 870
985 313 147 253 923 937 869 671 775 745 918 312 333 72 413 700 160 600 897 92 274 955 206 677 674 300 119 617 860 660 332 576 199 814 570 606 188 788 94 749 791 202 652 587 98 518 15 831 963 711 286 159 612 782 50 460 836 930 765 247 20 457 605 423 257 819 540 604 996 712 930 139 900 32 925 934 35 487 105 186 737 345 489 190 193 744 348 246 863 43 1 422 213 108 160 486 377 457 317 860
1 214 308 88 936 107 258 9 455 100 793 594 870 881 809 899 400 853 93 507 67 156 793 487 793 116 49 739 911 590 526 891 878 10 559 66 721 806 113 233 626 815 28 339 517 871 529 966 196 274 503 931 696 123 422 339 882 914 632 99 34 47 767 125 864 589 429 170 941 439 357 109 884 523 205 632 266 668 957 762 153 918 844 902 93 246 309 637 742 171 895 814 748 834 358 110 765 897 610 974
699 114 207 190 525 578 783 152 973 660 231 229 232 292 687 888 366 135 551 935 941 581 49 436 809 800 958 174 686 503 486 806 155 657 306 690 647 653 829 886 871 887 614 341 101 878 275 462 112 297 567 270 275 136 389 868 609 143 583 568 874 501 86 701 357 462 35 141 124 982 285 168 923 783 284 207 452 96 570 317 807 821 881 251 96 324 277 962 51 269 714 774 187 970 736 699 560 445 146 674
