891 364 364 157 117 250 792 302 669 90 492 39 243 492 454 732 212 262 332 874 973 812 186 321 579 158 895 481 426 244 771 313 404 873 55 467 213 703 992 558 749 391 89 907 976 405 837 489 214 489 401 982 297 501 182 42 804 651 324 623 306 469 405 65 461 368 786 241 65 811 970 799 399 228 609 317 473 33 635 512 252 735 674 333 749 119 364 15 472 240 844 529 372 679 426 549 718 426 549 418
175 140 152 169 246 304 978 996 608 289 242 935 449 945 877 669 224 842 123 627 661 397 916 700 994 959 277 968 741 450 281 140 94 849 319 968 25 991 736 915 175 920 41 753 762 856 639 27 663 241 121 196 887 85 739 775 13 961 569 341 748 839 909 244 639 457 317 858 407 579 942 42 738 45 884 665 232 437 749 143 757 524 622 304 880 646 194 726 483 747 291 766 287 67 862 995 500 794 553 784
900 193 426 666 586 59 567 395 361 132 894 279 729 865 987 468 361 710 110 28 783 185 52 643 958 88 288 506 522 850 220 642 392 386 824 397 62 282 850 311 654 276 618 48 512 193 930 645 228 124 184 851 308 163 646 874 552 277 191 102 869 815 296 978 925 840 623 576 177 250 495 937 293 72 165 906 380 674 27 107 242 333 218 648 330 407 922 771 139 139 53 259 976 879 424 492 787 778 637 410
404 885 173 525 904 694 184 800 683 872 349 446 987 936 259 316 441 430 66 281 499 131 18 969 653 157 526 37 837 647 495 122 354 728 56 905 501 326 918 136 316 75 121 590 601 754 148 516 369 928 549 468 836 397 975 546 392 141 59 782 69 978 99 130 7 536 104 948 826 842 443 791 341 548 13 704 693 932 338 372 445 653 154 658 259 826 925 433 894 556 406 1000 532 239 278 582 410 386 604 935
425 580 816 652 395 240 531 902 806 78 460 191 860 986 627 255 706 886 110 269 108 713 858 899 217 212 503 782 51 98 404 40 449 818 347 433 295 589 282 686 861 728 783 537 87 169 731 634 120 634 156 570 919 440 917 288 854 976 873 869 439 396 875 618 53 641 924 974 109 327 768 13 295 766 714 281 994 911 13 440 183 294 403 689 392 217 118 473 68 816 860 53 849 38 40 481 955 639 818 318
145 384 244 490 531 2 907 236 477 127 633 931 406 11 386 661 949 381 165 260 884 522 974 781 203 432 80 366 746 259 237 412 899 873 352 323 916 822 191 890 554 110 800 204 731 385 906 958 848 288 81 510 731 920 561 265 381 549 69 116 152 975 947 323 613 33 555 349 453 731 43 377 817 47 825 867 757 239 759 515 732 123 296 848 61 337 220 956 706 269 162 573 24 377 234 902 382 731 190 92
940 945 465 872 393 362 475 144 716 896 695 599 413 597 348 866 524 967 1000 969 114 291 771 180 71 20 568 451 427 903 708 744 939 146 454 215 570 864 95 298 780 599 622 607 352 480 836 206 435 525 751 981 494 223 149 407 144 987 660 437 299 136 875 580 958 742 512 196 838 818 703 506 258 802 334 441 498 448 586 630 60 311 321 253 942 985 799 8 942 347 328 28 430 829 933 109 638 387 847 950
28 533 727 384 580 662 261 998 544 20 973 764 1 604 794 415 992 737 722 56 894 813 89 352 847 159 877 753 687 484 698 497 800 434 900 530 282 3 353 667 268 904 778 459 254 492 742 396 936 551 678 662 664 147 529 47 40 5 946 454 604 750 643 799 562 44 189 816 782 689 464 630 770 754 3 740 564 478 759 992 898 110 298 44 691 918 70 812 994 765 712 777 366 75 947 286 968 32 454 281
293 526 437 954 4 154 346 377 918 868 71 487 509 694 606 880 425 541 888 388 356 339 655 442 671 275 596 512 720 831 485 400 112 223 130 159 702 485 695 557 710 85 17 479 746 989 450 413 982 43 427 691 496 507 842 344 205 77 347 594 602 6 828 255 826 711 227 278 130 644 713 710 525 117 430 497 985 859 370 665 651 437 429 164 344 991 816 122 666 226 670 549 297 97 973 991 948 561 629 857
194 660 528 648 705 128 405 873 35 336 379 11 953 61 794 137 809 485 620 712 545 543 384 548 983 494 163 832 379 71 860 677 422 66 926 434 611 326 533 392 491 774 506 950 440 796 225 767 270 573 789 387 537 997 34 498 816 580 827 119 183 913 621 999 694 438 22 81 247 740 559 842 848 317 793 731 267 728 624 376 419 664 525 958 708 822 840 218 984 839 621 253 770 697 496 248 671 405 874 958
615 968 816 721 176 32 321 686 80 210 328 87 72 827 698 270 952 263 257 241 417 165 925 148 652 675 614 756 217 975 399 915 142 587 893 110 772 39 907 342 584 980 301 9 733 699 590 241 94 71 63 910 560 102 888 395 559 483 468 509 268 196 6 206 888 554 446 469 520 312 545 480 12 60 821 711 750 995 825 964 122 269 399 764 617 910 639 388 203 632 407 794 477 819 42 230 136 568 88 983
234 355 887 640 942 869 709 542 741 755 105 560 234 848 510 985 669 770 117 137 902 647 216 668 481 980 424 170 385 597 104 825 91 607 215 961 973 985 568 820 175 69 844 621 8 625 492 70 276 20 385 721 344 623 937 20 147 237 666 255 999 770 20 102 803 980 483 968 857 968 431 95 1000 361 120 744 123 499 425 946 459 603 505 131 413 437 776 27 12 896 820 364 597 379 471 337 144 695 989 823
380 786 156 765 466 549 581 417 523 455 752 29 861 190 106 350 209 970 56 464 574 770 914 284 457 568 466 71 980 723 814 310 846 611 572 723 367 76 302 187 183 152 518 300 774 448 699 1 213 902 19 238 378 49 98 19 733 715 444 847 360 83 470 698 727 604 230 782 174 417 58 428 961 672 940 386 519 982 228 776 760 29 304 171 12 107 618 744 886 148 981 865 44 797 561 753 345 691 720 237
43 648 2 768 386 156 775 6 414 390 225 143 28 166 497 286 943 361 281 966 613 124 883 534 550 979 394 393 1 677 345 210 389 120 863 831 282 631 870 972 158 581 873 938 462 605 30 556 502 152 970 559 846 43 366 479 707 797 116 540 702 647 312 546 145 680 440 891 674 526 542 88 882 520 757 4 564 329 754 932 431 238 821 870 168 623 583 538 242 621 724 578 812 228 509 482 121 893 94 391
4 586 279 894 967 791 47 910 509 901 620 702 935 636 692 459 826 24 866 134 104 28 723 434 793 278 6 590 946 70 632 885 821 325 108 248 163 587 246 782 645 982 602 101 928 897 283 620 302 550 667 459 525 778 753 311 184 436 867 778 184 358 574 194 825 693 907 920 93 425 99 11 313 924 62 494 484 327 88 423 373 814 323 541 457 605 552 131 839 776 657 515 868 665 587 815 582 863 960 250
625 366 30 417 945 262 382 982 389 567 412 111 668 13 299 865 126 872 213 342 895 903 179 826 518 759 520 560 693 72 342 638 672 344 64 504 716 998 399 525 25 61 715 963 524 805 913 150 284 943 98 460 798 101 33 541 835 58 509 776 545 441 459 41 737 104 539 892 420 707 468 520 681 917 600 519 580 553 612 255 477 119 187 746 23 568 886 113 30 575 277 971 911 810 68 708 552 987 368 446
194 635 775 792 833 48 972 354 835 203 118 892 522 238 813 388 414 749 598 401 891 42 946 76 491 987 801 594 742 814 721 278 25 173 751 147 377 304 991 402 251 698 939 693 255 733 787 892 695 26 234 284 648 234 750 497 746 803 942 882 839 662 441 343 1 559 966 608 39 235 514 635 848 54 640 433 172 403 971 373 478 974 422 53 62 154 886 751 786 866 836 564 345 281 565 119 576 715 720 158
843 283 212 318 258 749 261 742 892 665 270 72 438 522 836 991 808 930 700 196 731 450 173 67 748 331 672 800 273 286 654 4 623 744 260 719 244 356 973 59 374 985 493 588 333 342 141 644 161 623 768 891 599 200 472 876 251 435 986 925 393 454 481 107 42 439 585 744 186 881 766 52 583 816 702 948 698 841 992 408 426 170 398 446 435 227 383 173 814 507 703 330 890 960 462 319 370 838 717 812
783 484 411 189 209 444 369 560 573 607 807 611 436 930 489 881 54 640 595 598 68 915 253 796 93 759 37 628 6 713 488 118 613 890 595 340 559 522 525 372 872 26 726 784 510 541 257 679 296 853 528 930 236 416 15 291 15 2 311 744 430 763 598 445 183 944 183 539 958 869 474 332 310 856 257 820 427 583 189 287 545 507 991 226 742 732 182 595 660 778 121 906 122 358 810 674 48 42 886 15
448 62 35 785 593 63 112 655 904 138 418 933 628 762 310 66 233 27 89 287 425 60 82 988 913 160 254 114 502 127 150 816 925 324 731 554 623 915 575 741 908 81 11 516 172 325 389 811 32 676 711 781 325 138 932 487 62 694 895 335 770 41 419 98 322 658 755 1000 831 813 680 415 742 631 971 13 801 169 6 682 164 120 198 442 28 939 582 569 368 769 930 960 43 122 728 125 29 567 182 408
324 153 191 821 430 642 161 127 157 697 210 702 542 396 834 587 559 245 656 38 852 171 661 194 864 680 20 717 803 799 402 191 415 201 544 218 121 849 846 188 739 565 139 775 749 658 913 135 141 8 803 785 774 403 399 469 990 555 983 202 788 765 392 237 4 27 675 39 112 160 470 915 839 805 708 786 887 415 546 38 34 164 978 215 11 454 224 54 860 657 451 126 876 285 566 790 130 328 592 562
187 938 957 646 131 310 182 558 279 876 346 931 833 197 450 250 872 808 837 357 881 789 372 929 932 554 832 299 516 352 405 934 629 681 398 581 911 985 271 181 727 29 81 57 131 180 363 479 410 769 353 699 131 582 572 588 694 471 24 288 147 468 6 773 465 835 920 376 832 115 767 549 378 628 569 161 173 653 992 454 204 374 417 702 905 321 442 728 0 260 779 568 922 766 739 687 319 366 236 927
930 460 455 802 121 643 156 70 436 935 986 265 287 854 736 882 750 889 599 215 513 49 15 853 6 799 566 637 680 918 944 310 738 496 754 913 508 486 107 523 968 202 912 467 291 974 400 727 749 54 217 410 327 818 658 14 704 871 847 309 807 445 720 494 68 599 276 533 919 708 111 189 839 21 45 806 374 603 512 162 800 558 751 187 629 277 357 249 466 762 519 199 402 930 941 170 969 23 954 184
215 297 837 144 599 450 146 847 600 121 833 724 303 240 23 278 125 105 593 334 810 646 129 298 920 268 252 578 600 851 220 736 279 602 431 483 801 543 54 98 970 135 578 891 714 658 471 781 280 709 738 582 957 309 903 602 526 822 239 265 884 53 945 262 369 65 236 294 839 537 450 78 778 366 490 439 524 156 811 715 752 876 94 238 320 205 772 692 142 532 39 898 520 196 577 93 246 22 652 222
764 609 185 311 55 239 619 115 111 557 866 763 906 129 80 412 712 559 822 569 430 980 997 997 26 512 581 635 879 441 211 32 997 447 761 750 804 425 758 800 749 125 849 355 828 636 434 985 369 34 743 658 426 501 735 972 143 192 48 319 645 486 341 180 386 807 574 511 159 791 824 409 373 108 273 896 959 224 830 399 139 521 576 884 407 16 373 369 437 730 231 835 712 655 792 824 24 876 108 284
301 579 961 547 724 908 401 664 252 519 270 201 532 46 612 209 405 99 640 712 429 110 868 432 241 455 146 402 349 137 580 544 538 846 714 489 437 403 477 519 346 391 803 349 347 90 238 349 814 672 564 703 526 537 242 453 995 329 998 840 703 602 416 204 142 731 663 775 252 426 670 18 304 845 627 81 124 475 1 803 532 153 11 473 874 608 461 831 768 762 622 785 534 113 239 318 886 520 386 720
745 50 798 796 206 427 773 792 784 200 31 453 904 700 898 620 631 518 495 919 895 83 296 929 295 397 517 142 8 998 753 866 295 2 429 248 608 237 926 76 179 820 550 464 628 889 573 974 483 689 939 741 636 960 635 888 970 492 141 719 731 854 353 260 691 217 120 981 203 24 827 263 139 40 835 363 817 872 511 14 992 322 81 231 559 603 895 37 378 397 510 773 512 707 23 187 212 187 691 861
982 54 595 624 517 452 992 950 422 968 96 787 280 229 37 53 950 23 78 637 525 30 986 475 515 9 416 615 593 676 943 212 115 750 988 290 875 987 768 859 226 528 256 50 813 481 245 672 859 862 146 515 132 919 861 499 505 329 188 28 753 340 681 437 694 829 164 331 529 968 503 423 311 14 967 178 4 385 728 179 638 187 3 419 5 145 658 121 876 563 536 166 530 258 649 513 421 153 72 631
970 145 739 177 438 280 571 667 763 351 884 687 296 283 492 414 221 158 865 522 364 433 350 719 423 284 419 457 706 285 394 18 960 10 35 69 910 24 809 257 259 90 737 954 206 858 674 158 903 303 471 534 356 133 425 665 176 54 16 708 349 473 863 586 750 934 274 803 817 339 280 554 979 478 880 260 50 32 783 346 839 540 249 767 617 463 40 192 707 166 733 995 820 422 857 175 91 148 453 38
927 464 787 425 532 589 491 917 179 193 897 317 139 613 321 366 742 943 203 595 463 43 917 569 178 135 822 656 622 160 35 971 961 103 313 797 583 423 43 862 930 88 781 63 997 401 657 108 738 616 430 768 553 942 118 475 272 279 95 630 661 786 348 328 332 362 646 148 951 770 497 993 83 124 319 393 453 15 582 912 551 454 609 377 612 30 991 258 472 919 82 698 887 697 126 74 140 931 318 455
715 374 146 525 311 896 30 682 267 321 151 521 743 604 269 997 798 567 69 402 691 278 836 454 134 127 393 111 569 92 16 826 872 895 69 767 729 279 217 265 61 522 144 398 396 415 76 690 558 589 607 134 127 511 56 746 989 347 856 471 925 808 677 633 161 705 490 265 784 562 53 953 9 484 469 263 818 89 337 629 345 490 446 455 863 211 598 681 99 297 705 788 798 77 830 754 182 632 510 801
145 412 235 293 352 274 21 936 257 659 104 324 812 954 911 636 452 950 157 575 752 408 688 521 615 133 156 310 370 242 143 581 892 183 616 144 835 199 137 251 926 434 157 459 518 23 670 96 740 278 450 846 235 606 973 96 723 196 528 424 337 22 572 862 855 772 483 703 403 644 250 682 709 89 993 417 449 318 882 365 22 988 981 44 31 495 181 608 16 108 630 427 675 114 936 423 973 232 490 191
746 614 789 460 992 622 116 652 8 57 85 102 233 600 483 933 794 985 381 29 261 556 667 83 19 83 801 386 114 875 475 113 551 27 502 371 442 423 433 879 303 74 284 816 157 856 7 1 67 364 328 249 361 851 216 543 850 159 574 389 708 361 490 44 305 183 841 705 211 341 306 500 25 674 386 854 99 75 364 762 379 272 902 847 779 805 290 936 417 486 140 66 653 764 15 665 142 873 933 102
387 637 930 38 721 761 669 593 772 481 770 639 771 955 864 472 10 872 82 759 733 4 449 934 392 314 30 177 200 715 49 232 84 185 940 648 481 978 564 647 380 368 577 318 167 870 478 227 149 417 462 256 179 122 996 208 87 754 433 344 592 974 571 761 783 933 372 911 533 863 368 397 175 917 409 846 346 479 170 304 562 573 611 733 875 154 24 241 438 604 868 351 401 420 64 927 147 271 158 697
808 873 731 592 934 630 31 520 589 635 535 82 238 311 832 967 991 58 691 15 95 88 492 755 483 809 731 381 708 408 206 631 754 761 650 17 42 653 811 679 984 711 383 526 264 744 338 238 198 609 873 257 699 335 27 786 200 125 86 404 130 415 540 670 302 735 147 721 489 647 343 910 600 668 580 779 826 910 888 412 916 282 657 180 670 199 557 914 474 388 797 240 143 246 106 796 201 234 911 875
55 410 340 717 261 858 46 377 704 282 782 238 988 57 608 698 517 323 80 869 546 563 4 676 920 834 128 198 272 657 832 417 346 677 296 994 285 816 645 138 194 118 162 3 326 142 738 970 513 790 271 25 898 65 918 12 738 681 568 881 827 310 844 422 447 537 481 344 595 718 841 155 878 504 576 357 641 660 491 956 589 648 158 179 838 608 771 47 417 141 324 683 5 925 813 338 882 720 899 856
977 784 175 37 145 421 375 833 417 683 128 596 209 233 138 551 402 225 624 787 988 250 982 783 648 12 796 77 916 997 745 428 192 152 897 265 668 401 420 139 369 845 556 109 948 106 487 40 43 372 143 354 372 727 236 23 402 257 423 619 384 996 371 346 538 891 322 997 519 80 628 811 60 501 730 818 298 883 269 821 736 225 718 565 481 678 844 916 653 422 926 975 606 217 904 333 845 866 89 872
556 139 955 742 952 833 806 63 579 493 650 987 731 578 892 524 454 374 989 956 675 512 414 29 56 847 919 162 551 617 170 444 749 457 375 601 836 988 141 656 459 579 653 597 807 617 584 532 613 838 431 676 766 354 262 928 392 632 259 648 827 800 330 662 185 695 78 568 400 135 193 165 7 600 408 815 482 299 213 420 703 65 747 63 357 255 373 931 477 313 883 477 92 876 824 473 247 990 723 11
396 4 547 809 9 225 895 41 743 446 942 831 500 385 664 838 886 125 986 66 548 292 450 239 222 621 913 321 643 821 26 180 897 554 750 705 618 213 537 407 559 513 396 432 555 619 307 390 370 454 703 56 364 805 42 652 873 920 420 831 532 875 975 448 695 810 256 276 321 613 546 374 680 966 269 609 512 946 310 977 939 336 776 74 663 310 315 689 593 775 692 585 367 380 766 317 295 413 940 779
403 968 624 754 497 47 79 860 617 14 257 165 491 741 341 888 46 129 923 270 713 877 741 908 788 937 323 489 439 219 366 450 358 793 830 864 259 612 47 138 279 657 787 955 775 759 966 772 561 432 691 829 752 991 829 852 709 674 929 778 393 109 763 226 315 292 669 448 476 787 190 164 871 974 714 840 800 804 548 659 147 375 944 508 590 577 2 648 394 286 818 751 336 489 491 445 775 756 477 785
587 200 894 263 966 96 165 974 195 189 411 272 961 199 179 297 700 634 3 246 387 610 76 685 539 618 401 93 721 973 184 476 865 884 244 614 358 152 684 13 453 876 623 884 978 462 295 329 434 109 870 873 851 442 82 862 16 706 636 595 722 396 236 163 704 425 424 490 220 300 460 996 911 332 207 373 280 499 122 966 162 697 753 842 803 591 99 737 142 347 616 584 357 794 93 767 905 254 375 63
859 668 511 251 376 665 654 21 516 120 641 522 849 203 929 227 330 0 807 327 303 852 144 1000 958 90 436 457 168 856 742 215 666 151 526 756 38 15 162 97 722 880 426 819 565 7 440 868 770 661 196 817 141 477 813 746 359 335 379 485 548 968 310 362 682 745 245 375 410 98 805 744 266 410 658 7 133 664 940 844 56 554 65 987 249 436 164 961 664 962 565 653 65 977 791 247 259 906 481 304
875 982 693 615 764 983 288 737 137 16 743 118 623 822 490 89 195 930 670 380 611 383 622 456 623 640 319 730 522 208 835 600 971 863 575 12 443 974 206 189 6 900 211 786 617 129 600 192 591 784 999 285 959 915 114 999 219 161 973 989 774 139 714 247 994 355 975 289 660 443 604 844 66 670 899 83 465 825 201 282 830 297 567 207 377 179 9 214 858 264 106 325 513 619 782 223 877 962 363 515
514 604 700 569 835 609 625 491 209 567 874 758 457 792 770 598 420 562 725 456 385 851 590 782 974 795 905 126 178 231 415 347 341 823 462 473 767 620 814 844 889 120 365 536 509 397 363 110 687 527 578 240 608 821 11 285 513 686 810 574 7 545 899 985 706 14 14 10 813 462 642 942 849 561 387 757 487 949 65 16 47 404 777 914 473 843 552 826 994 158 354 700 316 494 343 576 534 178 443 413
857 768 137 980 205 958 485 489 419 146 765 100 126 868 303 595 923 156 338 527 490 637 680 30 962 220 957 580 976 702 239 144 414 265 349 579 713 174 935 320 567 101 967 851 237 219 888 408 883 425 808 432 520 807 992 24 843 190 508 581 331 665 565 105 22 917 714 740 740 585 482 887 956 459 917 124 69 696 316 941 145 866 884 931 83 522 284 881 199 184 473 245 407 910 940 539 660 733 171 143
467 783 124 151 429 698 150 268 143 324 825 972 319 312 460 384 346 403 707 322 716 393 579 932 350 77 648 347 4 572 453 223 225 401 653 430 444 416 473 876 736 930 5 668 760 497 214 829 231 198 472 45 2 202 382 609 404 953 869 148 348 647 619 302 264 652 6 51 768 576 990 679 66 717 968 588 123 381 468 851 523 71 41 781 400 424 893 413 178 163 204 433 388 283 11 952 411 48 350 228
470 130 401 425 885 687 124 513 498 498 932 689 301 311 456 25 818 561 870 791 28 128 816 101 558 949 454 133 59 574 409 62 124 925 859 271 873 862 429 132 94 407 215 70 351 453 37 892 335 467 353 10 959 912 330 196 688 698 46 970 951 27 471 356 542 428 903 50 913 248 295 211 236 967 825 669 43 787 494 337 506 194 970 79 5 357 673 288 974 467 971 664 337 35 652 766 431 787 128 153
961 214 538 223 684 628 254 490 482 275 450 622 541 374 292 312 776 737 146 13 148 117 213 475 191 102 835 746 203 692 252 447 91 735 883 958 238 640 588 493 571 327 505 282 246 812 772 36 853 165 686 395 872 328 401 958 356 185 781 782 910 399 332 578 263 983 780 31 299 983 445 386 686 913 890 558 331 525 579 548 982 408 396 82 12 719 638 914 479 914 378 176 956 538 414 441 465 41 83 577
651 952 582 435 515 944 990 32 927 467 861 613 963 65 570 136 397 485 625 884 764 959 121 550 367 233 656 531 621 969 102 277 460 520 805 900 949 555 331 588 773 393 808 380 115 209 338 434 171 937 905 645 121 614 475 59 349 548 654 984 885 24 76 323 717 885 326 579 64 717 92 210 441 573 389 294 1000 233 488 525 946 231 626 1 967 606 958 628 447 886 438 896 483 530 652 131 237 585 500 596
708 921 330 778 738 879 278 328 549 115 33 833 14 281 182 231 235 969 453 262 504 54 967 103 201 1000 0 689 345 414 297 777 808 754 787 499 77 803 729 577 123 361 841 102 149 375 579 860 18 859 755 451 692 380 318 315 409 856 953 250 75 86 938 726 364 528 5 392 507 885 616 555 831 978 11 31 559 34 667 198 574 480 800 761 356 413 388 992 236 618 581 205 641 163 94 171 613 431 831 854
16 493 72 217 922 437 482 274 830 762 839 947 202 636 904 263 628 100 204 737 200 212 0 538 599 452 6 919 4 579 991 30 861 338 942 352 30 940 45 402 109 118 394 97 499 22 869 347 312 205 421 905 638 76 585 664 246 716 960 158 849 361 677 797 833 371 99 687 697 105 132 934 138 433 651 654 511 629 506 161 53 345 764 521 424 265 615 249 812 347 200 937 225 894 768 564 427 759 895 14
111 927 327 323 368 473 100 256 892 276 488 840 94 956 362 817 90 764 571 736 914 742 886 291 634 443 991 329 592 324 47 142 967 837 637 928 82 445 986 695 650 214 698 497 570 196 692 745 469 457 444 228 439 711 581 974 955 725 903 862 150 981 749 595 917 589 436 239 919 864 320 454 256 97 910 657 332 739 604 713 563 983 899 924 472 334 985 411 11 866 648 509 578 506 610 457 665 862 779 101
219 18 913 115 904 682 237 501 629 683 94 680 984 706 49 188 625 273 319 759 414 958 886 762 568 974 866 849 360 285 678 381 168 964 556 396 291 907 553 225 505 21 552 576 8 639 790 883 371 882 655 83 163 368 10 120 342 120 390 623 825 692 476 379 714 363 259 511 580 787 659 755 675 209 805 380 410 700 844 304 398 383 902 79 584 184 551 471 311 600 214 503 903 305 557 349 622 433 549 564
753 963 246 436 361 96 405 167 13 188 761 215 4 310 679 568 415 798 236 988 577 660 564 370 24 345 335 914 72 800 167 680 46 116 126 214 969 58 488 927 797 232 101 1000 113 763 73 935 404 758 540 242 926 260 981 53 319 404 340 817 854 422 81 147 686 600 602 136 234 367 41 970 607 521 144 870 645 932 643 100 474 30 492 863 455 551 750 293 701 356 978 310 987 435 963 503 943 101 396 677
385 154 666 881 462 876 311 692 339 518 770 403 784 823 162 852 558 571 354 434 451 459 310 835 217 460 35 450 915 442 590 14 101 690 985 798 28 206 967 66 310 936 795 618 612 598 770 134 414 521 113 749 712 328 6 49 113 119 962 153 271 664 336 977 210 675 28 837 968 166 546 785 520 118 957 451 436 365 667 224 906 756 53 709 979 315 26 480 967 556 107 250 256 564 250 375 839 815 437 30
270 832 678 559 16 122 141 966 297 245 897 631 803 617 643 182 308 598 699 682 73 282 910 504 658 53 579 642 654 614 193 849 144 47 673 337 170 187 415 67 1 582 89 972 177 909 411 855 670 798 142 414 173 761 796 947 51 513 780 342 889 717 292 393 102 357 275 318 490 220 662 574 893 508 962 255 442 817 60 956 165 811 578 134 265 383 528 127 569 475 798 319 893 226 53 205 818 341 738 4
552 202 927 676 621 158 673 601 479 68 907 398 104 827 339 917 339 441 111 117 695 486 857 132 577 864 406 682 133 327 142 864 846 394 485 114 243 904 327 180 465 626 658 431 273 760 808 358 732 784 382 402 387 323 938 589 985 757 878 368 465 470 145 652 801 622 12 930 9 443 514 329 898 528 246 619 448 970 945 883 528 364 399 860 954 294 564 232 272 768 898 736 152 649 964 50 448 457 297 916
469 790 219 972 81 580 35 402 124 519 746 883 613 443 645 477 305 59 924 473 197 62 385 113 953 271 138 846 528 161 483 211 366 497 449 409 819 9 461 848 986 544 463 217 901 861 282 541 140 387 224 230 930 526 443 25 303 25 209 413 189 598 36 201 867 199 976 785 434 33 415 115 324 259 144 974 28 12 141 742 175 761 74 637 133 192 3 799 176 708 434 39 694 533 46 975 509 241 648 739
189 808 793 497 778 283 173 692 790 674 537 447 20 559 543 999 252 720 753 939 899 710 186 455 396 676 229 893 113 541 364 464 373 599 364 741 811 585 905 624 374 799 106 605 745 941 128 81 508 627 780 745 581 875 226 482 112 631 994 285 330 167 817 607 191 911 139 313 537 187 200 932 199 92 534 161 773 208 375 737 849 963 38 368 553 337 258 83 620 226 653 692 514 662 513 369 687 647 218 788
577 388 312 688 621 549 579 730 238 793 179 701 819 800 417 696 51 678 868 212 59 581 407 296 114 53 357 847 21 474 643 883 368 175 487 424 205 36 600 388 526 124 326 186 217 887 896 368 468 361 808 981 82 516 612 332 955 313 882 657 599 794 748 606 944 51 747 255 49 684 143 592 263 673 747 611 520 319 189 351 444 561 925 710 520 633 816 480 262 975 395 448 922 539 880 273 461 151 390 18
54 803 469 697 680 304 469 692 594 848 232 752 416 483 978 536 853 399 153 356 492 960 495 322 177 70 483 421 874 337 121 363 809 162 817 568 715 252 261 111 304 602 108 738 425 864 472 552 20 52 843 216 603 16 331 853 914 117 9 17 649 988 280 272 299 719 82 75 628 193 83 652 736 25 759 213 486 486 224 724 969 821 971 74 342 703 999 149 23 188 252 59 848 584 636 686 915 159 765 207
239 261 945 74 940 901 237 459 512 937 221 967 886 594 134 107 904 632 575 970 131 189 537 347 448 55 667 445 290 92 181 392 266 421 424 502 210 699 443 293 1 608 928 514 427 450 265 306 471 814 423 436 473 508 136 769 232 643 926 549 432 909 125 492 627 990 71 597 942 917 563 528 455 790 745 411 964 136 591 227 330 959 544 900 87 491 755 588 513 804 5 887 925 118 846 377 281 192 457 432
31 924 642 308 45 666 84 580 376 2 89 944 82 874 457 143 522 638 894 399 560 771 948 8 667 369 131 519 866 609 495 546 615 9 898 532 12 874 146 741 384 953 172 254 675 776 288 640 828 320 426 168 922 170 902 782 558 143 11 934 399 94 318 607 454 884 261 614 821 356 602 955 968 973 575 376 32 396 332 339 604 408 743 508 940 973 927 151 536 769 210 447 767 100 718 842 384 156 354 575
727 103 678 131 24 619 611 973 606 380 873 203 750 126 350 199 939 241 31 288 709 479 217 622 674 204 537 421 587 400 1 136 550 439 170 797 126 353 65 295 445 136 363 14 151 774 136 730 788 247 825 407 939 349 357 747 720 911 929 910 1 115 551 978 363 992 335 826 737 585 813 801 225 64 805 226 249 792 492 325 532 587 645 366 933 69 147 262 663 888 9 861 123 691 436 36 757 649 615 57
720 51 39 345 715 454 598 365 232 996 953 269 56 296 392 182 882 708 602 886 783 444 507 90 400 439 146 463 167 963 240 523 692 880 206 476 559 542 181 312 547 801 322 696 321 54 427 960 255 748 553 386 429 66 150 564 744 636 477 305 893 874 498 358 784 107 327 657 31 326 631 768 897 63 156 216 652 768 870 64 95 486 325 425 944 377 219 472 577 579 102 524 322 916 122 990 287 797 568 9
115 432 588 227 555 958 928 249 127 488 858 408 410 280 581 354 358 694 216 767 211 353 376 116 987 301 485 729 930 425 210 56 486 671 964 368 533 661 57 537 797 367 434 428 68 158 746 68 719 570 96 639 91 819 136 916 110 214 180 687 941 514 383 592 523 819 438 658 856 356 668 204 583 347 203 763 471 78 898 279 24 604 650 799 741 568 96 213 579 194 836 244 913 851 72 462 274 803 972 589
889 65 42 921 594 345 845 49 768 685 99 596 133 208 476 673 728 82 997 135 149 706 755 780 66 741 963 729 224 312 222 69 915 263 556 239 463 905 630 543 536 564 196 450 45 484 219 494 59 448 413 698 289 84 469 204 504 104 142 123 141 147 549 86 580 775 286 130 276 345 905 131 718 672 595 535 37 503 374 899 229 392 376 102 140 61 651 696 120 670 529 579 657 790 372 288 549 320 555 308
633 132 420 647 243 926 384 625 486 888 653 64 927 970 913 917 477 611 78 557 146 162 715 717 593 170 853 247 791 67 308 834 479 828 147 273 467 655 604 598 185 602 843 255 237 793 848 27 181 375 192 38 196 752 449 885 523 936 29 925 957 847 168 2 505 43 394 519 427 261 498 177 301 717 385 115 952 653 826 439 800 356 387 160 642 455 43 820 268 446 753 71 440 17 988 792 285 898 73 132
786 806 167 658 137 420 662 256 885 113 935 138 409 547 419 548 477 544 561 833 501 940 169 983 515 883 519 924 32 207 371 345 213 750 158 586 736 252 218 75 626 307 653 666 36 711 966 451 709 297 748 442 694 390 30 656 461 651 805 482 962 980 666 707 640 116 519 443 707 585 670 193 498 377 161 227 309 573 663 760 123 97 434 529 492 385 94 868 372 453 541 147 891 79 328 125 194 223 480 648
120 527 268 646 811 346 887 988 307 380 862 249 138 800 356 788 986 380 0 616 663 40 714 130 760 703 396 224 513 152 257 567 743 892 662 832 431 377 769 786 842 528 288 68 963 32 897 679 56 883 625 364 457 602 526 149 543 55 671 314 896 269 874 745 953 506 976 702 320 360 438 278 735 819 521 721 578 688 737 442 591 971 943 560 664 165 487 887 510 963 80 71 699 138 358 151 134 552 582 590
939 947 563 119 261 940 85 545 344 936 875 347 430 798 898 632 941 55 436 831 328 572 651 912 366 235 719 495 597 770 265 993 215 232 99 25 59 370 659 977 824 631 542 511 553 556 861 838 184 271 795 391 735 521 253 221 712 852 991 991 992 553 519 497 779 98 58 757 659 112 902 19 806 495 150 296 377 91 435 705 395 253 523 68 698 539 956 719 426 990 722 695 219 676 774 709 900 433 733 220
958 797 875 794 959 137 142 335 411 273 233 659 290 13 342 156 764 890 144 271 805 795 552 12 864 198 925 722 73 350 995 48 10 806 68 94 751 993 30 168 624 103 481 956 640 904 180 161 782 140 251 496 753 445 110 302 409 736 209 164 531 917 92 617 96 809 497 65 551 313 977 170 36 616 169 188 317 946 29 903 783 61 761 546 592 950 78 804 134 485 879 355 798 717 964 10 998 823 68 948
139 882 261 910 588 725 46 95 826 743 829 522 320 830 49 633 558 196 0 603 726 613 7 568 368 101 698 698 859 819 637 460 886 55 949 675 747 41 296 703 872 579 168 745 419 210 982 644 533 770 322 143 870 926 523 372 970 270 789 11 666 740 191 613 337 711 647 373 633 440 87 2 852 309 874 434 475 571 848 879 766 653 505 78 139 758 646 260 424 562 88 995 183 253 125 710 695 368 801 278
265 207 668 851 880 243 528 337 797 890 387 339 335 966 971 282 686 455 988 503 429 966 371 622 303 211 503 64 654 483 360 500 578 765 565 776 152 733 835 883 923 7 823 237 824 128 785 828 407 617 763 701 123 78 273 214 355 251 534 834 894 488 106 732 351 530 954 746 873 76 1 994 88 403 17 234 217 965 314 990 216 680 75 618 970 868 960 584 429 776 830 266 726 178 619 369 378 435 884 910
645 49 761 280 442 878 201 217 561 852 403 574 354 277 84 146 218 784 94 850 846 15 866 102 632 356 826 977 273 983 366 112 637 29 871 995 833 988 744 191 2 932 99 723 5 570 143 755 672 141 757 735 726 95 657 561 939 207 134 988 974 910 696 744 727 371 153 928 512 124 558 53 770 725 412 421 669 456 652 965 364 875 423 599 68 184 275 715 719 283 23 366 678 463 722 599 656 337 130 1000
728 253 314 370 920 709 697 172 569 976 809 815 299 465 234 857 799 227 804 323 109 799 343 636 644 106 475 674 599 991 642 614 448 290 738 736 884 690 666 20 321 7 477 932 852 342 676 57 762 17 145 639 799 977 244 229 899 159 936 339 679 277 606 426 583 951 14 619 336 913 669 578 984 933 623 195 912 381 82 743 494 539 185 88 75 653 487 824 73 383 908 176 763 459 396 729 633 541 551 44
565 85 154 816 481 535 477 431 819 423 131 956 135 765 703 903 52 205 150 936 32 230 122 524 633 179 252 703 194 328 712 308 239 860 733 339 80 229 671 147 727 181 633 756 335 540 513 37 614 361 782 915 39 41 447 659 332 384 929 615 41 734 752 458 979 4 259 264 291 334 225 172 984 562 388 736 7 97 900 905 154 192 705 370 874 617 269 309 699 700 8 658 354 644 706 811 790 522 423 64
740 297 609 306 158 788 748 212 974 927 98 437 408 216 43 417 639 382 377 597 687 351 25 310 174 583 931 436 410 630 50 266 278 314 143 869 373 680 790 613 876 975 944 616 994 357 58 407 324 21 545 270 33 152 515 248 358 53 36 224 333 653 846 164 75 363 674 516 891 388 187 700 658 931 765 643 930 635 306 530 537 910 656 342 650 488 694 211 8 627 91 217 411 477 146 605 924 88 625 351
997 607 78 783 140 660 814 585 216 812 201 770 444 571 323 206 612 279 567 718 328 629 695 529 160 795 920 726 508 776 117 833 466 24 304 540 795 754 999 171 154 566 858 13 425 711 773 832 163 884 44 821 706 614 825 51 955 265 78 676 529 731 141 138 31 247 265 511 926 675 995 738 572 193 509 710 34 96 597 270 890 797 132 118 837 662 136 628 492 880 973 825 610 161 301 339 984 377 342 546
699 597 330 343 514 415 239 169 178 746 22 442 421 175 318 181 841 345 662 24 392 283 562 19 746 600 709 90 563 743 488 607 110 26 187 435 133 403 148 461 73 876 404 211 345 685 815 210 275 446 778 517 794 378 726 788 815 397 458 750 505 37 701 697 598 539 877 836 5 864 356 338 208 833 26 703 465 4 196 449 969 237 176 281 397 980 722 371 86 778 177 439 947 472 382 167 361 289 123 296
59 513 932 455 46 655 29 10 350 592 779 482 524 350 476 986 839 129 803 386 714 240 438 375 203 195 71 708 431 846 345 834 345 657 346 429 214 459 33 467 675 681 841 463 893 680 232 370 839 617 516 906 318 986 84 401 670 384 186 710 358 583 647 666 43 911 553 777 466 251 613 781 871 592 986 641 241 767 88 842 649 914 224 273 379 684 34 256 743 882 501 521 353 48 395 85 463 644 879 329
852 999 506 589 40 598 469 876 21 878 391 918 617 595 738 778 332 991 565 57 111 35 806 113 824 162 109 763 145 60 699 237 169 46 535 92 740 53 655 171 232 802 867 206 28 322 598 5 200 625 348 942 372 576 408 268 91 352 273 338 635 32 984 919 669 582 995 82 158 44 890 750 497 517 687 876 339 197 582 451 505 186 540 731 518 415 531 465 608 416 976 445 102 518 981 928 523 567 816 382
493 612 719 435 527 565 844 863 997 22 69 915 811 856 234 324 373 10 105 590 119 750 979 138 34 320 141 799 150 149 970 199 971 895 782 114 427 288 311 870 366 90 442 835 355 421 944 530 601 737 369 619 863 666 348 159 762 472 959 525 39 114 993 66 917 332 884 291 760 886 13 634 96 673 452 63 920 87 333 45 367 353 774 826 147 779 145 824 546 755 842 749 314 855 587 367 850 569 740 723
844 319 674 479 968 917 306 414 21 795 680 477 325 615 849 126 461 597 175 335 349 644 453 875 12 18 811 606 34 654 919 625 112 28 101 938 766 868 372 380 178 34 980 541 321 916 306 363 412 735 194 789 14 344 218 397 233 644 921 550 968 997 31 630 102 57 259 934 53 834 1 620 260 612 175 627 422 451 785 792 473 818 308 168 799 322 711 560 266 948 121 919 36 157 284 312 780 539 910 198
888 389 261 191 402 208 767 231 871 660 880 593 83 264 312 677 601 820 167 355 122 221 813 637 122 481 147 872 225 939 229 180 434 24 932 277 814 148 60 164 479 266 663 819 664 700 974 907 486 995 728 367 800 703 916 429 529 882 691 728 36 804 455 873 452 317 87 651 460 403 537 357 768 614 697 610 993 194 979 264 685 464 374 684 294 374 472 712 526 719 545 910 498 972 193 156 709 185 670 592
181 903 686 707 576 8 484 368 839 461 673 822 933 505 340 416 59 502 669 154 378 774 214 248 968 57 117 618 770 506 568 823 673 233 583 241 22 909 368 835 294 573 660 554 385 48 284 104 738 41 97 168 289 10 999 197 4 167 861 781 245 728 602 637 334 582 463 335 110 916 794 878 87 21 57 595 430 260 854 307 21 404 971 712 22 511 607 244 399 943 865 7 914 993 990 971 144 751 704 275
638 545 735 666 824 513 946 402 603 111 344 624 992 304 917 375 519 387 598 482 374 734 87 755 213 806 47 369 885 171 754 684 667 211 569 358 359 125 710 308 842 594 657 878 696 200 434 288 993 750 868 957 843 139 883 295 185 517 724 65 866 973 451 712 656 828 29 572 387 694 1 396 47 365 232 458 476 814 6 165 877 642 404 489 805 82 530 680 423 209 429 949 184 235 210 582 540 521 547 156
539 0 630 58 607 839 461 65 632 824 880 331 472 48 541 797 284 653 303 270 71 853 141 818 187 921 604 103 287 491 120 773 224 496 509 880 657 809 670 730 841 951 529 592 722 506 681 481 976 871 584 109 906 558 701 541 515 761 557 164 223 660 208 876 313 785 955 193 783 810 797 932 850 633 937 48 925 979 29 887 319 552 276 606 539 495 61 156 180 835 594 32 576 141 341 225 573 960 113 18
458 764 132 760 855 959 772 221 819 641 752 997 750 333 431 85 386 407 976 916 993 27 607 274 64 20 558 619 331 126 135 676 27 794 135 70 638 80 917 822 215 660 281 253 211 157 815 9 546 893 935 476 906 147 330 214 843 842 571 569 279 395 265 606 249 575 747 493 163 142 440 14 806 220 901 419 607 206 724 953 834 126 839 942 937 777 868 738 515 663 729 370 571 500 245 163 530 922 42 808
139 385 739 279 313 344 174 982 885 646 452 63 923 167 915 279 32 34 872 310 283 832 4 537 955 20 987 463 386 357 321 707 303 414 73 525 312 661 0 525 184 999 74 164 197 708 773 715 318 733 539 741 387 136 224 36 402 188 3 630 467 908 348 697 591 765 782 90 2 184 126 629 769 35 269 295 999 331 461 503 811 773 370 514 952 377 433 128 20 937 975 631 218 368 568 220 432 514 928 649
804 690 355 853 955 321 868 929 945 832 637 187 488 875 318 420 777 497 615 365 336 810 116 439 239 784 897 695 780 299 304 391 725 951 747 819 79 830 155 649 872 30 582 444 991 66 567 952 759 422 484 734 861 622 110 81 889 115 722 690 986 684 653 377 754 369 868 756 640 628 431 21 383 324 421 982 181 758 662 601 423 82 661 462 380 380 71 434 283 180 233 663 121 193 712 384 757 381 862 347
897 362 883 86 174 312 345 781 187 906 143 232 803 121 427 983 172 564 53 669 199 504 885 844 437 275 905 648 411 413 338 932 268 177 552 647 624 859 346 889 677 458 657 666 758 277 771 82 291 498 626 153 865 903 617 404 459 106 469 474 13 712 379 951 605 130 72 967 462 419 729 888 558 516 249 246 640 276 9 744 660 887 743 727 477 837 861 1 351 156 214 925 790 334 496 273 636 85 990 234
195 377 579 854 569 883 743 219 207 575 673 418 26 419 91 965 131 340 520 569 6 174 190 276 930 961 561 675 986 507 349 603 322 984 89 320 147 775 803 152 118 676 834 239 530 854 21 948 952 681 26 462 184 761 41 506 46 338 102 462 983 276 333 856 727 545 514 806 812 898 437 104 425 950 777 973 722 74 839 38 621 641 672 369 375 338 603 0 664 847 829 190 691 873 594 203 559 966 769 851
145 232 355 824 366 55 375 289 589 999 215 481 946 384 201 514 43 591 441 99 109 473 240 588 807 771 283 825 564 207 876 851 949 486 65 716 178 459 142 728 708 292 254 104 821 778 90 155 58 97 569 777 1000 267 747 879 171 563 289 855 642 860 266 755 897 268 966 874 391 794 8 818 779 36 742 645 598 419 281 397 572 899 278 375 766 847 758 782 648 334 310 529 829 756 986 575 883 449 922 90
194 307 983 994 848 652 354 533 505 20 707 973 133 109 902 476 636 230 672 457 763 534 282 832 507 165 780 880 524 315 581 649 606 429 268 798 602 105 558 953 765 349 323 213 211 194 771 383 4 231 356 243 758 286 581 493 293 108 925 655 465 791 354 850 5 123 218 531 35 35 382 720 424 995 776 25 504 602 598 951 37 784 896 649 413 149 655 161 70 838 269 121 791 230 221 152 233 386 808 484
128 994 361 813 527 792 648 732 830 547 252 322 462 922 880 316 333 828 289 654 561 121 515 383 150 215 22 906 545 326 653 647 745 329 193 364 88 28 603 341 367 255 357 357 612 645 445 891 16 96 865 796 255 815 147 290 942 762 208 662 189 122 172 838 866 765 423 93 913 571 505 3 98 99 159 248 717 90 763 934 744 752 60 488 102 992 556 530 289 902 343 587 579 141 206 267 410 514 885 592
282 424 314 171 736 0 572 550 755 368 291 685 830 909 420 57 620 866 714 881 907 752 257 687 493 674 448 615 45 126 279 328 476 660 108 573 211 64 313 938 739 300 216 803 78 78 289 975 337 887 911 864 10 102 567 997 283 54 939 87 125 645 413 886 258 880 833 490 970 552 279 858 99 217 84 460 591 661 239 399 179 910 216 463 671 678 960 712 591 658 64 301 965 49 274 776 443 999 996 177
89 841 562 29 815 73 405 29 764 490 743 737 520 82 845 101 69 401 447 942 329 692 974 738 161 374 798 408 567 78 620 849 761 1 205 369 664 183 637 796 878 946 467 337 677 700 67 709 248 151 700 830 195 229 255 95 385 54 222 937 346 183 613 681 485 770 24 400 905 187 551 578 113 146 493 747 829 167 434 33 629 976 840 103 561 332 64 11 62 840 598 208 290 408 662 544 715 231 402 358
157 822 274 892 92 308 353 647 412 913 559 646 557 280 121 601 42 606 538 78 681 483 859 202 508 188 563 411 758 275 809 416 342 275 804 337 616 989 83 250 343 232 419 498 13 107 842 283 290 84 896 18 781 286 535 308 167 359 25 701 457 405 778 145 574 829 133 34 868 664 654 274 687 205 949 401 272 217 244 40 446 695 867 498 368 274 806 64 866 931 608 537 883 859 325 451 861 95 21 767
615 360 597 349 620 196 352 945 138 852 343 905 995 116 169 225 287 439 179 813 441 85 434 145 729 787 992 78 469 630 303 597 656 980 623 739 207 479 781 47 1000 572 637 821 158 215 349 923 746 229 706 540 21 168 314 672 909 703 960 731 43 60 441 674 726 641 446 488 951 886 957 11 437 397 523 559 622 789 526 133 334 111 208 509 614 571 384 393 467 47 681 148 591 425 921 458 220 863 294 305
