23 21 639 981 158 221 615 448 683 995 271 831 504 960 356 651 516 401 336 48 464 895 141 653 422 938 904 664 493 951 979 968 470 596 677 633 489 70 242 606 820 910 325 804 202 462 414 908 454 849 46 774 256 225 413 546 9 573 860 356 885 690 531 712 253 708 681 902 823 713 739 405 262 916 795 804 205 814 418 604 644 250 966 421 552 591 760 46 204 832 512 494 925 528 420 180 62 916 846 414
667 432 555 727 434 104 789 995 212 98 326 585 665 932 1 535 984 594 863 661 36 281 281 952 227 409 811 110 340 33 378 586 874 285 808 573 828 250 623 76 562 699 418 365 980 195 507 770 119 511 770 99 881 581 698 113 648 531 620 143 605 687 456 646 288 792 446 693 789 680 471 263 811 944 54 980 339 133 283 61 379 909 712 624 949 951 574 28 845 523 251 574 908 531 551 942 81 269 724 652
404 922 421 412 399 811 607 124 838 530 265 537 249 865 709 124 131 918 592 39 596 432 401 425 466 100 320 998 389 309 928 497 829 948 946 340 135 589 578 176 10 626 958 746 397 211 200 156 802 918 522 541 467 962 389 948 527 290 495 933 802 694 90 414 482 233 363 202 224 881 267 263 236 260 749 434 662 770 335 429 351 853 135 490 57 499 10 541 429 335 894 965 321 797 269 58 963 576 459 326
446 119 854 667 512 540 164 162 323 373 968 737 706 474 545 252 33 149 467 70 287 66 9 631 974 448 846 468 907 457 890 206 220 922 95 882 766 701 334 819 159 176 600 432 96 161 556 848 838 407 467 701 48 643 634 437 821 587 456 78 611 827 222 709 513 894 228 946 741 687 750 55 95 575 4 691 547 823 183 697 511 302 434 857 48 456 885 462 963 976 194 650 351 723 4 18 935 506 266 248
979 862 559 94 275 162 157 525 158 818 500 935 349 849 503 243 95 406 193 961 64 957 127 638 942 489 615 33 161 392 478 962 609 793 324 345 871 91 333 515 813 51 712 781 921 962 339 132 59 32 200 261 865 551 871 897 800 526 235 494 760 47 739 376 577 339 385 392 139 763 643 260 881 735 413 168 333 154 587 281 43 166 144 633 517 690 997 493 934 887 162 34 555 502 301 224 622 640 501 334
599 58 988 242 374 37 246 138 89 867 582 344 583 300 903 991 156 147 775 498 662 29 413 780 61 45 247 409 479 226 604 341 322 264 670 611 201 736 930 277 968 446 910 720 252 989 425 173 885 895 760 654 344 902 16 222 274 552 137 995 127 431 339 0 90 819 874 666 525 219 731 852 725 955 89 243 862 915 635 79 783 280 350 356 232 916 425 506 511 38 141 749 814 227 441 379 272 13 586 399
3 117 204 976 281 281 234 370 16 341 964 904 239 802 212 4 46 191 509 260 651 232 94 102 557 779 541 327 169 297 423 301 696 39 841 742 396 384 367 561 348 516 137 895 25 74 908 174 32 622 681 414 603 434 297 170 112 440 360 907 945 799 886 647 475 576 510 433 380 781 410 650 341 409 673 708 440 626 103 336 860 539 431 587 533 927 391 530 330 484 646 587 389 521 167 715 741 713 84 917
5 225 223 352 70 864 137 697 297 770 651 75 242 354 580 479 673 386 138 527 46 895 702 536 322 505 548 299 378 501 928 405 842 503 539 504 312 232 282 759 930 199 619 873 235 82 666 71 236 774 171 743 887 832 863 588 709 565 329 634 113 519 26 486 503 267 166 938 503 63 660 953 505 422 152 632 69 363 221 877 845 557 580 49 250 216 696 641 292 505 165 155 171 242 684 331 262 288 570 761
762 106 837 790 947 300 564 610 832 117 706 475 354 942 610 942 655 541 687 728 634 244 143 307 190 543 708 137 576 61 106 401 722 750 128 117 119 610 754 59 835 749 16 448 692 379 107 796 894 68 832 864 119 390 967 327 237 263 834 165 184 100 853 386 381 739 394 641 5 560 55 45 12 685 492 556 122 225 294 526 179 898 513 636 250 845 303 33 229 642 979 236 583 494 648 814 908 207 462 196
591 963 857 199 454 0 671 91 88 435 978 193 762 177 974 413 745 632 633 262 776 469 609 16 872 913 560 768 864 363 654 665 295 569 330 808 68 853 686 47 475 655 323 32 778 649 16 312 594 145 889 621 720 308 435 568 142 207 23 295 81 54 289 349 513 149 923 637 685 653 970 719 724 886 901 369 895 253 132 731 247 91 872 560 673 924 262 258 526 503 285 653 744 4 805 365 797 52 611 528
196 153 826 639 651 918 709 997 341 582 973 134 974 51 799 23 128 511 485 397 65 692 977 484 261 78 892 87 299 988 757 457 550 125 446 541 301 941 407 317 941 830 443 296 314 529 267 663 593 730 916 366 271 841 436 671 517 114 328 865 152 370 150 347 134 97 355 756 583 311 230 739 839 386 475 313 77 543 587 183 616 313 105 4 86 426 603 581 61 566 657 642 524 756 342 8 598 649 892 657
171 993 127 470 616 413 653 529 226 489 772 532 316 534 654 50 262 226 829 55 247 472 181 749 86 883 279 276 700 103 922 608 10 515 978 963 322 627 817 686 418 197 683 23 279 856 992 440 17 960 53 10 741 830 27 71 728 591 317 796 969 14 835 362 459 349 900 896 650 171 456 995 832 126 858 389 337 611 110 44 863 895 191 894 756 905 573 143 512 957 595 393 856 678 656 233 736 620 813 493
632 617 288 308 367 409 907 878 36 582 106 499 277 444 779 127 866 624 536 0 454 296 889 426 954 997 125 740 983 508 442 144 51 505 176 607 35 410 779 980 579 501 470 512 962 186 580 198 992 757 737 831 458 782 227 138 276 561 629 340 53 285 879 198 244 337 692 353 447 190 156 653 499 814 367 701 508 704 704 817 643 884 213 411 342 58 740 94 127 197 615 672 986 341 944 625 587 991 950 638
43 955 407 441 416 169 886 36 687 95 203 376 831 157 991 827 857 601 699 359 218 717 860 605 129 123 972 862 20 924 431 836 394 127 226 199 364 822 24 913 574 304 854 389 404 173 367 161 775 681 258 215 727 334 397 109 990 771 807 111 695 543 306 63 309 194 506 956 677 806 131 597 915 910 975 930 394 295 671 271 586 810 704 758 554 307 453 641 231 122 805 145 134 772 371 415 55 446 893 763
886 424 225 230 365 550 763 411 238 283 777 224 996 813 553 704 761 844 99 540 790 265 654 678 481 330 727 903 835 888 29 629 623 837 186 523 189 958 952 471 150 330 602 707 78 783 894 345 24 561 127 910 543 641 392 465 614 450 241 504 516 717 151 63 860 982 804 0 241 148 72 503 618 54 885 203 719 178 953 414 99 724 736 565 144 88 15 952 119 401 915 398 170 459 236 510 713 213 710 250
468 209 184 900 976 239 462 813 88 482 452 0 538 67 717 229 501 937 823 97 542 557 735 917 357 469 723 814 717 989 811 333 701 27 469 24 441 182 283 640 208 523 988 619 281 4 61 813 609 716 87 340 405 110 5 21 796 337 299 426 530 171 613 314 830 594 204 964 733 751 529 731 867 357 60 329 121 526 602 9 361 773 114 428 164 193 496 701 497 480 687 627 23 844 524 814 234 206 557 42
85 567 889 679 860 858 168 648 190 4 504 305 437 284 538 430 898 103 184 536 438 103 723 837 895 506 478 563 353 849 899 133 904 743 159 461 808 957 172 743 420 487 912 578 295 470 900 486 999 874 482 196 372 355 576 377 557 593 777 762 60 764 804 354 578 789 644 741 175 604 709 876 26 520 746 438 945 634 445 977 810 216 526 987 97 228 319 993 703 990 342 676 50 396 383 883 91 58 253 110
397 515 524 89 845 163 601 182 22 122 334 886 145 318 581 645 579 355 414 280 183 985 602 408 744 858 617 10 45 790 662 377 260 932 663 360 968 977 952 842 477 820 891 54 774 193 956 309 593 847 604 944 591 378 933 210 617 994 259 311 207 228 802 541 430 400 23 840 614 908 818 405 337 544 809 208 955 719 903 166 21 869 732 143 274 26 955 173 202 885 918 142 78 268 289 479 612 549 871 155
312 711 332 548 642 1000 116 18 181 309 149 251 547 989 646 323 276 879 47 520 924 113 645 82 473 53 847 440 314 808 696 813 903 291 411 752 248 862 343 763 102 116 137 953 450 425 41 470 332 883 177 514 170 951 989 304 980 323 46 162 1000 363 546 662 700 759 35 796 758 123 899 363 637 959 146 384 428 315 734 473 419 484 584 535 503 435 219 550 898 538 77 632 845 588 145 486 429 392 909 376
490 574 644 140 342 251 635 996 2 293 126 820 157 940 441 92 362 558 440 205 212 995 496 222 132 534 5 354 201 632 669 63 629 609 375 534 185 731 169 237 477 807 250 580 954 824 260 559 324 60 348 190 895 808 960 985 700 616 241 584 316 48 923 92 513 299 384 960 377 216 601 558 256 659 175 2 701 962 309 34 262 625 992 802 53 629 883 624 262 853 828 83 319 362 667 619 169 719 189 953
499 591 634 804 508 190 963 190 542 901 754 709 340 923 576 960 617 501 761 690 563 810 943 568 601 985 651 431 983 848 291 520 466 996 491 792 889 491 400 500 812 478 312 272 801 876 428 28 997 864 54 636 288 908 846 66 303 568 676 585 622 463 951 490 456 679 130 688 741 897 476 768 370 893 500 239 720 892 125 474 163 514 132 564 783 362 59 76 176 430 367 801 77 455 664 865 18 1 176 853
108 194 868 329 360 798 910 161 596 11 265 610 923 75 323 198 53 712 223 39 72 861 70 482 788 457 669 895 743 145 357 773 241 324 157 547 863 221 316 300 851 666 361 655 671 146 514 137 122 348 67 438 6 959 98 242 348 471 671 497 447 985 516 557 50 952 625 410 934 807 954 394 867 144 476 853 820 601 292 653 866 762 702 569 291 638 461 466 799 444 668 987 63 564 370 364 738 793 336 370
19 506 190 661 871 669 380 843 379 279 139 810 433 876 689 543 797 879 440 573 9 500 234 905 964 186 591 506 506 800 73 937 223 570 183 690 118 975 416 446 377 373 584 796 596 799 69 307 885 366 51 407 308 418 232 315 437 465 902 489 669 291 606 941 721 768 44 912 983 561 859 397 23 256 715 998 905 851 641 590 667 242 274 774 650 240 332 681 263 875 700 182 630 574 963 306 859 398 466 408
45 181 270 463 611 446 933 419 564 840 808 684 145 320 340 192 325 855 426 292 926 811 335 339 775 783 160 396 148 331 283 687 212 400 239 689 74 780 580 858 717 629 978 617 268 654 396 821 660 235 789 330 473 874 978 162 566 568 954 908 665 917 606 940 85 480 704 473 610 298 181 727 771 918 7 992 741 99 351 748 689 576 407 419 269 561 626 833 384 342 481 340 363 143 782 671 942 258 478 560
607 150 774 745 101 18 932 757 63 93 163 655 755 399 115 697 648 978 346 36 696 719 729 829 636 765 605 428 280 106 541 742 136 317 805 443 513 935 375 942 496 304 777 623 173 999 824 614 288 223 257 399 628 996 246 801 176 425 347 807 650 700 792 112 283 15 712 139 346 199 954 531 743 330 866 653 600 462 850 127 828 73 822 722 183 558 163 509 545 889 8 410 16 253 63 990 687 695 412 42
357 228 557 555 248 103 661 724 838 206 778 459 463 286 964 611 567 503 226 753 256 408 899 472 7 578 810 844 59 99 91 255 338 450 774 538 943 626 440 223 714 944 52 187 983 628 296 45 80 908 296 430 207 248 127 891 354 852 811 52 799 717 93 448 283 647 284 517 891 907 166 25 473 456 961 170 385 405 743 357 915 964 447 542 161 829 745 514 465 549 813 894 810 656 511 101 327 213 301 514
333 913 559 159 51 582 106 988 530 487 914 301 886 474 129 856 439 723 830 635 598 772 82 892 772 936 788 467 698 522 668 91 58 840 132 528 324 127 158 825 406 107 203 629 391 866 460 282 888 189 80 183 770 730 955 779 518 467 378 289 180 419 944 992 189 961 304 975 949 552 6 739 558 896 969 849 728 22 590 823 794 463 841 379 600 3 697 223 118 535 296 661 773 736 888 996 0 207 984 439
275 277 916 104 986 177 45 271 638 717 824 240 401 305 403 181 343 107 661 707 942 12 940 867 64 789 91 528 98 801 875 321 964 689 574 854 241 250 227 606 999 740 70 596 954 479 530 9 201 543 541 39 243 643 234 735 380 136 32 899 719 288 356 110 405 71 459 992 862 183 313 226 417 99 460 761 621 770 619 428 877 742 242 85 311 202 593 533 464 429 682 750 742 161 623 767 191 95 580 583
664 802 609 283 38 14 398 517 988 452 40 986 96 216 491 968 81 756 877 292 254 836 719 12 54 527 462 852 449 625 473 423 360 256 22 990 903 170 150 965 51 219 992 361 592 375 131 688 888 848 564 159 817 805 0 941 113 307 986 609 854 51 952 556 822 811 868 434 0 278 648 425 465 853 13 94 75 854 874 870 724 607 225 602 695 208 462 451 734 932 117 455 754 745 541 766 24 673 163 117
978 790 748 685 20 514 773 361 290 488 638 567 615 162 541 880 191 699 927 766 472 805 226 62 710 593 217 205 815 629 965 740 103 289 281 597 510 75 947 450 126 331 189 520 408 571 98 856 439 446 970 485 64 942 280 860 254 783 66 634 850 710 262 755 993 202 270 18 506 563 908 366 601 868 492 49 560 899 66 502 764 765 699 902 31 322 704 464 534 608 773 344 919 816 224 442 26 268 661 19
533 797 778 247 407 721 611 90 124 95 414 224 588 959 895 269 285 121 37 399 829 497 782 87 82 558 338 876 692 705 806 44 670 625 963 818 62 275 752 449 951 375 906 977 130 129 578 153 809 263 75 389 581 510 418 25 914 320 126 647 661 352 770 648 609 287 285 295 589 408 479 955 161 361 797 674 765 360 271 197 955 380 959 282 259 503 501 703 663 389 477 860 181 499 413 453 827 925 854 57
719 534 711 533 648 209 371 355 264 115 441 454 241 541 291 80 868 420 651 61 512 409 719 642 808 236 660 952 157 713 127 150 306 425 965 838 84 758 94 208 3 734 349 418 483 311 334 523 301 632 596 429 136 473 911 2 500 770 215 351 266 169 102 901 669 457 541 834 596 834 153 482 607 900 323 766 866 749 507 230 783 279 802 940 823 292 906 734 838 543 240 455 853 626 996 325 875 360 152 469
256 679 833 716 187 710 863 762 626 102 97 346 693 577 462 9 516 122 485 363 226 322 696 589 643 270 114 296 207 586 108 418 636 310 581 124 876 448 562 508 751 501 43 820 617 505 567 860 162 389 315 583 287 695 843 302 988 835 660 343 918 895 238 365 873 643 837 837 813 276 212 413 888 898 907 535 854 449 994 147 137 24 164 899 188 755 378 401 631 327 991 693 521 942 557 716 104 979 110 794
917 216 826 410 345 387 636 346 624 288 521 674 743 383 982 963 655 966 132 165 692 830 451 607 462 693 261 979 79 553 118 325 744 250 830 895 795 642 985 243 10 13 29 435 506 288 474 74 198 71 261 843 752 365 801 872 849 470 850 806 161 735 612 909 715 412 790 732 647 58 342 358 554 40 69 934 106 231 39 510 98 25 962 374 467 435 467 173 193 542 816 239 445 266 785 61 216 127 44 938
462 438 959 388 282 501 767 624 27 690 529 762 205 548 42 412 538 232 989 320 811 156 353 441 734 286 287 883 250 166 766 426 129 268 952 630 902 343 381 150 72 214 107 311 217 441 659 825 878 812 225 748 542 820 33 552 781 534 481 949 655 896 258 652 820 629 500 731 155 407 545 316 404 376 584 351 129 923 710 348 185 454 431 561 674 587 181 758 86 941 62 837 338 926 99 856 38 51 451 228
922 702 23 676 848 408 15 251 504 16 805 560 841 96 330 986 812 862 761 829 222 167 837 537 647 584 142 368 618 178 449 749 396 107 593 362 538 320 201 720 620 933 146 274 385 152 101 299 511 632 147 428 586 281 475 616 572 417 638 144 297 955 826 904 669 14 27 922 489 408 922 656 340 176 828 645 463 668 310 17 582 331 689 724 458 132 20 72 859 581 509 741 616 578 279 91 78 980 984 931
487 574 479 810 972 476 285 453 521 589 197 30 780 90 649 685 161 455 76 276 722 62 936 441 177 579 202 159 194 420 809 455 972 550 286 343 293 569 80 972 517 566 222 471 754 802 685 43 203 845 132 732 500 320 668 881 123 247 370 248 480 282 626 764 787 472 104 221 977 268 951 490 864 26 441 264 573 54 424 220 825 180 959 590 927 787 332 171 403 89 484 733 423 177 468 66 120 336 526 568
823 392 466 260 97 649 46 372 823 128 665 551 399 426 615 764 517 469 64 266 967 233 269 251 920 536 35 135 485 377 504 323 781 852 85 461 593 881 842 894 520 129 449 93 495 661 399 658 426 456 908 40 96 61 452 250 7 396 435 62 12 659 71 969 346 472 433 116 747 337 995 356 287 159 512 720 99 913 112 548 775 939 208 279 148 25 440 885 995 973 35 612 860 655 376 313 79 35 30 628
610 136 510 246 710 114 459 946 1 469 935 921 241 620 193 537 147 199 558 334 22 36 174 890 605 21 46 418 107 157 15 939 169 512 127 721 774 948 834 403 453 495 815 331 333 143 70 277 921 38 926 972 165 618 302 432 590 880 796 105 737 15 673 129 114 633 458 710 790 444 794 163 228 30 840 770 942 147 913 501 130 247 902 407 667 750 180 996 702 112 621 597 259 626 153 571 341 357 280 369
948 768 691 372 585 219 148 65 404 892 356 869 511 40 466 170 582 587 979 328 978 64 897 120 759 980 267 378 287 31 961 878 797 976 741 974 914 355 706 663 603 639 12 865 984 850 448 941 531 53 601 125 766 214 406 715 457 223 633 799 585 806 421 569 227 168 929 534 105 139 73 302 115 287 646 118 271 876 538 227 957 88 455 882 946 991 437 469 79 477 246 311 345 534 982 716 883 844 826 992
449 256 359 967 775 442 324 535 473 315 742 142 717 245 104 498 318 477 486 774 14 639 489 321 938 715 801 995 480 68 518 84 893 433 149 626 880 28 141 582 891 350 602 227 242 322 893 70 815 247 951 529 215 104 5 705 578 381 201 867 91 766 24 970 9 180 481 648 362 174 726 680 451 624 613 899 487 822 549 813 408 182 259 238 613 622 344 456 287 483 182 994 577 355 640 77 404 851 688 373
447 351 694 128 653 64 915 940 681 40 873 905 185 992 948 281 653 298 934 930 935 493 790 593 781 554 796 523 281 853 721 918 397 988 9 493 532 877 794 96 525 475 718 711 792 39 51 101 785 501 196 361 39 428 697 792 385 819 445 129 995 466 826 543 683 57 223 253 847 861 54 31 994 475 842 747 165 542 742 520 14 616 952 671 292 662 358 240 458 193 940 206 576 832 181 581 842 573 230 698
43 622 770 200 109 646 895 738 192 369 965 884 655 511 257 940 714 130 878 949 468 137 339 584 321 935 514 755 181 621 547 186 169 562 366 952 50 30 193 488 175 270 769 188 507 835 828 48 743 4 350 624 952 949 385 994 452 268 85 286 501 40 214 217 576 634 155 412 796 997 705 621 10 519 754 291 126 862 911 39 567 359 55 405 572 364 576 908 19 655 883 206 761 3 545 443 601 51 866 786
669 195 875 277 687 793 751 586 173 231 244 698 118 826 880 684 602 934 473 481 124 597 671 778 461 953 665 162 401 718 917 53 521 11 217 808 310 848 912 560 257 966 55 633 714 980 93 286 775 903 124 857 387 714 674 510 998 817 222 242 575 920 80 938 545 154 699 553 948 964 763 759 844 810 328 123 150 658 426 75 87 631 623 660 761 539 882 190 748 134 713 401 56 731 89 151 488 957 106 727
96 971 948 555 773 876 369 777 353 447 389 339 731 511 245 182 895 263 850 920 715 142 372 98 991 746 269 110 716 863 910 480 28 277 160 944 89 822 645 282 790 112 295 970 591 530 542 509 684 118 988 664 335 497 679 422 797 366 155 115 498 547 327 659 481 317 15 205 726 263 248 638 664 669 11 777 815 514 985 407 39 510 472 136 606 542 755 946 606 11 630 297 139 210 611 156 263 220 802 425
498 887 129 626 934 351 783 719 122 89 371 378 289 533 468 997 386 775 732 661 385 175 574 560 994 515 886 476 407 492 382 210 183 610 640 617 88 727 10 964 903 5 215 523 767 994 705 353 428 414 599 962 852 474 540 122 574 977 101 16 227 947 648 373 487 327 871 745 539 888 554 49 684 249 319 374 261 862 783 837 37 245 160 302 34 93 730 128 871 480 997 616 147 497 900 103 568 770 832 382
686 361 25 748 392 94 58 753 160 74 327 242 509 962 334 669 620 151 525 918 799 587 105 225 713 320 904 163 377 315 69 386 580 566 684 646 414 142 977 333 212 163 239 86 611 518 328 772 125 212 175 197 289 278 362 533 280 406 722 156 238 534 21 435 433 53 531 411 447 900 18 903 272 602 608 392 986 325 166 221 669 445 556 432 254 22 950 346 368 509 310 339 26 311 659 730 462 376 786 942
235 417 64 73 740 412 740 738 524 918 371 781 108 685 272 529 595 423 73 736 140 380 725 484 727 152 985 43 53 382 518 957 129 419 628 933 743 100 998 273 90 95 771 845 151 965 570 628 708 933 26 268 607 785 100 614 451 453 980 610 279 215 743 205 109 201 150 585 989 752 887 993 14 901 6 851 425 920 152 416 861 45 357 814 65 873 349 668 171 218 532 91 239 27 792 301 688 380 632 863
332 776 179 599 783 71 601 331 322 749 671 838 312 299 676 865 345 936 151 990 843 538 873 547 317 42 495 685 218 826 213 765 133 41 732 535 912 884 591 533 291 982 742 408 470 16 421 965 675 682 609 798 46 386 371 303 970 866 487 173 290 993 494 381 993 359 840 299 719 156 909 646 215 354 962 891 212 625 532 481 931 291 689 848 777 716 890 231 376 232 135 263 964 751 249 744 882 315 787 366
314 469 300 988 452 26 433 492 588 377 921 487 423 905 530 141 926 618 777 702 788 793 843 760 361 387 722 473 972 62 529 920 627 211 942 112 48 392 47 63 231 948 117 447 233 539 800 459 872 762 847 495 124 604 151 434 21 591 957 462 577 849 132 47 570 583 566 539 738 979 352 173 733 921 679 149 741 129 548 204 801 283 722 498 920 195 659 481 952 780 832 553 616 610 185 753 791 179 776 796
923 863 225 17 819 116 273 877 869 258 899 398 15 245 913 319 400 213 168 118 398 919 835 909 718 149 787 221 581 765 510 377 291 709 426 178 704 952 160 429 814 813 289 746 250 315 985 804 430 898 972 982 825 41 543 626 204 772 630 683 165 213 57 648 165 964 428 337 694 30 865 950 91 938 85 234 541 151 954 40 274 929 990 400 908 309 214 81 697 423 340 693 91 179 542 68 184 660 667 43
936 395 73 311 207 863 17 719 155 423 605 858 113 231 274 341 286 73 997 715 150 795 730 720 366 433 336 925 108 315 952 301 650 549 966 825 802 562 802 126 409 638 280 662 279 491 314 240 156 961 376 111 568 244 160 544 355 349 393 219 334 652 34 202 921 207 423 186 373 226 784 338 1 415 779 291 117 144 521 421 983 268 914 286 157 283 132 408 328 301 429 231 301 484 449 890 5 613 333 940
134 299 278 552 311 955 130 490 339 165 788 979 353 252 821 665 880 400 879 134 218 966 125 757 577 690 364 136 966 811 600 560 40 950 526 522 223 164 751 358 188 36 804 148 321 490 480 486 138 931 113 963 849 763 887 498 711 229 316 12 791 590 976 977 457 72 454 579 151 602 175 509 912 331 663 42 184 360 560 926 323 720 756 327 251 54 69 983 381 303 357 684 697 229 184 833 414 600 855 366
663 945 89 157 679 71 994 982 596 536 840 527 613 570 361 479 956 28 208 55 839 523 655 344 699 231 880 851 741 508 653 693 1 136 596 80 830 448 10 71 538 717 386 49 162 668 156 43 619 391 288 477 755 830 120 508 868 53 763 607 565 158 33 955 595 187 481 288 477 750 43 665 75 724 277 427 692 981 746 484 938 472 38 430 828 996 957 485 61 997 443 873 331 718 577 209 818 408 709 455
957 453 386 763 24 794 48 855 94 284 938 580 710 152 383 284 30 866 589 604 631 514 688 571 741 0 662 517 186 768 194 740 982 468 529 775 187 378 263 684 163 592 308 322 922 389 743 190 672 296 804 256 971 0 285 866 233 105 183 384 519 410 60 622 892 818 977 545 628 942 887 191 626 121 893 582 387 199 316 890 897 972 58 948 607 532 883 89 32 376 607 90 2 79 651 5 217 988 427 399
906 725 21 548 834 234 913 811 706 650 36 465 50 911 295 835 999 784 528 677 569 534 115 384 558 723 868 866 197 213 360 529 644 690 687 739 410 965 690 40 996 942 192 971 950 804 315 549 794 521 89 631 941 568 284 132 279 975 565 186 538 206 609 26 574 326 576 922 482 485 707 308 976 936 331 143 744 128 629 18 770 942 781 182 372 895 834 815 468 573 3 223 809 14 516 210 493 527 403 370
559 38 484 447 393 240 950 797 516 189 704 457 671 189 504 728 696 757 269 345 117 286 19 97 674 744 248 600 815 8 476 9 64 143 735 689 569 535 219 705 238 862 840 531 241 577 111 981 897 200 513 863 968 285 376 9 621 579 667 301 908 731 194 225 214 301 249 806 570 659 190 241 380 631 826 579 335 375 163 658 10 773 678 128 894 521 708 792 946 123 296 258 879 640 214 716 171 29 16 337
462 175 119 748 852 122 513 514 157 819 273 21 680 144 567 985 224 921 305 392 796 481 447 186 292 749 454 634 358 897 437 69 108 60 759 876 776 404 384 65 271 181 600 603 369 999 465 84 283 20 157 579 278 744 461 632 284 73 841 413 198 932 261 502 340 818 749 726 101 565 778 1000 731 150 485 859 469 593 878 914 813 243 288 118 184 20 810 886 977 765 721 940 719 698 640 354 911 11 858 642
606 358 66 222 321 458 63 894 618 837 652 643 760 358 205 806 797 394 739 807 237 333 994 297 31 992 936 132 474 905 624 315 560 618 14 662 327 894 432 222 592 508 258 999 278 35 689 625 975 410 35 961 560 735 875 605 51 439 989 339 120 740 354 126 216 826 386 113 311 694 683 299 552 382 77 923 145 934 192 451 242 801 86 450 839 332 398 306 677 260 374 609 618 234 352 490 393 368 339 240
396 195 607 635 140 331 935 405 735 211 70 438 35 12 445 348 394 482 603 354 536 273 748 682 19 272 892 130 133 212 457 153 137 133 76 259 601 70 776 731 626 395 968 565 882 172 352 272 383 85 40 411 682 720 142 54 298 36 292 627 781 473 100 260 945 522 125 504 66 227 345 942 92 75 746 592 348 490 798 253 167 393 568 559 932 63 758 447 700 979 490 802 398 973 678 709 832 547 716 237
985 801 63 81 849 645 35 202 218 773 649 994 419 693 880 330 362 119 438 319 979 495 178 76 654 743 600 836 469 853 346 30 186 828 256 954 807 29 107 455 387 709 89 109 384 18 534 24 186 120 696 567 101 767 335 637 904 90 551 796 207 519 597 108 583 267 134 115 127 61 214 743 986 343 97 886 647 36 799 214 579 872 665 706 94 746 743 799 282 42 204 327 955 820 715 509 350 288 866 765
430 641 434 409 687 386 628 517 450 18 776 565 413 837 286 247 131 109 117 1 934 800 923 766 407 993 269 129 779 983 158 411 65 643 346 378 352 627 445 240 742 14 600 521 12 6 146 836 631 307 934 824 561 92 345 820 873 768 473 457 278 33 535 238 13 652 622 15 975 120 960 90 384 742 779 442 645 475 778 308 342 553 57 616 751 679 820 241 482 823 7 623 745 996 909 49 785 625 453 975
526 736 627 536 951 669 692 451 586 196 942 313 969 45 232 378 685 592 89 907 728 369 165 681 631 59 252 702 188 49 656 468 605 5 811 167 195 37 126 637 966 855 572 883 286 92 699 401 628 132 440 103 294 45 231 956 741 36 516 406 800 873 568 377 456 580 39 418 232 757 273 801 159 479 234 855 856 483 983 549 868 840 938 122 824 615 173 176 720 809 709 745 858 337 264 591 333 4 36 504
354 255 935 186 337 361 254 254 879 189 987 226 439 697 783 782 674 814 307 151 631 261 302 284 202 513 193 348 689 730 193 198 510 173 287 554 609 636 358 436 236 280 695 671 586 992 438 442 524 700 563 462 62 376 57 902 698 400 314 263 645 887 839 221 823 265 68 319 505 493 467 76 574 730 705 589 507 850 387 412 637 226 599 435 948 949 583 188 242 942 960 365 30 521 77 423 246 836 670 409
240 905 730 744 408 568 888 115 750 126 432 997 907 16 662 205 637 531 442 594 478 733 298 277 587 483 915 670 214 709 698 530 286 238 256 126 69 277 342 973 115 688 24 805 822 967 46 727 298 445 276 905 508 667 747 936 9 447 648 800 839 921 80 199 982 745 453 226 147 306 54 64 344 147 459 467 141 143 722 103 497 724 500 94 378 886 661 277 959 205 3 50 256 30 911 378 859 885 20 628
288 56 952 579 932 447 967 492 807 597 494 970 615 718 707 17 27 590 904 54 445 31 526 938 597 944 964 269 205 411 537 394 516 822 215 956 296 459 541 674 977 264 415 618 258 447 555 645 611 799 481 563 366 952 727 649 42 998 581 618 956 129 171 202 875 545 927 44 110 953 280 842 420 270 756 961 820 614 614 395 549 338 79 782 406 813 517 681 816 214 475 707 775 895 154 171 555 417 519 815
448 635 352 557 41 638 628 701 278 473 64 533 205 611 374 798 689 904 809 63 563 426 617 434 93 449 169 183 193 912 732 608 513 825 551 722 155 179 11 712 783 593 160 476 813 13 836 759 634 871 532 602 486 633 58 348 470 918 931 275 193 420 401 555 36 619 286 348 483 776 201 681 736 536 175 161 546 105 658 616 939 923 547 580 831 707 147 765 478 635 864 901 168 278 187 474 604 455 295 184
515 570 186 853 245 898 181 820 204 545 199 761 453 992 922 310 65 222 253 80 786 153 2 810 938 888 849 18 311 869 406 156 588 609 1 521 283 909 144 494 640 451 169 454 155 544 991 723 552 654 133 10 935 218 418 399 223 814 9 738 3 76 15 275 560 915 127 996 603 500 186 865 925 244 779 320 538 913 802 368 920 905 804 635 311 890 87 166 540 563 940 378 747 453 871 77 399 535 148 198
341 362 209 495 22 414 681 805 567 777 655 224 590 588 148 229 588 524 108 902 44 458 226 326 132 324 532 90 700 330 56 182 109 873 289 213 660 795 663 387 10 688 260 162 467 589 802 262 205 319 139 672 574 566 406 142 830 55 785 128 451 557 883 76 27 45 778 760 378 201 941 390 676 767 270 204 575 819 243 6 598 169 717 694 974 303 172 991 970 303 137 592 372 231 160 643 590 881 770 496
667 11 753 460 854 865 677 963 723 491 793 702 427 243 673 602 82 157 528 144 599 253 482 218 881 157 568 217 458 613 550 761 151 227 59 674 462 386 385 1 156 880 478 350 927 76 974 523 181 220 766 156 475 430 191 474 306 990 583 705 445 916 638 973 511 525 479 116 956 932 689 287 583 374 54 640 808 729 950 947 964 934 448 350 419 747 296 399 112 665 233 860 156 54 851 131 876 507 285 37
984 758 735 458 288 360 393 822 276 37 428 837 90 765 988 854 445 521 872 275 887 226 66 69 563 865 242 955 651 504 425 285 669 368 43 499 605 119 488 736 690 175 181 785 609 287 33 316 734 171 231 477 393 661 491 902 832 46 908 555 480 22 568 892 455 243 826 465 928 809 85 300 79 441 95 1000 6 751 872 722 213 479 251 555 947 690 243 84 746 364 659 257 420 527 517 336 788 856 368 928
488 232 531 62 445 119 553 864 595 621 568 902 721 788 269 861 674 361 955 980 562 452 761 127 320 894 11 512 413 50 868 101 12 703 387 63 146 541 431 980 874 823 275 637 659 950 355 327 878 138 586 854 606 206 212 199 650 647 754 50 121 291 756 98 800 474 252 919 783 540 579 603 17 281 291 538 44 153 334 464 971 192 36 109 309 312 939 11 803 857 495 282 385 958 522 825 135 532 140 302
204 526 742 604 180 327 994 355 275 233 881 509 755 16 740 476 729 144 635 600 593 742 26 689 174 893 98 18 893 260 138 171 973 344 350 417 185 231 362 734 2 100 360 738 437 178 235 958 970 222 226 405 571 136 301 292 339 59 507 697 461 768 846 94 831 883 335 754 497 137 850 133 709 914 625 318 978 907 636 819 617 768 822 990 590 282 754 290 975 776 983 238 331 849 779 690 374 582 199 693
770 965 732 91 284 96 495 273 472 565 777 249 776 885 619 640 698 829 202 645 35 264 740 567 933 971 653 973 91 963 773 774 801 269 292 70 41 600 552 921 323 905 952 317 573 262 273 403 544 31 979 950 352 656 24 464 519 90 132 161 928 182 919 595 965 40 832 362 571 914 970 414 836 533 444 225 336 823 891 816 511 190 868 851 936 70 813 767 532 540 32 737 128 633 469 814 945 610 347 381
254 663 434 334 262 956 655 892 526 587 902 498 647 792 250 373 645 193 938 326 843 735 69 37 457 21 934 216 710 977 493 764 456 344 402 125 641 981 660 605 963 114 768 335 707 103 931 978 552 1 405 353 603 493 619 90 602 815 982 690 461 579 161 530 910 179 85 925 752 854 592 869 10 294 953 699 35 679 563 912 313 378 294 439 860 332 70 695 8 179 75 506 579 147 704 579 914 720 863 333
825 201 485 495 758 315 31 774 130 262 672 421 402 360 740 320 872 388 184 205 94 529 372 13 899 963 99 251 663 940 639 154 967 740 684 736 859 512 703 174 551 637 9 994 346 944 650 324 603 18 74 385 543 289 84 778 377 735 949 916 53 513 199 535 931 450 583 399 818 294 387 270 581 81 442 973 949 139 57 388 96 993 996 647 610 633 576 85 120 421 615 12 265 293 893 803 317 119 786 415
867 77 470 372 632 684 415 468 190 372 300 721 183 605 223 393 382 629 30 971 207 413 601 501 879 884 572 960 688 470 97 27 914 83 444 515 136 560 439 113 172 685 568 788 401 488 276 388 208 854 504 507 623 461 110 505 682 414 15 22 386 547 364 597 692 297 752 930 46 442 602 129 443 760 608 959 203 114 479 426 285 109 396 466 717 620 943 829 499 295 584 766 855 842 462 527 66 899 853 788
954 256 685 93 59 329 15 63 74 871 829 467 504 820 945 915 192 998 329 983 789 888 299 52 765 46 605 778 46 696 999 961 597 611 431 430 795 377 505 747 743 796 344 654 696 81 113 494 13 15 92 230 731 540 239 334 828 376 334 969 668 343 724 304 394 281 204 60 777 943 756 391 102 205 651 162 827 788 425 659 954 937 726 763 195 514 567 602 265 128 120 777 197 975 631 890 663 442 446 818
144 623 745 768 748 775 350 413 79 27 700 547 580 774 300 866 895 1000 436 989 168 602 141 230 353 838 658 264 59 925 527 240 369 673 435 465 835 979 844 374 569 134 973 613 9 214 910 741 334 962 570 286 98 28 205 431 619 89 979 75 391 555 845 550 62 180 518 440 852 311 766 930 813 557 281 584 671 62 506 511 125 846 184 164 688 340 370 707 206 140 387 581 842 298 351 706 62 216 257 38
111 420 858 276 760 260 68 528 56 565 118 147 135 432 990 255 896 450 197 451 27 849 677 717 557 987 10 105 381 281 303 57 728 790 93 165 669 144 768 693 391 911 849 600 424 623 905 164 974 199 396 506 617 132 572 697 398 883 751 334 453 252 149 545 176 45 11 889 382 813 620 767 648 905 927 718 25 899 275 637 834 165 535 875 810 44 986 838 513 3 212 284 99 291 592 181 467 370 999 709
838 761 900 635 31 626 444 499 712 865 779 105 317 180 311 186 695 777 171 911 518 713 768 286 727 286 647 529 845 684 771 240 484 864 340 829 1000 116 775 514 392 618 509 393 322 596 815 38 202 814 112 468 858 347 253 773 258 778 439 514 430 547 83 10 146 974 887 593 428 13 807 307 697 638 896 327 201 167 817 958 302 123 286 775 732 43 315 494 866 114 417 111 3 238 868 765 601 41 244 811
324 132 410 794 576 827 208 674 625 310 495 286 998 752 409 536 91 488 302 232 161 61 611 516 811 825 210 319 950 718 652 673 103 522 464 979 762 209 224 945 671 36 662 467 1 169 456 524 787 611 380 540 428 15 579 630 10 857 534 796 472 641 358 799 609 321 368 255 737 963 521 103 925 821 297 578 510 587 407 222 778 216 728 222 454 802 526 157 612 604 802 628 307 171 515 152 692 573 829 187
520 948 531 738 387 315 270 144 818 529 630 283 478 691 296 735 223 244 615 186 566 406 909 419 160 256 122 5 805 925 507 523 345 828 653 480 304 49 928 633 96 116 998 255 163 607 594 616 842 486 157 930 67 379 901 136 643 586 100 643 61 118 152 625 161 791 819 678 475 577 74 177 181 318 689 893 579 203 407 614 608 580 151 746 867 734 224 461 322 451 351 483 443 694 639 559 150 156 441 925
839 599 283 782 508 576 791 870 259 514 973 911 817 635 126 474 653 296 927 306 362 394 237 251 536 1000 260 373 329 200 998 357 490 744 185 526 734 477 186 523 217 683 968 413 794 198 572 673 602 764 597 919 73 602 933 467 984 660 94 96 138 589 458 794 518 352 516 554 445 418 259 261 592 713 309 497 682 547 572 133 498 55 81 541 245 553 454 750 613 862 6 332 81 416 669 256 576 996 445 504
558 840 629 945 260 102 877 428 816 199 540 625 67 596 478 355 542 315 882 106 436 492 414 232 599 835 256 528 448 970 550 911 755 368 828 97 62 229 8 21 883 564 835 164 635 770 849 732 681 4 255 76 264 882 775 478 45 433 115 472 710 424 134 465 557 37 414 154 962 538 479 812 159 793 110 376 983 347 871 258 171 635 184 330 630 896 387 687 233 970 511 561 246 933 863 629 601 989 54 481
163 612 875 979 112 893 919 507 570 481 427 748 94 411 883 539 278 461 888 985 426 977 577 105 460 767 394 929 61 746 613 163 857 493 935 770 668 119 306 211 518 586 392 182 379 957 1 870 254 989 350 405 457 446 611 314 874 674 759 105 230 0 732 306 271 364 622 784 766 170 976 667 472 11 953 336 36 574 75 63 324 865 143 251 282 423 909 344 333 705 290 889 229 729 320 814 386 827 905 395
276 225 71 217 724 687 697 125 138 730 19 934 698 44 981 441 823 981 762 905 713 642 288 589 847 904 994 846 326 381 218 247 216 309 935 429 767 679 371 133 360 975 935 666 474 386 691 618 632 242 218 478 246 626 141 414 140 980 1 377 24 554 881 535 263 257 580 396 157 36 489 102 688 664 307 831 578 971 954 465 48 98 311 275 204 942 639 31 486 125 395 642 461 717 218 739 912 79 45 620
261 157 724 951 234 794 33 235 473 31 467 21 170 362 647 574 325 828 265 965 623 210 967 384 420 753 23 401 789 695 594 137 1 91 316 605 740 701 295 973 74 559 774 438 975 844 343 958 351 221 200 491 779 820 637 833 900 4 649 270 266 934 479 342 101 819 365 986 328 31 201 84 394 682 393 650 934 837 140 939 497 64 676 781 627 801 111 549 742 478 74 539 557 499 129 81 646 657 747 234
909 9 367 418 504 772 655 511 847 504 144 564 88 839 613 899 417 181 544 326 963 472 651 601 779 213 251 300 210 276 468 342 903 716 611 703 573 787 608 335 860 731 853 402 59 608 347 780 758 805 923 780 871 897 330 451 204 959 232 976 231 659 314 499 442 410 8 846 543 503 402 387 991 945 687 862 922 371 688 117 218 104 17 321 641 396 303 70 154 454 910 703 875 829 185 509 508 496 867 611
392 406 568 855 555 879 298 442 255 174 219 3 0 245 184 821 788 244 12 906 960 368 828 169 844 762 735 325 482 445 668 693 206 834 545 632 624 636 246 78 933 342 33 831 414 850 658 877 524 800 762 96 457 144 11 604 436 81 297 75 942 688 891 373 574 347 251 18 274 731 229 437 42 820 667 779 698 768 789 573 797 338 378 682 426 478 179 993 546 209 328 478 991 325 200 67 712 382 737 28
203 676 876 974 485 672 714 704 374 71 31 651 520 75 86 199 101 420 556 348 518 637 632 832 997 90 98 159 36 953 861 161 714 869 514 936 323 624 807 454 206 677 543 439 285 202 972 814 744 155 187 438 960 503 458 34 361 459 636 873 82 791 459 951 791 62 53 13 718 188 803 716 872 676 555 118 628 131 119 280 166 731 325 737 719 53 47 759 41 55 553 757 897 620 870 46 731 476 372 890
972 812 341 840 822 82 244 92 786 458 0 268 176 456 621 276 989 388 40 596 234 131 187 19 718 610 463 624 235 441 78 217 555 29 422 404 965 79 262 44 743 576 105 692 821 785 932 305 940 946 6 437 692 808 52 832 414 788 22 628 91 373 865 618 74 430 607 262 115 521 628 948 540 619 486 514 988 950 516 591 600 666 41 398 189 353 621 908 495 331 630 248 324 746 510 389 827 423 52 951
443 79 876 602 921 342 880 508 827 153 353 182 196 435 490 737 859 387 994 268 631 270 963 460 744 402 748 928 140 648 601 308 406 749 550 318 550 147 322 330 23 395 327 108 656 385 201 740 510 656 377 793 464 689 335 377 464 769 366 391 493 503 770 231 993 95 401 594 964 30 424 159 634 190 375 395 395 632 216 708 125 1000 888 102 888 70 471 829 255 783 415 155 824 951 869 23 45 685 634 161
62 303 928 731 162 426 939 608 59 46 628 245 770 691 665 713 678 374 274 317 647 774 430 871 758 171 444 663 784 168 813 117 293 200 198 826 914 750 821 914 83 140 983 840 848 332 677 888 946 645 483 492 116 317 591 956 189 734 733 802 521 177 307 153 232 463 379 426 248 813 705 429 282 82 674 376 440 898 593 395 170 487 348 250 668 980 522 234 82 835 112 735 213 817 880 659 852 166 144 657
200 680 389 433 360 227 974 907 611 618 310 850 331 376 687 746 784 739 998 325 141 497 598 158 909 175 661 654 594 287 313 281 590 187 227 527 341 139 510 366 919 572 187 34 213 368 431 108 203 305 716 183 97 67 909 333 941 340 968 144 171 811 973 143 953 388 195 591 920 756 50 178 731 676 939 460 461 256 55 26 395 479 163 540 952 150 664 884 702 941 147 420 897 721 262 45 64 249 692 368
951 557 293 207 275 311 768 912 906 295 309 749 451 709 640 92 917 647 222 879 830 987 332 223 975 258 188 330 725 78 103 332 739 627 769 392 697 926 399 303 754 335 619 321 720 501 802 705 756 61 919 33 687 395 514 222 229 792 990 928 676 328 937 27 669 358 881 423 238 515 998 933 354 859 509 85 817 673 445 880 870 3 388 536 246 701 110 268 559 393 309 489 304 176 618 235 427 872 124 97
428 191 592 920 492 382 717 698 383 149 604 277 364 60 626 141 8 106 416 629 42 930 316 889 607 924 418 773 464 239 913 370 775 705 103 763 560 886 541 997 679 8 630 32 65 215 974 117 845 535 115 633 56 574 823 588 703 160 287 798 859 339 257 993 671 818 828 511 787 859 918 678 631 475 539 518 750 811 967 127 396 606 243 550 662 516 85 918 268 930 235 480 130 198 879 456 233 132 495 22
981 499 864 767 514 128 898 122 219 647 887 700 22 184 612 159 58 159 107 582 398 37 917 708 472 191 391 76 187 234 248 176 317 754 554 18 227 675 617 802 459 113 605 556 714 613 215 182 16 504 867 982 708 131 177 150 394 716 680 977 553 487 64 605 628 67 9 581 788 960 833 813 419 270 870 529 100 995 293 509 409 848 365 740 351 795 926 75 653 819 521 957 888 576 462 178 429 966 293 660
119 293 974 129 358 463 186 393 635 160 242 119 959 882 585 900 774 886 484 691 473 338 966 782 112 720 442 613 581 51 887 907 822 245 720 553 589 557 457 114 591 263 221 631 217 856 190 744 204 93 459 548 40 838 30 709 3 952 390 862 391 445 889 471 428 71 586 87 266 517 818 420 629 549 83 877 398 918 371 418 665 497 606 664 337 483 145 742 627 509 529 785 768 302 914 61 221 180 738 681
489 505 922 284 454 453 344 145 609 251 935 106 995 211 782 862 456 481 230 261 147 602 640 838 841 943 92 373 764 168 499 765 189 396 370 968 310 471 549 614 529 156 737 884 948 529 539 641 986 778 140 743 893 918 784 0 7 847 413 441 736 133 687 629 254 261 918 14 724 654 550 505 472 989 917 61 386 371 436 145 224 568 134 418 394 29 110 664 378 731 764 609 47 48 651 712 758 910 415 777
