467 795 337 973 720 507 165 287 296 834 338 996 729 739 539 439 83 180 782 508 729 798 853 168 581 500 739 533 87 825 81 766 145 902 688 397 530 300 761 238 666 206 797 791 160 400 960 285 914 66 773 615 551 314 86 999 675 774 320 217 491 851 106 973 941 122 152 586 836 575 332 948 516 607 65 53 859 903 84 975 296 468 42 768 998 840 430 19 742 646 13 742 321 258 874 364 588 99 835 343
352 615 495 757 364 534 576 147 353 934 671 729 621 40 23 498 18 434 661 954 614 63 515 745 640 933 986 351 806 848 609 223 53 5 578 36 253 915 367 570 447 187 577 7 327 949 40 381 950 872 714 817 921 686 537 860 185 139 752 241 119 9 494 805 655 65 939 599 261 972 833 804 943 566 67 979 688 714 420 73 166 466 801 885 908 475 559 551 304 322 344 12 188 646 170 483 454 766 421 428
931 776 71 922 850 804 548 422 1 70 751 616 34 424 825 345 536 559 897 169 175 942 405 336 128 36 640 237 603 642 271 965 691 544 700 244 841 583 480 512 716 88 964 669 285 391 604 186 359 364 113 431 251 246 488 407 827 103 988 934 304 173 730 849 22 52 827 12 111 831 460 458 209 300 765 359 676 904 32 856 255 521 928 573 988 874 401 902 927 270 706 287 982 160 686 551 651 287 435 571
159 244 502 572 511 499 549 674 966 826 473 77 675 381 62 369 738 117 179 811 458 916 368 864 623 190 640 400 933 154 975 954 511 25 548 459 924 241 622 540 434 672 145 295 783 364 220 888 343 135 806 936 56 981 194 940 129 521 720 761 855 602 409 769 778 980 887 340 557 429 788 944 818 690 349 533 115 201 289 884 762 711 687 261 200 675 474 495 629 860 54 819 509 614 131 236 820 323 127 891
789 383 394 249 962 803 259 129 390 477 704 882 499 740 819 616 308 140 993 666 913 582 555 771 122 555 540 592 619 880 890 132 768 696 645 412 332 574 93 398 81 165 558 652 333 704 812 920 976 0 321 374 506 458 784 857 489 846 894 982 565 446 959 968 698 221 730 148 276 976 969 295 798 149 577 77 584 50 56 809 897 345 704 867 126 385 784 386 768 857 526 722 24 234 334 802 669 436 641 451
259 825 680 527 524 274 333 375 160 204 533 560 958 203 998 454 220 259 517 650 661 954 481 234 60 385 181 183 744 607 373 153 802 168 504 30 90 90 547 956 349 890 464 589 236 33 299 572 934 523 285 866 85 264 827 741 791 724 992 428 401 754 412 437 803 873 200 420 48 437 959 799 324 794 160 845 742 801 973 429 305 754 329 943 752 305 756 369 771 233 711 54 127 921 183 53 902 94 856 354
554 161 120 875 987 449 161 669 799 811 757 107 315 57 898 655 839 279 944 281 207 271 713 157 8 271 853 928 429 74 840 183 883 575 933 910 437 77 639 582 56 557 205 493 42 766 0 975 285 995 361 409 775 504 990 192 51 129 860 168 642 472 972 591 315 589 719 586 824 167 67 371 212 54 569 224 207 734 47 706 864 442 187 361 900 613 856 571 10 277 752 926 346 591 741 603 666 513 352 158
187 405 369 713 702 901 351 175 511 110 53 873 884 608 184 698 40 611 951 680 392 518 323 489 299 9 884 416 858 377 72 882 919 625 407 341 736 489 725 277 749 569 97 254 863 460 736 511 324 564 365 590 982 923 404 379 648 911 760 473 101 938 336 766 944 665 88 109 826 48 300 830 842 25 655 334 682 205 173 133 165 864 847 542 60 847 942 406 298 745 852 621 86 6 145 718 198 620 945 264
89 567 31 658 278 303 437 707 117 36 305 658 523 96 120 482 216 161 44 631 76 621 456 117 254 156 167 541 565 704 960 342 853 642 102 136 669 167 699 12 533 159 73 404 849 405 700 694 393 100 722 795 262 751 147 568 146 932 510 208 137 833 479 977 481 550 22 908 130 334 180 322 239 952 588 764 205 916 503 187 745 269 554 19 420 671 993 608 607 642 769 775 509 66 536 830 958 761 927 975
266 612 787 784 18 567 917 698 195 946 267 501 529 24 999 429 808 397 648 168 461 736 656 269 419 230 976 78 396 247 795 365 134 74 149 878 330 928 72 585 331 251 76 330 848 114 770 720 24 479 326 300 642 117 717 508 811 398 813 570 954 732 131 172 962 285 92 877 118 50 389 569 34 558 182 554 171 526 81 401 510 929 894 759 101 330 549 712 296 907 484 308 892 862 107 79 287 279 109 37
73 388 591 920 82 269 22 65 780 479 24 506 167 362 183 571 683 994 201 408 950 45 190 57 567 53 796 367 336 388 298 973 402 222 755 945 507 541 728 400 404 119 616 399 580 653 650 751 25 766 489 571 902 332 394 555 756 531 80 503 95 714 850 466 32 315 568 437 727 522 246 361 344 974 248 222 10 478 765 405 380 201 991 652 378 433 235 451 834 220 337 129 564 443 737 437 977 747 842 120
918 969 117 356 240 547 307 258 950 401 782 961 16 947 305 205 254 707 288 426 567 521 278 155 320 587 867 562 321 284 546 443 735 204 90 408 105 459 64 52 56 622 517 597 935 217 120 319 375 822 167 904 351 292 931 499 638 280 193 340 442 823 536 664 495 40 228 344 233 957 5 978 785 756 764 187 668 490 876 940 522 890 641 324 540 74 686 280 415 803 824 660 577 140 802 350 141 869 494 656
834 546 680 543 617 845 182 99 81 41 3 375 718 775 414 154 579 122 665 443 672 36 253 283 229 567 283 131 171 822 60 640 597 13 593 326 829 374 167 994 493 585 890 731 691 703 854 888 972 93 111 810 99 6 293 325 190 387 374 363 266 281 405 858 99 442 720 789 462 877 1000 428 751 301 529 63 595 546 605 910 145 512 506 48 540 11 251 754 375 740 6 44 32 78 895 205 972 40 395 102
559 271 478 168 510 451 884 466 252 614 922 140 688 920 817 45 665 620 165 708 728 799 317 330 626 857 507 97 718 733 949 390 281 960 409 137 11 136 634 532 324 125 11 412 690 749 340 14 204 854 172 916 44 701 693 510 3 913 530 133 551 801 443 475 397 382 621 114 726 108 593 767 221 614 68 70 589 328 312 716 556 374 454 926 428 710 249 283 488 169 378 506 193 938 132 254 471 138 822 408
24 445 677 748 11 10 87 227 937 718 2 900 251 917 439 494 891 606 573 140 150 129 218 520 199 624 161 904 141 163 781 612 793 589 798 699 129 454 602 852 752 147 607 884 696 717 304 151 964 824 343 275 913 999 646 115 607 858 222 365 170 885 718 22 152 54 947 471 653 404 0 254 29 460 144 726 154 988 76 55 117 238 820 803 895 566 158 307 12 355 62 231 797 425 126 227 229 227 367 878
276 267 806 860 250 609 860 517 414 661 507 313 941 868 884 107 287 17 656 198 102 174 730 32 161 887 621 611 815 279 979 406 19 608 275 829 618 154 324 294 964 626 968 939 247 229 216 929 935 347 109 855 355 779 653 661 793 307 528 344 844 317 351 516 134 680 709 553 695 922 398 23 132 106 293 961 734 807 117 959 325 72 56 213 585 48 372 872 42 243 432 308 487 629 520 439 317 626 719 48
224 421 26 838 858 183 281 730 721 136 757 948 735 766 638 664 609 54 866 258 971 58 407 409 584 784 698 336 436 861 967 449 475 663 978 961 878 151 798 924 773 784 824 751 856 423 277 770 216 555 577 585 724 618 800 181 431 48 424 382 114 308 910 0 563 900 766 932 376 564 604 586 416 937 367 484 653 547 447 0 324 341 22 756 46 439 461 393 578 812 344 34 348 477 421 995 255 885 695 981
260 822 342 81 31 176 519 7 971 454 402 58 203 734 336 277 725 7 704 479 729 667 622 450 243 575 294 850 655 324 309 449 851 733 492 409 347 767 424 614 727 735 290 809 698 623 74 189 240 102 152 603 50 864 252 5 161 147 418 418 693 760 614 697 849 125 531 828 697 86 814 652 8 142 107 511 296 546 346 297 380 591 18 584 584 565 677 516 242 989 59 782 989 787 683 348 945 63 996 815
363 328 853 258 296 995 109 803 232 32 228 310 904 127 906 981 741 1 8 43 755 723 926 802 339 934 26 165 7 559 39 268 957 201 270 884 903 738 894 628 249 5 801 937 874 341 474 901 95 819 855 642 205 297 326 648 427 513 675 985 473 224 129 730 218 745 529 515 876 29 723 450 251 814 480 484 545 851 74 5 16 797 362 682 890 653 516 785 65 516 236 618 634 433 832 409 44 636 575 973
724 598 559 326 25 522 320 963 939 712 212 640 704 646 880 595 474 52 679 314 105 334 964 84 709 684 569 624 96 298 732 280 431 750 379 474 876 623 26 819 724 169 423 281 93 505 884 198 740 610 66 822 148 367 582 150 266 691 554 901 536 519 27 342 93 941 983 639 330 149 70 219 175 356 969 562 513 287 515 310 656 481 712 24 704 122 723 749 376 268 369 246 149 299 331 945 503 820 628 898
309 411 456 371 192 303 110 352 724 331 711 405 402 746 38 795 928 284 293 511 573 777 61 86 289 847 118 415 361 423 374 110 566 565 522 380 544 494 832 258 288 443 455 24 526 869 95 143 999 917 689 253 513 936 993 229 357 910 773 820 156 770 265 951 358 112 302 605 920 634 991 751 228 758 697 334 143 227 540 699 970 188 520 948 818 777 811 2 223 214 150 910 174 871 263 767 181 375 593 237
999 851 668 148 516 967 776 500 536 630 50 454 184 583 907 515 943 232 437 671 667 693 422 426 761 98 747 171 27 755 594 188 594 476 36 988 92 98 445 122 95 314 943 632 610 4 803 78 178 533 263 776 475 283 95 44 609 922 86 289 616 54 689 617 609 268 81 266 90 280 141 205 999 644 75 393 467 363 484 574 725 509 28 591 614 725 671 473 720 552 194 757 819 973 996 455 629 109 711 837
149 831 991 193 57 757 730 89 965 534 68 190 262 172 920 439 906 293 133 748 416 212 670 177 514 375 968 786 409 878 970 62 803 849 971 5 824 324 890 415 193 773 525 228 902 807 374 553 915 742 814 168 525 66 881 576 947 244 469 693 439 367 802 397 906 886 252 95 668 243 442 140 416 647 725 512 567 502 111 421 237 710 663 138 955 717 790 901 604 331 913 875 885 514 466 473 802 12 307 819
19 442 141 353 512 385 334 543 645 273 358 886 4 436 794 393 997 435 650 712 689 953 311 292 107 72 560 495 131 209 269 823 163 22 459 572 605 55 373 55 693 675 896 372 281 130 773 563 715 136 520 275 428 745 253 995 166 49 959 826 184 45 16 826 207 247 599 813 442 502 346 342 276 880 928 818 285 916 746 531 833 809 472 30 505 323 652 376 223 173 31 477 467 336 293 366 410 940 15 228
680 997 838 811 706 927 638 591 849 373 463 849 655 571 172 805 720 508 122 87 161 905 538 485 322 31 40 648 632 582 140 77 563 765 952 430 739 615 300 725 692 47 193 358 827 863 820 61 108 140 861 558 519 356 343 420 574 985 782 793 720 339 835 545 330 936 70 333 537 993 525 807 965 438 543 963 721 647 175 230 390 839 296 867 915 343 935 947 513 441 711 413 95 31 857 329 456 286 972 674
943 119 253 88 457 574 31 946 212 391 534 499 729 802 92 501 938 474 29 690 820 273 289 803 755 454 951 460 179 309 647 540 16 347 683 442 114 467 549 66 821 153 742 408 509 959 726 335 266 849 47 504 261 683 660 984 91 475 827 358 998 702 357 360 442 741 197 573 130 781 467 796 515 915 327 253 169 715 73 391 717 906 597 706 963 613 386 3 922 986 903 355 156 903 813 489 979 848 682 608
241 439 548 823 366 100 954 89 964 226 730 547 35 662 664 511 791 238 685 287 287 320 449 151 352 648 254 804 610 104 410 890 974 130 558 609 451 934 616 744 25 654 229 238 345 618 300 712 85 800 232 492 605 539 867 251 72 282 669 910 197 915 230 566 351 649 293 283 592 879 330 989 908 570 939 810 104 89 542 648 47 56 537 969 310 325 257 462 975 990 727 677 10 629 475 4 98 546 597 307
667 547 371 326 262 93 697 927 418 686 500 392 972 398 695 865 926 450 234 582 471 292 975 366 583 226 250 171 124 691 242 736 156 519 808 342 326 339 355 865 111 876 294 847 46 832 583 757 941 909 37 955 941 770 130 531 266 341 848 813 346 540 810 541 733 599 842 514 812 405 581 123 662 533 922 598 390 205 178 751 353 254 360 283 748 740 853 581 707 576 545 804 687 268 650 833 800 872 950 996
346 677 308 906 457 135 648 668 903 179 770 305 465 384 301 728 582 677 198 204 41 216 772 363 287 488 63 904 514 513 467 574 33 434 748 711 215 47 669 730 646 68 533 925 632 745 503 589 33 504 976 153 138 955 811 460 45 100 62 699 152 958 835 998 920 310 33 71 739 314 950 469 795 654 271 155 345 666 60 354 759 972 158 329 660 23 908 987 157 239 800 813 261 625 494 161 582 191 821 690
932 765 294 137 951 819 118 891 844 544 473 721 382 145 359 293 793 760 492 243 809 50 95 975 651 753 298 319 813 228 686 702 280 26 993 308 8 676 667 555 505 103 696 909 689 768 413 636 29 120 370 293 998 132 701 885 958 690 952 952 462 890 89 540 652 973 630 515 415 42 1000 505 245 893 325 39 303 813 945 218 224 663 537 209 608 756 130 71 751 880 40 682 382 367 93 186 316 857 899 886
153 836 998 405 99 900 465 692 231 330 314 134 792 41 96 711 3 975 608 526 316 650 843 702 678 475 750 259 600 845 169 10 64 968 754 764 608 1 319 294 657 639 377 264 181 490 178 685 913 162 172 298 539 801 739 785 956 908 385 852 666 563 843 950 554 710 299 363 495 338 49 243 172 3 832 163 16 659 285 261 684 665 152 825 927 585 518 821 664 128 703 966 905 553 737 921 55 240 12 401
278 641 937 482 612 80 102 476 270 905 705 247 296 692 470 395 228 845 333 965 754 149 53 369 233 123 753 639 565 742 548 310 228 661 670 890 922 915 636 640 723 965 517 130 53 362 207 513 156 340 134 732 515 936 241 843 150 795 380 868 855 512 500 239 708 950 218 282 812 865 743 121 624 986 497 264 470 292 668 425 854 509 180 982 658 452 653 870 511 5 167 149 581 562 185 321 665 881 130 140
899 294 397 113 836 418 463 205 553 827 158 850 905 354 954 273 521 930 946 325 275 629 546 534 830 805 368 37 123 274 623 503 381 727 857 569 449 746 436 522 376 490 319 276 29 489 11 748 686 858 433 673 766 314 738 384 888 140 727 847 961 381 890 517 190 491 84 337 382 345 718 308 841 444 821 882 646 486 978 148 861 665 618 144 5 841 778 824 281 444 945 41 394 453 47 791 646 916 94 176
736 179 330 904 839 838 947 873 860 498 347 549 888 919 937 516 587 326 959 599 486 298 442 16 779 236 818 103 51 239 601 738 809 497 961 857 186 659 8 592 678 431 536 385 222 183 508 470 979 794 795 399 138 575 337 202 591 248 202 592 128 406 990 170 883 904 834 221 819 398 707 745 788 1000 395 255 385 749 941 900 712 287 655 928 247 58 581 38 77 251 139 874 371 685 722 262 782 932 180 773
556 370 69 776 384 771 961 262 829 903 179 649 382 801 474 363 367 682 933 457 454 691 378 43 384 217 102 211 795 774 468 561 566 622 575 42 161 991 837 535 672 150 785 758 679 990 579 954 98 823 153 372 936 837 405 369 217 786 644 608 407 218 148 775 170 856 115 105 886 495 153 705 878 995 98 607 986 84 667 7 538 688 584 758 604 705 492 940 532 976 139 376 38 92 354 547 11 869 590 533
368 921 195 87 351 106 276 772 868 770 346 948 380 976 208 271 394 544 985 551 793 354 514 653 715 959 995 672 266 24 125 863 942 646 702 182 384 504 410 960 834 528 297 412 408 774 69 402 446 601 4 103 533 68 488 740 789 175 858 407 968 610 397 698 511 733 876 957 227 107 668 757 100 212 227 147 374 436 39 732 102 290 534 388 129 440 683 714 933 766 742 719 575 819 340 481 691 576 675 487
726 895 842 776 900 730 740 17 19 444 293 501 173 883 740 757 33 220 783 861 810 527 372 273 848 506 319 240 950 563 23 505 108 46 176 998 602 628 531 642 782 575 208 501 826 330 435 542 447 23 536 321 221 390 213 10 349 598 981 779 279 260 322 4 905 460 30 191 807 795 682 106 112 483 584 239 287 703 469 34 572 962 201 168 113 4 252 601 672 703 767 644 169 411 106 207 663 695 505 58
185 17 116 941 334 695 73 598 468 642 542 828 804 281 702 446 74 524 678 504 752 2 183 522 334 886 637 675 979 454 684 169 639 431 484 993 572 948 265 578 6 52 532 677 29 788 49 30 745 487 476 410 204 693 551 611 277 116 250 990 259 317 42 536 775 50 651 183 747 525 740 600 903 316 781 530 478 432 644 605 684 337 529 849 478 660 906 722 728 130 162 572 335 26 411 766 259 944 939 881
165 95 197 267 262 860 470 942 805 106 907 561 747 751 273 524 453 502 478 791 427 826 162 820 325 573 441 130 968 4 654 786 35 562 613 413 749 40 946 705 107 899 77 935 765 511 727 692 228 545 737 273 281 56 186 371 888 74 73 423 801 883 614 782 911 51 134 357 62 161 65 473 886 498 593 327 277 246 24 865 900 899 102 23 831 91 714 868 15 402 355 112 223 28 719 922 974 79 64 728
576 589 19 564 411 527 455 753 11 192 968 720 190 405 67 110 691 207 134 32 504 703 826 116 693 17 216 386 324 383 834 355 317 19 229 438 22 642 323 757 463 184 674 553 366 565 952 512 365 407 122 284 738 766 333 544 256 61 113 266 58 960 15 955 740 552 124 615 928 623 188 687 667 891 518 278 877 871 73 527 637 805 589 604 967 724 972 960 117 299 520 194 113 826 91 793 806 717 632 77
419 15 502 417 318 785 630 464 680 688 879 767 424 547 921 613 676 365 428 451 350 90 358 938 641 915 457 731 193 738 973 516 495 232 871 636 213 511 710 506 695 776 325 983 563 793 344 477 398 920 70 269 516 399 68 681 788 994 463 470 1000 999 387 663 449 953 545 901 245 925 723 311 299 709 4 610 406 60 124 320 783 431 875 156 289 573 986 777 799 256 896 512 161 644 423 991 944 808 315 2
67 327 836 72 844 399 427 784 908 297 213 29 942 572 286 780 499 639 583 615 175 866 331 608 619 646 652 552 492 584 190 151 974 930 629 72 79 232 945 479 155 728 166 635 460 48 727 397 577 821 228 101 137 259 512 550 280 264 164 518 173 88 161 732 1000 280 437 375 519 246 681 946 447 727 318 364 538 204 196 531 708 362 335 734 434 485 799 979 191 708 250 340 525 812 389 419 749 120 631 864
443 294 437 671 987 156 728 110 921 806 674 385 254 116 708 569 954 745 774 689 991 275 992 93 612 779 759 692 785 645 509 318 485 803 535 624 87 579 978 783 403 542 135 251 927 6 216 460 332 642 492 126 969 813 304 66 290 618 394 914 170 942 849 407 267 739 139 763 520 395 39 654 519 246 589 633 267 212 839 318 473 884 908 726 310 185 152 183 907 396 625 264 230 682 726 181 976 439 681 161
9 909 708 480 675 546 758 875 757 720 716 864 745 197 253 17 969 997 11 687 947 428 944 141 653 690 280 769 584 5 257 730 924 267 944 622 570 567 716 795 777 436 249 467 33 486 805 882 561 870 92 288 834 746 319 678 474 693 590 603 387 957 32 124 696 209 684 140 370 770 106 344 985 164 251 666 650 750 801 827 992 330 404 13 1000 391 616 745 345 984 518 108 376 300 958 68 187 919 263 402
172 478 524 167 393 27 563 125 33 676 599 926 573 90 324 741 504 851 295 687 355 273 52 166 859 923 99 197 169 66 294 688 846 699 122 495 939 802 241 427 17 121 692 768 504 527 583 13 393 629 41 528 759 616 344 321 707 769 750 251 848 934 885 173 881 611 144 188 178 845 217 895 781 64 243 963 147 75 667 743 721 241 631 865 247 420 819 414 616 546 415 58 843 83 122 793 738 375 636 820
269 814 272 612 833 333 115 261 531 387 201 625 406 256 458 973 143 132 33 119 276 737 656 335 33 322 330 576 545 757 767 15 560 19 888 426 426 194 834 899 375 498 31 579 606 640 824 252 58 154 990 67 82 130 75 842 317 334 486 330 838 606 948 472 522 608 265 120 737 1000 516 240 340 174 698 818 946 40 871 165 23 859 755 766 649 561 887 543 930 937 194 572 571 129 260 987 834 210 427 981
421 81 3 628 40 506 205 433 316 732 728 113 360 699 298 902 58 304 791 63 984 77 76 95 31 242 657 506 387 774 162 966 781 275 266 130 75 761 879 932 560 287 429 536 689 220 522 507 474 533 988 550 30 617 605 264 580 471 264 177 433 914 920 753 290 669 762 493 420 177 866 523 408 676 231 231 726 755 199 327 584 241 167 849 796 701 24 938 406 156 925 90 2 279 170 65 357 330 797 901
939 818 99 656 444 142 813 787 569 496 583 819 38 625 58 707 954 0 144 43 782 807 27 800 651 6 205 155 216 316 670 986 800 220 886 12 449 605 318 961 216 389 222 214 408 982 194 831 164 777 93 681 157 336 991 47 953 4 685 401 871 78 323 209 228 148 268 172 24 389 334 128 463 239 177 105 306 366 378 937 252 222 374 356 61 971 480 884 301 290 743 23 532 34 56 179 424 480 461 81
594 987 356 638 539 630 749 259 476 68 200 175 422 780 762 808 994 323 317 566 963 472 371 994 824 820 911 305 915 686 938 950 671 131 888 256 540 728 115 379 520 810 966 509 990 565 770 795 525 899 300 18 349 286 815 700 670 320 801 537 518 968 829 569 520 484 108 377 125 753 318 821 578 767 559 543 608 430 704 896 483 659 372 78 686 436 664 195 64 515 786 177 716 798 440 45 208 621 38 227
592 188 113 154 641 907 377 0 915 220 537 889 595 102 322 325 10 262 274 440 796 826 695 158 598 887 273 721 799 192 14 256 622 384 708 820 90 585 349 313 552 617 783 902 520 189 728 391 666 124 616 27 188 701 45 507 407 388 367 863 424 369 920 110 785 832 50 253 395 275 414 637 536 1 55 982 972 537 815 475 304 751 454 659 962 327 83 14 396 342 172 445 442 958 33 241 353 0 314 369
273 239 848 182 141 637 945 428 324 1 716 397 158 286 853 838 290 553 767 153 775 218 204 453 508 706 46 366 384 1 416 461 12 869 538 985 156 80 108 664 381 858 579 961 251 241 876 787 338 447 430 239 866 327 588 207 713 138 238 943 193 727 766 18 367 785 392 58 262 87 263 30 491 529 728 492 828 300 302 519 741 92 353 437 117 644 901 633 525 633 271 177 525 423 950 949 790 750 598 914
850 699 699 211 678 847 631 127 812 703 402 945 382 94 384 775 883 499 777 391 377 696 401 264 169 965 86 582 422 356 19 563 934 108 51 29 390 624 909 343 823 108 229 615 402 413 245 843 55 229 231 530 7 781 924 709 865 645 989 871 130 34 401 183 919 13 927 618 248 160 334 745 702 556 159 896 758 574 158 159 160 787 103 603 493 859 328 55 846 684 832 655 776 783 878 457 162 982 765 298
133 689 649 982 780 217 668 744 351 562 692 852 673 308 971 990 340 843 107 187 888 743 939 171 585 706 453 126 375 676 402 957 434 534 0 489 337 151 563 82 289 955 487 472 13 467 364 883 580 105 21 620 804 155 395 285 908 213 703 970 35 23 518 504 510 808 167 328 310 526 741 592 461 999 803 281 920 281 471 481 943 638 62 699 539 705 233 86 197 537 860 297 343 896 941 808 449 144 36 440
317 942 646 648 211 957 816 604 694 654 462 832 292 196 682 721 655 54 482 375 457 726 920 420 799 947 191 330 852 766 535 16 761 266 225 407 336 65 334 995 345 657 567 229 737 981 272 720 283 124 231 659 609 979 764 358 840 255 818 541 646 336 68 861 742 493 884 866 239 197 635 553 621 124 556 471 850 466 809 227 310 259 863 942 16 759 769 520 158 10 985 317 68 71 923 20 687 288 844 187
910 425 156 83 669 865 627 515 230 749 836 355 896 874 261 630 507 511 36 569 804 496 592 149 639 616 956 513 222 528 777 691 329 204 407 396 928 181 997 49 676 304 577 48 490 684 490 420 830 485 112 16 275 75 378 939 77 489 349 246 813 135 505 893 937 243 302 954 772 177 214 103 200 383 365 356 273 84 269 961 250 277 162 362 71 636 878 776 703 611 368 493 775 652 849 471 584 518 810 83
855 844 932 264 68 344 764 38 686 577 111 215 804 190 723 30 119 864 45 257 222 338 684 195 273 167 103 827 476 934 16 778 498 107 93 460 204 656 752 622 271 335 710 503 100 218 898 592 516 948 86 724 3 911 713 816 851 518 805 490 484 770 764 598 653 93 214 8 619 508 995 487 333 24 109 360 564 559 666 117 544 834 84 539 194 354 944 226 160 930 421 420 239 718 213 572 871 392 297 134
83 106 216 174 806 435 866 229 910 824 505 110 921 554 788 677 158 920 859 924 283 369 657 870 922 156 229 497 425 794 943 220 484 404 715 181 256 907 935 897 169 352 296 11 229 581 890 953 841 867 405 459 997 704 983 20 46 719 351 290 625 866 729 453 831 913 151 785 791 816 81 934 427 283 400 904 70 684 783 760 154 781 208 579 168 374 164 220 156 478 785 495 786 737 217 163 556 260 553 242
92 221 558 985 674 967 871 59 299 108 96 368 129 449 525 407 955 634 49 267 607 289 8 877 966 925 203 118 656 819 737 126 450 569 925 557 610 750 637 496 275 250 519 887 348 269 212 576 387 298 638 609 616 0 733 508 463 629 851 683 148 712 908 556 172 862 594 488 717 196 600 75 569 226 824 623 960 137 159 285 903 310 258 530 724 899 203 871 762 556 375 947 369 432 649 231 546 512 28 161
385 995 279 387 573 944 914 189 243 974 484 348 491 33 414 237 533 549 676 515 22 142 127 9 869 178 422 256 883 677 351 775 78 789 748 1 26 143 516 122 987 766 473 313 375 788 674 403 696 918 865 558 572 880 693 310 968 288 243 695 175 44 168 373 460 702 485 350 381 716 530 863 655 429 570 486 643 914 884 189 448 258 942 950 382 901 913 751 389 44 979 519 744 821 233 487 766 355 154 331
522 814 563 580 64 585 72 516 505 826 14 370 489 618 273 595 282 235 215 86 20 516 739 546 496 163 735 724 527 444 786 581 374 430 205 241 61 500 443 189 600 635 863 395 66 185 739 937 657 685 993 162 344 934 901 206 708 213 194 406 185 251 311 395 706 730 473 95 108 225 567 893 581 966 504 422 399 931 321 834 596 462 914 873 925 293 212 38 17 778 787 813 24 550 102 846 513 844 655 802
929 971 375 617 432 793 865 345 723 374 395 417 914 246 285 408 123 680 221 529 800 261 509 832 377 45 786 402 573 672 560 748 678 758 48 422 850 729 370 737 334 922 434 76 15 562 211 843 999 444 1 483 593 135 68 301 502 430 444 933 302 74 210 581 925 773 190 312 121 704 20 165 885 634 638 688 880 916 636 881 619 272 421 702 590 609 353 510 771 802 512 36 879 746 164 484 49 961 345 207
59 409 872 600 299 771 951 234 335 340 407 641 460 161 309 6 357 678 325 67 600 297 145 320 0 950 749 595 712 689 384 155 328 191 282 144 193 9 575 984 718 764 901 548 78 598 857 958 320 331 454 445 734 529 39 665 299 682 943 380 568 647 520 778 593 129 76 571 611 60 119 816 497 566 647 282 690 737 327 438 589 138 650 98 690 497 855 238 547 431 636 116 145 866 301 514 255 683 407 811
33 904 519 701 907 321 775 295 92 564 396 406 164 339 558 796 592 659 393 679 380 854 493 371 411 483 708 842 79 649 183 407 140 295 863 98 930 887 731 735 944 868 916 0 931 682 535 688 427 944 337 525 78 246 799 192 587 686 192 850 436 797 595 707 144 695 726 405 701 729 162 498 384 288 881 23 264 381 338 916 943 531 823 220 716 227 462 597 654 81 934 758 485 753 855 182 505 725 626 203
438 792 400 690 793 906 748 97 471 240 912 952 886 733 252 905 920 660 903 544 780 749 619 95 975 357 32 846 166 147 719 148 569 772 514 365 765 273 196 457 799 225 790 528 681 901 571 685 285 833 195 173 797 371 40 252 463 481 910 982 324 831 552 887 576 361 803 527 631 777 278 313 297 682 899 659 222 811 838 767 414 977 18 516 928 30 370 974 612 536 973 503 407 532 246 73 693 933 643 666
175 514 357 485 381 429 243 871 595 812 413 959 443 56 111 543 330 436 712 572 711 985 834 813 755 372 784 881 163 178 543 388 826 61 596 997 281 91 443 400 881 452 760 162 837 868 736 877 128 958 203 499 114 547 334 630 231 643 720 792 325 286 517 91 988 46 769 252 983 135 852 598 819 362 557 413 379 754 954 577 607 922 68 89 235 263 121 833 780 203 294 723 569 945 203 854 917 412 13 208
215 525 781 348 893 163 203 879 410 573 577 256 195 864 256 926 215 49 50 136 756 137 219 470 776 783 583 195 216 118 148 688 721 171 379 908 111 765 653 453 111 739 177 562 618 852 816 199 729 336 442 172 491 250 708 735 229 163 31 521 293 161 829 869 574 209 828 74 773 305 323 449 85 977 978 484 158 394 997 381 474 967 200 563 659 255 755 892 560 7 719 619 36 907 859 133 471 773 406 189
778 778 382 797 329 817 194 706 762 983 946 642 730 623 918 685 62 742 703 568 871 13 817 39 848 249 257 412 974 165 761 575 61 45 676 858 236 99 865 215 534 366 824 18 600 22 710 276 543 79 347 626 909 613 733 208 763 361 405 395 152 360 494 534 575 385 720 766 343 222 671 763 27 833 547 567 201 177 37 326 302 44 231 342 990 298 528 632 210 187 526 119 648 832 889 540 829 406 904 883
530 184 289 577 873 323 370 60 146 191 450 988 717 468 589 258 658 908 814 475 530 996 428 563 492 35 833 449 513 327 912 593 999 276 26 649 566 380 876 597 961 753 923 113 904 221 983 391 166 770 594 184 696 442 947 316 398 995 832 755 799 31 984 752 992 508 247 452 447 900 72 653 292 415 952 808 160 594 61 583 471 320 316 566 929 731 655 780 249 322 577 677 733 364 650 200 202 26 254 556
15 217 160 761 279 170 856 134 292 411 512 789 355 765 116 186 312 464 334 87 485 892 911 11 786 191 355 346 985 167 888 927 102 248 908 564 0 839 95 293 827 441 916 820 3 694 256 236 711 10 437 40 259 431 96 918 664 217 704 54 39 912 241 868 568 489 624 450 865 197 403 931 697 614 520 809 268 395 240 35 314 697 142 816 425 178 843 449 200 334 305 547 109 8 892 110 9 183 457 498
204 546 619 423 163 592 986 772 734 915 201 706 452 366 678 659 251 12 555 539 216 136 52 453 239 862 35 236 249 289 155 134 620 454 484 234 952 268 959 498 656 239 904 332 62 395 92 680 926 477 789 361 55 300 106 702 382 942 189 189 359 162 604 394 15 64 661 14 118 790 255 253 937 87 538 573 364 536 103 731 466 816 333 903 358 397 634 631 61 205 208 189 582 335 572 569 645 275 782 637
450 780 519 275 836 421 595 3 438 500 432 492 571 314 464 196 464 704 627 244 638 137 675 932 371 932 48 49 371 862 628 888 362 778 834 710 408 203 97 315 35 107 305 994 654 221 744 700 251 379 240 689 406 185 377 870 990 886 147 60 788 922 408 468 797 787 372 802 144 642 410 714 908 700 249 609 835 95 102 609 938 600 669 805 260 406 466 872 38 603 249 125 611 835 879 622 820 157 403 407
378 386 347 498 469 829 269 552 251 510 729 326 267 617 848 774 198 394 33 849 92 69 447 60 836 691 109 548 834 132 95 827 321 784 244 905 573 371 526 31 191 29 554 915 600 257 971 802 672 321 69 954 373 71 832 135 199 418 503 130 860 635 216 602 604 905 24 912 5 3 94 939 462 943 906 327 968 808 225 271 959 767 736 814 385 916 449 910 641 485 789 901 709 165 10 575 296 72 418 477
810 644 462 452 757 1000 475 772 2 712 242 790 925 118 523 351 30 443 110 198 55 791 851 711 963 535 908 765 114 689 145 960 989 867 858 101 887 443 685 941 512 714 156 910 873 492 943 494 787 597 711 304 358 456 368 594 451 299 645 451 140 624 47 491 140 884 616 853 488 594 730 181 216 363 182 847 439 223 338 928 47 822 658 785 768 185 450 519 773 466 512 704 771 79 768 133 408 216 29 234
449 115 622 917 424 892 735 386 374 554 781 229 405 794 134 953 594 496 37 571 887 507 110 228 436 644 366 708 58 492 175 57 818 629 11 160 453 308 273 713 584 37 401 160 574 685 429 282 923 417 568 749 393 868 388 597 787 663 269 229 533 519 511 276 920 328 712 484 144 691 526 542 326 281 547 892 64 298 141 191 155 59 392 351 981 397 777 438 872 599 803 583 521 338 176 327 967 594 98 511
121 441 905 864 494 12 580 265 185 144 151 166 797 142 15 146 236 912 643 567 164 280 77 4 373 269 328 651 776 587 579 561 706 629 881 819 34 608 427 917 178 186 244 249 477 189 172 653 504 388 88 800 275 660 690 416 542 212 230 982 105 833 993 852 92 883 60 549 748 312 12 988 504 228 192 63 248 587 671 780 530 270 653 859 124 225 512 358 85 482 764 198 953 676 456 328 837 989 434 126
765 781 282 756 238 673 255 759 1 707 785 301 199 127 943 971 665 142 822 32 314 461 629 944 533 582 605 483 348 577 816 460 66 409 295 78 356 165 48 746 331 755 134 953 76 506 688 754 234 204 249 194 139 265 634 669 408 584 537 783 12 312 742 889 954 310 760 853 508 356 948 621 966 13 126 247 454 485 561 475 556 519 114 501 534 113 162 33 28 845 328 837 711 777 218 439 239 156 839 913
914 387 847 500 448 667 984 212 465 389 266 726 287 909 914 73 915 822 60 836 692 901 219 166 357 505 117 68 23 140 667 969 895 214 99 711 328 704 147 943 134 889 952 715 247 651 145 688 737 93 914 274 401 608 501 422 704 82 367 189 48 959 765 249 493 278 87 346 362 206 508 371 145 609 188 744 375 234 684 75 775 724 330 16 79 490 859 417 959 862 666 220 314 906 436 1 8 163 629 450
824 143 894 220 577 574 18 244 843 686 981 902 757 648 57 356 286 251 178 168 747 18 86 710 613 405 597 482 976 607 929 976 808 448 134 353 808 783 170 342 605 392 441 386 669 71 267 430 761 962 199 528 702 963 347 73 598 320 795 534 737 336 369 94 885 63 722 271 492 151 380 392 558 10 33 607 623 195 388 955 230 630 444 924 197 555 915 55 169 158 434 774 638 663 530 667 245 243 879 497
44 516 976 233 430 940 941 481 612 203 665 959 738 933 125 2 412 421 798 67 441 701 635 13 212 630 487 324 80 523 814 454 443 999 523 61 893 262 766 313 615 145 177 727 70 75 596 621 695 483 226 557 224 591 982 431 962 669 411 680 134 230 951 196 33 988 543 830 170 517 162 209 336 151 681 104 387 665 162 230 796 411 319 775 823 578 668 847 846 178 178 135 438 86 970 816 729 75 757 364
580 574 283 850 504 118 186 440 919 600 538 609 945 238 837 300 794 828 822 198 694 780 60 67 131 361 517 582 884 229 138 126 312 432 649 562 593 465 102 44 819 151 643 579 262 315 83 557 567 54 782 126 422 911 716 306 666 657 960 841 77 169 445 12 484 632 62 208 595 807 856 472 23 923 137 993 222 428 786 251 894 424 18 437 45 35 850 315 452 886 716 249 417 461 698 663 480 350 437 77
928 767 82 292 829 513 645 592 790 570 156 915 780 270 436 576 917 292 672 578 108 52 363 437 501 734 848 960 187 530 620 618 220 195 567 991 689 578 894 208 281 999 479 435 450 923 584 722 482 597 950 141 708 574 550 304 522 355 450 977 477 682 237 8 394 92 627 471 982 580 709 648 270 311 147 698 794 798 142 537 25 800 607 538 696 656 93 366 919 870 742 857 602 966 95 929 283 236 115 893
889 300 888 240 65 273 852 909 23 43 221 31 298 991 634 850 944 196 219 569 685 324 602 822 756 951 850 626 356 971 870 902 230 456 856 329 249 857 410 158 568 865 556 855 660 901 224 943 872 902 59 737 406 389 153 674 896 255 938 240 928 443 145 788 452 755 934 199 383 386 321 429 502 462 966 624 993 339 397 44 384 457 876 615 743 176 175 164 772 768 575 146 254 502 269 432 601 218 760 995
904 963 702 145 609 991 148 302 713 190 152 988 450 624 481 509 338 820 11 810 210 979 616 622 6 150 32 796 850 171 697 577 311 52 959 418 821 18 41 647 157 762 431 929 17 745 70 729 509 750 473 124 86 942 390 78 893 869 45 847 528 63 129 639 876 816 722 781 254 499 441 66 24 45 534 906 767 218 903 705 440 954 799 882 317 566 99 425 257 552 296 410 548 17 851 756 725 914 88 839
398 971 681 534 660 841 988 291 382 331 558 651 137 612 154 776 548 430 612 454 142 511 364 667 154 947 125 125 888 362 844 554 74 741 660 812 112 33 939 840 114 608 152 602 231 186 652 313 777 438 620 723 397 65 335 954 188 62 649 127 586 287 679 188 177 752 146 339 770 958 846 540 334 158 224 381 624 319 122 227 78 350 638 670 12 847 577 849 163 927 601 740 604 453 30 474 905 560 676 788
141 472 574 117 930 422 288 491 180 764 188 464 892 201 852 122 628 533 695 382 211 872 295 205 246 566 705 185 77 698 325 591 264 379 913 743 689 177 260 921 783 669 651 53 449 344 884 604 587 733 355 171 624 184 968 898 813 275 515 612 738 430 611 341 284 988 735 301 63 605 721 793 266 121 517 475 330 361 282 455 464 104 991 384 766 116 629 576 360 7 501 98 703 363 120 866 321 1000 741 431
168 239 878 310 114 101 977 964 274 491 683 866 47 884 156 961 731 600 896 291 315 186 94 392 886 304 60 508 689 533 969 467 693 52 819 554 903 725 75 924 612 206 759 329 200 422 183 817 299 670 612 466 153 609 454 739 140 703 6 865 143 294 567 92 911 480 700 986 27 930 363 341 438 779 513 850 527 70 61 162 192 84 520 781 784 953 673 513 884 426 494 197 384 748 109 411 232 524 270 719
689 791 210 916 768 750 926 716 48 678 314 966 743 398 151 360 151 910 568 765 684 40 188 530 957 964 388 776 461 714 993 462 527 502 539 995 713 820 165 752 789 270 453 196 98 872 221 297 106 35 836 889 811 860 243 857 828 905 247 77 83 631 455 392 272 957 811 800 453 908 634 149 212 663 160 210 165 998 634 966 251 229 786 351 952 986 594 921 303 316 931 616 299 12 298 938 352 824 460 430
493 517 748 674 553 996 173 907 897 901 211 656 642 837 460 871 611 256 141 513 515 130 567 359 864 17 445 997 801 885 70 815 903 147 194 129 542 563 194 986 572 485 431 848 578 477 432 310 767 280 50 285 382 653 993 16 508 78 813 484 805 423 869 814 182 846 23 408 813 370 344 56 797 843 193 205 444 590 954 406 724 303 60 844 853 796 918 471 163 618 725 126 510 64 380 659 531 412 801 431
970 968 239 683 57 105 132 441 474 701 946 441 449 781 4 729 988 558 636 704 35 559 497 715 29 624 221 340 3 173 922 361 673 649 375 182 742 537 403 9 969 476 296 655 773 242 746 180 705 874 859 135 836 719 300 967 994 743 970 301 46 505 978 752 651 9 681 720 157 180 396 896 954 387 550 36 41 539 949 420 634 598 283 393 105 294 943 3 681 402 612 438 859 803 223 699 170 579 998 664
236 298 349 625 952 920 920 484 900 226 662 93 335 0 142 902 619 129 454 526 633 653 449 157 199 357 55 932 329 35 840 80 775 545 995 409 880 460 914 380 544 96 790 566 673 197 771 719 789 336 214 539 273 73 546 872 436 749 146 53 192 146 77 131 181 64 318 337 26 825 41 982 966 912 207 247 448 453 816 309 724 278 261 729 370 663 724 152 182 124 252 240 932 96 459 564 217 178 901 134
679 720 665 161 797 402 544 255 476 835 736 585 406 528 965 994 305 238 528 796 273 864 282 50 373 88 453 994 336 363 589 895 118 260 714 425 391 710 847 589 704 352 655 524 833 153 505 916 46 533 553 645 714 335 186 687 915 132 829 988 777 598 885 179 484 142 112 575 728 83 632 205 92 832 314 906 332 19 656 985 648 814 324 273 124 319 645 833 118 243 622 28 722 132 258 102 346 439 101 391
601 506 74 824 734 203 746 482 66 399 604 601 929 525 250 144 895 881 455 574 825 919 207 640 933 722 445 910 448 189 277 121 24 302 912 355 766 164 62 738 462 606 393 264 595 54 425 241 771 174 817 223 956 817 188 675 569 751 952 388 454 576 207 394 989 852 267 1 402 545 223 34 193 136 14 395 481 996 986 231 103 43 6 685 554 563 574 10 822 133 318 56 533 806 503 362 214 613 136 489
255 127 317 187 922 711 714 898 308 745 331 585 553 438 7 802 364 631 726 467 88 612 260 121 624 993 707 370 462 155 680 752 301 36 422 430 13 914 199 81 481 955 490 617 933 763 494 110 612 497 36 227 906 983 274 661 102 946 423 738 916 438 138 672 492 621 983 184 391 281 888 816 620 197 55 363 523 986 16 677 881 7 237 208 757 712 157 98 667 805 195 774 719 280 118 995 933 778 742 447
207 843 185 316 296 737 581 397 764 387 134 220 504 189 917 541 643 929 935 914 857 464 578 773 517 437 908 60 521 196 535 361 450 663 9 674 388 753 342 374 461 767 941 24 736 531 280 611 506 34 497 57 993 376 896 259 846 689 868 108 147 665 333 652 59 120 93 230 732 814 962 839 413 487 51 918 489 739 848 324 315 381 855 777 311 401 247 698 79 451 707 488 430 924 906 813 600 376 486 959
779 109 813 941 936 840 23 863 715 589 392 599 604 375 200 0 884 960 102 490 57 690 572 896 890 855 676 47 185 987 437 761 521 29 28 22 309 985 447 939 32 374 445 415 384 301 435 49 298 700 287 611 261 201 291 210 699 679 8 700 287 506 758 500 333 341 342 991 551 159 875 266 183 594 67 1 390 981 299 241 501 252 846 558 711 717 426 0 775 683 276 454 873 99 997 809 142 824 925 93
252 382 54 198 859 806 759 377 98 745 145 64 540 894 112 761 700 977 444 424 15 162 824 182 389 519 369 319 953 788 316 532 948 3 778 338 688 828 915 447 70 17 148 761 476 259 945 25 550 759 197 212 904 873 58 710 511 344 176 623 946 116 525 698 810 282 175 990 976 89 818 288 9 602 655 797 668 196 453 304 687 188 718 496 917 829 177 689 652 317 332 605 242 35 674 593 974 561 583 711
4 595 574 606 695 821 369 833 882 842 968 257 250 855 455 698 3 157 621 270 55 972 620 519 816 714 653 860 459 591 331 938 470 562 889 447 409 984 293 774 308 34 779 169 643 828 185 323 923 767 595 904 933 501 833 319 493 206 186 924 499 990 20 52 377 237 153 810 691 311 326 854 281 545 175 347 961 458 530 134 801 15 91 834 911 923 587 961 971 978 570 381 301 395 360 73 587 770 585 333
826 339 998 483 332 204 872 866 950 588 248 847 926 418 259 948 430 97 861 813 288 933 857 493 395 925 789 781 775 809 425 68 115 640 642 310 617 273 635 10 984 206 137 31 313 737 59 408 466 49 922 235 538 863 69 301 918 715 238 505 311 685 512 655 567 327 337 291 121 675 419 264 205 230 769 641 366 791 341 364 210 828 178 792 409 304 190 674 432 506 790 679 891 970 461 843 685 419 290 588
820 663 286 83 643 896 153 570 120 580 860 515 352 743 116 966 606 692 103 284 625 238 893 956 243 599 522 985 665 644 243 338 289 208 912 411 988 188 310 321 489 573 297 706 615 780 300 301 840 985 698 889 715 244 188 786 124 728 414 128 665 564 118 257 281 730 580 47 523 84 881 857 899 574 630 234 701 930 90 974 647 502 346 609 108 620 16 583 766 612 5 847 226 542 102 706 920 711 551 868
159 71 249 31 682 506 742 152 774 544 510 164 91 795 772 864 834 231 611 368 850 599 508 470 141 704 448 642 687 581 761 675 650 471 306 86 585 653 915 634 576 610 448 705 653 559 621 180 715 118 292 417 390 889 43 185 775 137 421 878 981 112 982 484 380 808 20 888 779 970 559 15 812 142 324 736 120 494 83 242 428 263 158 337 732 754 511 361 362 444 780 58 658 452 483 695 812 971 428 381
