501 629 206 267 751 157 625 208 167 379 157 509 260 250 641 701 636 774 691 568 367 433 297 714 170 257 692 578 811 946 609 831 937 42 548 180 619 527 340 607 831 525 320 61 363 822 578 824 679 979 639 681 414 84 976 219 218 530 66 717 141 736 381 419 565 205 789 232 317 47 111 343 232 972 41 744 692 314 678 277 363 375 763 832 802 274 637 7 999 642 921 686 784 281 322 877 909 23 242 561
90 506 232 5 950 857 33 229 556 264 812 692 642 267 846 387 186 233 990 574 566 886 9 772 96 157 964 247 513 639 305 279 165 948 287 265 727 160 330 23 47 386 708 566 470 811 614 610 576 596 327 806 892 858 410 735 718 744 224 133 15 176 959 800 668 840 401 747 381 214 481 470 408 144 52 792 288 772 946 332 740 687 778 654 408 924 421 380 410 940 868 108 694 129 626 156 17 260 240 221
947 801 157 757 455 512 935 394 442 738 798 554 96 991 51 590 388 857 611 599 176 838 393 169 425 795 720 191 298 869 468 693 56 921 403 14 598 945 227 548 110 251 977 331 86 206 477 279 677 874 390 970 584 601 741 368 975 460 244 971 604 266 505 542 785 532 193 195 150 482 109 114 658 559 692 237 905 467 632 985 171 823 448 247 387 495 190 377 858 698 53 916 565 393 171 83 877 979 246 556
962 96 882 817 969 8 254 975 421 208 806 799 566 679 10 618 504 16 8 100 371 915 677 93 794 559 763 764 732 284 231 485 595 320 849 124 759 971 685 274 9 298 672 293 610 992 316 400 243 687 883 65 119 991 418 443 578 450 656 193 942 220 174 179 256 797 17 37 448 343 900 167 816 994 949 132 821 918 912 882 922 9 764 341 857 348 334 715 788 291 476 960 567 286 524 316 895 830 721 347
195 460 350 831 405 200 282 607 359 322 624 855 27 973 293 306 764 471 439 218 91 793 260 473 207 998 111 844 368 839 375 17 341 225 961 524 554 788 96 766 237 8 281 685 443 71 941 949 601 886 512 555 443 380 570 146 58 278 791 563 452 349 823 631 98 353 931 555 506 799 50 682 495 908 891 383 334 683 89 499 113 634 57 257 796 789 219 651 239 143 432 137 229 387 781 275 439 636 381 313
268 720 392 940 417 10 868 449 782 66 887 453 395 194 717 279 427 960 772 730 369 234 679 380 7 504 292 963 429 850 661 572 704 509 761 554 555 86 859 843 305 263 533 222 245 674 51 247 699 185 721 675 550 377 577 150 150 58 247 950 961 795 73 765 912 211 239 490 360 401 211 618 258 168 869 190 304 303 660 88 526 233 681 972 783 822 672 305 725 856 786 922 415 174 411 416 562 256 801 445
607 50 859 922 776 962 98 903 90 523 535 524 199 807 171 423 130 929 34 224 161 80 795 360 974 272 539 582 489 492 63 557 630 979 292 272 906 528 859 324 606 579 735 854 183 190 383 264 584 223 431 231 662 979 460 623 609 42 545 449 445 435 649 148 219 740 617 900 188 916 642 486 380 508 315 604 779 954 237 760 785 245 865 874 55 71 404 416 235 79 451 408 154 769 206 131 852 998 461 179
988 730 649 605 534 924 959 832 286 657 724 41 24 825 6 678 117 774 194 299 648 357 897 374 858 664 487 167 247 262 952 367 455 901 951 495 921 853 161 596 225 856 546 566 477 349 63 57 544 246 169 215 105 622 724 723 848 687 26 780 933 538 935 752 60 805 119 315 970 702 560 67 77 432 59 965 31 981 845 53 777 35 58 967 385 360 118 885 544 973 994 721 784 943 407 518 308 160 712 457
862 839 937 105 248 98 724 376 226 92 758 75 962 310 150 262 824 67 317 79 267 216 290 200 532 363 705 754 9 177 494 785 465 46 902 59 931 291 52 954 386 161 966 290 378 979 504 450 84 422 778 504 812 819 406 266 654 543 119 703 426 927 692 183 11 114 149 128 575 321 100 315 676 622 186 702 826 69 829 959 659 782 174 179 438 570 608 312 328 882 319 320 352 267 449 839 175 924 939 97
136 667 282 793 136 878 589 172 865 760 603 756 647 203 640 252 952 740 471 313 410 890 888 225 678 857 856 95 137 505 720 856 528 77 34 445 915 458 577 257 360 295 458 315 583 703 793 241 155 729 462 299 54 74 647 491 471 353 627 566 824 906 426 139 812 673 631 477 831 408 901 917 975 279 282 734 213 186 877 389 677 87 811 965 105 817 2 349 153 305 167 834 461 293 825 92 857 680 692 7
580 169 938 527 957 46 829 726 553 672 580 232 887 207 171 373 417 140 481 390 854 567 860 520 562 973 370 709 770 722 582 10 915 887 608 754 371 10 549 752 145 366 664 321 397 229 389 575 852 57 111 695 674 991 734 255 14 936 162 859 477 179 79 511 824 712 383 201 784 872 51 674 161 759 471 934 532 611 632 640 394 608 104 428 977 724 881 891 838 476 961 690 743 814 722 583 597 939 593 802
419 387 352 523 535 812 223 303 659 310 851 687 818 933 344 529 580 297 849 817 673 365 399 212 25 839 86 70 43 731 248 36 751 714 416 945 249 842 93 268 837 148 829 225 964 333 997 968 766 793 539 318 777 160 741 555 954 150 660 866 887 120 920 138 409 945 759 152 278 996 349 146 670 935 13 859 312 503 949 400 98 218 292 112 817 306 973 91 444 452 601 773 901 113 637 94 796 649 897 661
829 8 356 648 809 24 398 475 560 187 642 172 932 683 920 875 235 966 53 954 869 607 687 634 78 936 735 855 978 637 476 403 795 150 574 278 683 88 762 833 533 184 913 802 396 773 827 90 555 906 491 18 387 831 719 625 998 237 310 468 980 473 449 210 83 30 431 314 330 933 996 30 735 866 431 64 42 905 447 208 562 724 580 644 596 773 552 459 624 472 336 289 306 494 834 838 607 766 127 956
729 344 175 637 596 25 733 527 653 453 87 782 742 822 354 138 338 222 924 66 319 161 503 576 334 991 256 488 450 465 426 55 737 295 143 716 639 126 756 343 178 930 704 768 200 168 53 203 868 100 639 501 594 991 8 371 213 649 604 38 619 626 160 547 131 198 921 195 620 949 664 459 200 94 854 106 86 123 781 747 213 526 242 76 168 259 193 556 604 57 862 418 73 315 781 415 551 766 547 309
66 925 276 789 42 362 680 720 100 109 852 21 461 584 118 981 774 297 493 950 888 472 712 306 405 4 23 946 115 139 140 604 553 753 524 475 679 419 645 348 28 210 791 353 120 454 355 204 340 186 796 344 295 653 598 395 699 148 787 185 426 885 992 979 264 232 366 912 560 827 982 247 915 717 909 485 831 268 938 682 1 672 184 677 724 475 517 896 533 844 950 926 206 52 139 984 926 12 825 710
455 930 583 120 638 743 868 465 186 552 814 982 845 437 291 887 753 996 925 651 380 298 963 673 970 624 505 638 157 29 608 90 218 923 268 647 284 85 642 536 583 8 420 619 479 912 739 912 405 592 272 124 566 501 188 0 364 566 98 191 76 519 995 269 509 187 287 93 469 190 795 355 770 715 602 764 119 594 485 844 579 658 57 109 435 109 701 357 277 668 288 183 716 875 910 689 784 483 472 178
683 10 59 78 789 515 540 556 813 53 41 835 228 54 692 849 534 832 914 399 818 44 608 311 447 736 934 346 61 904 745 774 223 366 74 61 963 720 877 770 398 699 959 922 246 680 892 451 576 353 750 718 461 603 863 960 658 886 159 796 401 112 884 552 50 222 284 24 162 963 209 776 406 406 698 646 859 118 135 353 743 642 87 301 186 75 831 972 225 451 231 201 245 591 990 8 413 458 668 780
739 829 703 368 945 862 438 452 144 846 712 218 965 527 338 92 374 640 766 374 233 991 269 968 180 643 565 717 650 12 608 578 507 806 288 552 206 234 175 393 730 889 899 199 531 24 207 458 403 335 361 834 107 406 791 508 952 780 935 505 915 227 69 656 399 737 668 510 29 526 803 616 469 351 33 927 813 223 647 703 629 13 788 260 612 177 640 812 592 210 599 853 553 925 459 602 397 44 618 357
798 442 361 724 441 841 803 629 20 409 252 822 456 204 314 199 961 750 719 154 900 68 393 552 824 208 76 408 329 494 517 697 738 346 706 456 77 607 854 572 183 403 21 498 571 920 227 808 499 602 10 872 444 946 648 388 882 622 258 921 954 533 152 308 996 237 33 721 91 377 420 297 544 945 330 390 186 983 814 50 399 836 414 705 325 340 95 276 441 708 972 192 478 123 929 158 329 150 450 218
706 335 588 416 767 919 53 705 36 87 207 488 705 862 190 545 369 966 224 690 79 56 801 683 825 466 158 325 846 951 431 476 658 802 239 863 987 890 679 938 240 894 543 338 853 585 50 748 735 610 873 175 84 687 487 974 374 402 693 831 67 451 176 693 845 86 999 732 658 51 523 742 885 451 245 113 705 927 333 998 511 271 635 395 271 166 970 405 657 312 448 399 657 80 625 647 725 6 957 824
558 679 896 78 858 923 807 929 336 882 333 703 385 668 37 672 201 624 487 725 458 349 76 634 69 961 189 578 608 974 147 931 412 451 920 547 721 966 706 783 638 369 287 662 622 121 46 509 481 91 6 41 952 80 903 333 548 137 165 296 961 528 326 843 804 202 530 284 963 702 341 231 245 396 326 533 521 81 141 445 150 331 897 944 584 927 180 170 162 309 531 601 502 640 853 105 923 680 164 134
126 526 870 339 417 718 948 226 455 935 506 840 656 730 66 809 216 89 29 967 638 492 594 884 626 1000 893 591 427 113 531 531 700 806 268 863 471 319 4 579 613 35 810 762 964 239 585 942 435 373 940 701 619 123 521 665 200 184 567 117 456 806 288 904 498 182 823 230 498 5 265 860 972 978 959 800 953 332 294 64 38 381 213 57 213 833 367 202 308 28 967 523 197 19 722 398 115 851 914 600
344 174 124 282 960 912 498 657 918 716 550 845 536 890 790 900 943 493 409 840 409 386 436 171 179 783 578 830 986 880 583 1000 771 663 912 896 263 467 955 280 830 634 439 714 770 113 530 287 974 138 303 848 262 368 189 370 579 306 286 479 500 259 7 826 737 878 171 796 444 149 840 43 256 24 666 315 358 578 287 93 465 833 22 205 314 942 369 729 182 606 80 563 961 381 749 805 929 521 543 643
455 24 86 65 275 514 375 472 800 554 682 430 591 82 384 695 745 44 171 870 683 570 702 829 450 324 271 945 931 590 563 617 977 334 657 434 850 254 298 458 452 325 358 985 454 770 530 535 602 981 187 929 262 992 893 668 604 777 281 561 143 829 768 493 689 64 600 248 801 179 55 33 817 568 445 904 52 458 324 75 209 78 851 163 151 969 362 700 783 208 111 291 606 45 184 642 887 918 613 661
345 380 171 287 542 996 379 388 302 92 977 906 103 323 680 343 611 969 642 228 566 790 775 697 526 332 354 753 871 299 240 20 227 433 880 305 87 298 611 769 233 210 422 875 589 55 75 966 1 542 833 305 955 221 261 320 155 342 739 637 910 986 82 160 736 994 333 345 698 845 224 976 855 654 538 855 219 619 304 553 155 934 678 375 137 687 339 345 442 723 929 678 968 814 758 71 833 301 647 267
820 953 464 639 652 267 12 517 979 167 300 16 993 399 92 946 198 666 644 478 321 818 166 508 228 509 96 139 817 513 712 783 798 766 661 324 497 644 709 325 778 666 893 851 319 853 849 23 383 602 133 797 347 764 780 491 149 451 866 740 200 865 1000 766 37 216 977 273 504 616 889 174 179 687 540 875 484 118 482 386 380 8 587 377 613 78 932 166 205 538 203 887 740 837 567 33 506 537 668 423
829 745 657 84 678 646 876 828 379 371 379 402 578 854 733 313 804 946 85 949 851 875 622 887 910 466 178 190 992 81 539 351 281 467 814 722 497 760 591 48 280 468 576 236 546 557 193 507 393 454 486 370 722 935 914 372 578 359 120 14 698 835 619 794 421 289 702 347 105 777 450 601 756 179 436 122 359 714 7 910 595 983 524 423 9 220 401 293 696 25 701 992 735 755 500 368 518 509 539 981
12 399 738 807 344 290 458 580 402 725 705 888 675 252 167 314 631 690 675 563 358 989 545 639 459 443 449 684 326 95 344 254 354 878 492 709 61 914 462 319 372 16 344 275 670 165 193 335 774 920 419 723 175 672 53 738 706 282 506 374 979 780 205 965 352 640 299 460 805 207 177 921 838 821 445 447 457 80 200 213 555 380 915 4 983 53 147 684 501 525 856 455 734 972 322 303 237 560 344 777
334 64 441 471 377 299 731 995 787 85 340 655 214 471 651 670 739 957 782 804 949 95 39 362 929 860 146 882 460 22 265 652 338 170 368 141 108 127 906 347 818 173 76 351 220 905 779 437 599 655 307 74 562 168 221 321 360 773 459 774 569 408 564 676 61 881 677 634 689 762 224 917 373 178 365 502 366 981 920 85 559 333 348 259 599 618 652 831 90 403 900 749 237 137 986 779 506 518 898 367
662 199 756 684 220 937 707 378 39 70 623 602 253 950 497 740 403 44 413 933 348 483 443 742 281 437 897 215 459 14 371 863 427 627 227 165 846 397 857 80 587 930 131 252 984 99 751 952 321 670 369 527 861 14 16 508 54 162 630 894 227 279 653 100 702 531 592 768 756 445 45 203 226 274 612 195 847 830 20 366 260 628 881 544 263 115 488 469 549 324 713 324 142 949 879 428 579 608 257 525
277 534 425 842 182 979 346 925 439 497 382 550 253 348 52 952 686 543 533 71 525 80 110 684 980 377 713 487 569 375 702 388 129 610 377 785 937 829 942 106 642 879 455 419 123 81 888 315 805 245 148 230 157 562 35 365 3 648 512 126 183 723 810 99 707 808 694 21 745 943 498 768 928 700 323 701 474 109 915 887 825 139 996 705 240 321 511 883 965 468 286 32 657 547 106 886 808 485 503 338
313 563 322 323 552 777 352 126 123 795 630 163 267 107 766 693 196 400 918 552 860 184 724 593 388 800 283 295 676 4 347 294 899 991 378 778 192 572 698 627 719 837 148 21 572 412 982 839 6 326 272 60 124 581 84 147 918 695 751 831 90 164 434 55 575 342 749 473 616 307 777 886 120 117 605 371 448 94 727 291 279 404 126 224 473 194 133 221 169 555 15 354 935 554 88 824 218 341 897 273
680 119 711 730 19 737 824 598 62 355 30 551 256 467 389 162 470 455 406 745 410 447 369 557 966 486 598 165 576 822 154 939 874 392 257 852 182 146 284 927 459 687 501 518 12 607 719 541 311 710 915 246 220 580 476 846 741 398 913 955 916 237 381 549 341 166 612 276 671 98 561 511 808 764 46 468 433 231 800 447 394 616 499 317 946 815 920 949 279 744 543 538 483 852 444 840 601 115 233 803
940 941 463 863 262 734 40 661 747 711 732 869 173 406 700 831 330 735 923 282 593 842 309 719 460 995 828 549 230 101 874 912 865 53 917 915 127 730 489 194 577 386 423 573 961 855 747 231 915 219 699 539 532 101 601 382 126 490 526 247 565 359 268 824 350 769 781 257 461 702 745 751 265 632 17 912 980 76 919 400 469 523 225 752 701 85 240 171 201 866 170 813 445 186 522 349 609 548 175 665
182 818 77 753 116 864 978 584 263 273 421 964 625 22 218 114 752 391 551 18 610 981 818 256 937 16 75 928 645 349 413 193 79 209 315 124 174 498 440 503 982 161 185 823 127 475 967 406 498 806 202 911 377 361 771 68 557 259 953 430 461 292 883 925 442 113 138 874 281 758 826 248 632 625 365 26 641 266 932 506 397 276 187 595 252 243 990 484 605 766 678 731 439 603 726 671 622 219 147 806
504 765 782 959 987 80 366 287 621 325 292 148 45 280 907 942 470 122 823 878 263 156 899 184 988 565 855 12 651 916 618 599 443 954 852 688 395 228 757 464 159 565 413 661 500 541 620 437 802 264 895 368 736 931 644 137 942 281 444 87 287 652 490 354 588 131 728 189 609 868 632 29 879 589 749 28 55 503 326 581 302 546 226 760 432 942 690 745 821 977 244 287 284 770 704 416 464 314 961 208
284 890 984 722 784 181 468 566 166 414 115 294 950 187 353 414 632 678 663 406 59 738 318 685 679 637 454 362 475 471 257 809 710 42 871 665 239 191 506 359 628 189 549 973 901 896 234 263 446 326 849 188 531 979 211 176 405 695 345 352 609 429 46 733 523 464 867 11 944 536 906 506 140 627 740 893 810 252 99 217 895 494 401 624 953 87 868 114 710 133 378 678 589 705 339 875 815 943 899 947
223 411 227 695 797 674 357 697 262 307 517 281 622 437 620 152 170 552 674 614 230 912 683 115 175 802 599 368 349 540 979 285 903 102 451 322 644 687 675 836 534 981 665 864 477 984 844 321 698 845 316 95 993 845 84 980 295 389 971 838 939 233 481 149 739 739 582 706 827 347 25 380 58 28 683 849 2 147 64 972 761 546 317 363 211 121 392 837 643 557 855 451 923 123 345 120 191 948 802 856
437 909 476 350 949 809 446 69 357 399 106 623 560 557 872 544 55 486 457 337 488 1 288 112 432 221 239 923 904 93 203 614 623 782 146 647 878 722 476 578 691 511 989 79 577 990 797 483 192 432 655 173 659 45 567 962 370 784 657 439 126 528 166 777 669 595 334 85 74 241 682 198 53 609 454 515 162 1000 879 127 160 179 581 112 47 840 307 274 147 299 141 317 913 402 315 846 916 204 805 25
691 8 107 680 657 879 874 551 429 842 884 468 31 288 848 132 114 876 858 712 107 195 574 410 676 494 860 864 763 758 444 303 461 708 952 112 437 600 25 953 649 587 249 173 404 109 629 701 661 468 41 57 472 892 951 111 271 729 653 549 430 963 760 448 634 990 876 496 270 711 754 860 293 883 211 961 502 760 499 39 978 425 645 372 846 33 208 239 472 923 522 790 611 766 541 291 498 982 34 760
150 15 909 319 593 139 543 67 451 235 13 30 33 908 102 260 973 322 517 90 314 274 502 671 970 683 819 926 968 515 485 786 871 683 505 89 222 850 134 679 603 317 230 842 461 989 634 731 590 472 519 30 700 171 903 835 169 27 620 556 596 889 868 133 300 111 468 822 112 867 553 782 217 776 55 157 546 305 475 629 390 716 193 812 990 631 840 465 256 508 589 568 259 971 750 599 346 560 475 599
972 532 107 549 413 645 293 615 229 587 236 388 272 79 924 38 7 491 155 890 414 793 155 671 51 635 520 676 382 357 837 354 665 69 519 309 436 813 700 980 375 979 365 122 482 224 80 659 48 372 233 254 511 814 45 668 910 248 755 830 818 598 162 59 990 357 366 895 187 937 599 733 295 263 686 852 544 166 471 921 531 623 407 142 972 73 805 15 303 327 730 750 23 775 455 525 10 340 522 516
319 896 150 192 670 307 240 518 269 18 94 790 240 998 322 336 342 465 682 568 336 732 237 966 134 7 958 759 355 632 127 889 377 108 160 59 635 594 507 227 724 497 724 839 813 198 775 366 75 384 942 797 677 294 690 980 561 101 696 209 209 574 923 449 943 681 802 140 830 430 291 906 165 423 640 480 348 688 463 895 670 683 448 843 958 553 874 103 127 198 654 173 398 860 461 642 396 303 412 671
313 74 301 451 456 588 956 7 123 714 447 189 921 628 610 133 448 546 90 115 544 99 335 592 996 399 366 488 191 281 68 899 461 379 426 763 405 316 430 734 809 983 615 188 939 360 56 928 266 321 155 468 705 557 214 563 117 319 127 414 451 949 218 135 20 120 998 309 957 637 543 38 495 592 269 925 757 646 512 818 905 867 8 996 860 822 203 456 226 723 340 88 699 726 123 819 674 253 473 921
995 535 40 345 34 748 550 195 744 913 583 819 920 567 945 565 67 137 519 332 499 759 810 443 859 234 202 431 864 366 515 128 749 935 227 666 935 476 358 381 567 923 788 821 204 879 268 44 600 936 250 826 164 237 461 4 886 460 463 822 27 789 901 490 583 886 407 272 489 869 369 636 777 542 479 860 147 501 182 25 296 596 122 760 465 890 317 441 540 518 970 152 446 815 896 238 857 606 459 870
910 8 612 267 113 213 852 539 389 60 667 863 966 323 134 660 625 673 869 98 180 39 722 262 142 530 159 889 84 316 910 438 636 506 690 684 951 704 665 731 184 26 419 128 754 862 606 982 366 329 666 970 674 220 528 64 714 496 625 989 131 572 139 149 268 756 89 129 873 275 618 6 150 463 724 23 889 784 351 927 271 20 260 971 174 678 578 97 518 707 113 658 268 616 388 100 895 654 817 127
555 657 69 157 546 398 865 513 456 96 95 281 104 526 547 516 839 850 213 795 622 171 505 716 190 847 689 218 877 113 59 297 942 943 406 680 484 943 56 947 921 37 893 207 960 213 498 296 447 497 666 273 87 992 333 582 955 242 886 403 128 379 438 929 39 733 519 85 878 373 341 785 777 789 446 802 276 130 886 871 662 368 5 310 819 288 307 116 477 146 217 717 238 102 608 770 177 860 906 256
152 50 495 598 2 536 280 860 941 945 715 638 862 241 89 312 385 807 40 273 388 501 172 291 873 678 351 393 9 874 130 643 898 544 571 565 67 837 59 650 391 568 125 909 619 253 470 600 287 648 158 367 566 633 734 807 612 448 716 934 677 174 335 121 927 543 436 215 909 167 775 920 888 465 710 771 917 332 911 474 743 105 600 853 712 866 650 852 116 388 580 362 863 163 418 275 723 324 674 413
528 141 582 370 784 40 495 94 429 750 896 818 171 201 395 976 289 240 20 20 775 464 596 59 329 908 728 665 826 697 290 728 646 393 511 456 389 868 970 769 32 725 717 191 651 997 368 496 957 885 791 927 670 811 316 572 39 630 985 541 672 274 302 90 734 828 890 42 374 539 470 113 690 195 449 792 775 896 660 535 293 127 44 534 512 33 306 393 65 533 577 535 844 455 465 169 790 973 315 588
175 435 316 521 153 481 664 76 845 384 672 677 55 791 408 203 92 111 290 233 829 26 405 830 84 384 751 449 849 7 527 600 414 414 272 550 99 243 108 345 406 265 116 47 634 84 989 609 331 257 248 856 188 525 927 543 612 866 613 864 899 606 742 534 739 494 565 773 907 417 251 650 456 455 103 323 519 954 83 730 645 824 383 708 102 978 18 289 525 199 572 461 364 647 83 433 499 824 699 179
274 453 811 326 497 627 666 862 71 30 112 437 501 227 30 738 353 349 15 323 724 523 955 632 854 160 230 996 635 161 524 681 888 1000 628 127 398 529 432 819 28 49 291 519 369 118 127 988 5 26 282 972 23 525 841 44 896 473 150 910 242 303 1000 1000 165 8 419 918 838 791 498 457 665 840 548 458 601 59 1000 345 16 801 88 298 60 484 674 480 822 83 46 721 667 356 567 72 297 295 833 275
546 162 806 840 670 357 388 675 981 289 483 319 136 598 290 5 171 292 341 940 305 55 176 290 121 802 211 564 230 663 487 933 782 484 623 987 62 204 977 96 259 702 720 207 152 765 881 319 192 922 808 323 796 398 990 921 249 143 794 646 142 436 176 543 543 565 186 319 515 139 958 790 884 403 949 761 781 140 137 170 147 744 344 615 687 217 466 333 606 311 606 295 860 189 471 422 662 658 36 72
563 955 626 946 552 11 660 718 635 612 462 396 175 776 979 712 746 236 221 739 725 99 761 862 160 770 640 145 263 796 745 793 9 482 626 543 779 482 631 634 954 34 262 729 467 780 693 976 307 717 688 715 793 730 447 192 270 413 256 828 208 29 8 526 511 814 97 804 70 812 780 243 822 252 332 643 7 279 363 37 572 926 753 456 868 670 450 250 843 765 335 366 503 877 179 575 467 58 713 720
135 373 841 69 507 698 557 524 964 411 223 37 213 928 235 750 83 843 682 947 464 20 624 166 366 838 318 123 830 429 931 675 291 374 326 386 538 768 2 470 881 320 590 749 800 424 367 738 951 684 443 141 332 638 391 170 624 846 80 803 749 589 261 130 32 39 782 368 50 477 977 612 20 615 233 859 358 471 478 160 780 955 679 434 852 692 393 557 811 164 333 952 817 588 173 922 915 110 113 931
320 324 352 678 162 130 403 98 795 636 830 35 768 320 355 976 280 195 576 11 517 567 220 927 449 342 586 184 670 519 197 111 887 921 955 545 819 166 622 389 750 453 637 495 550 941 143 495 799 501 274 566 757 682 371 353 145 758 276 166 412 17 403 613 447 293 473 376 820 95 444 898 321 646 307 789 423 37 450 1000 641 549 571 588 560 333 953 347 644 51 611 640 414 446 663 278 366 648 343 551
372 585 461 924 159 478 776 457 886 740 260 412 441 748 756 661 959 441 348 686 940 888 651 688 350 406 344 218 560 983 698 350 886 578 499 369 88 622 326 348 819 642 100 358 105 178 125 183 155 818 807 473 426 387 434 540 930 627 371 28 693 936 122 274 286 734 498 225 257 783 731 39 430 287 416 728 982 130 148 129 760 443 125 601 486 739 213 745 234 839 974 20 337 461 121 413 887 23 159 259
70 892 845 459 931 16 803 155 254 149 283 282 441 767 979 290 228 773 100 146 751 281 846 122 130 868 769 452 47 330 110 358 476 354 614 835 618 912 518 731 374 186 994 675 338 471 695 452 497 497 512 52 55 48 123 273 786 464 339 770 367 472 774 906 248 263 453 279 51 584 258 223 175 322 235 410 661 549 947 64 256 646 635 338 130 164 691 46 747 819 182 685 772 378 213 101 690 147 513 651
837 111 585 65 194 379 392 416 945 260 925 211 613 893 865 109 278 16 694 548 126 164 74 542 447 725 991 437 474 703 493 587 529 756 427 4 725 334 556 327 830 838 648 213 523 728 170 355 723 622 260 637 371 329 434 479 591 266 726 1000 676 713 424 101 411 429 228 41 75 431 653 821 933 348 559 338 956 212 85 83 691 478 198 848 324 135 463 944 502 107 195 484 105 990 573 958 830 942 2 851
627 220 507 268 832 593 839 795 573 579 952 611 297 915 594 821 223 315 760 212 584 734 830 993 163 677 941 886 966 0 525 8 875 423 248 418 726 390 34 146 248 892 597 172 780 582 620 43 481 729 359 801 171 450 572 723 26 353 42 21 193 988 517 998 952 81 811 874 81 870 760 283 229 360 709 347 280 797 607 439 179 769 129 516 508 326 987 915 615 41 937 314 974 249 283 34 22 288 591 17
136 541 639 47 199 801 261 994 256 842 484 358 381 654 614 951 13 605 74 766 115 348 569 808 819 561 442 63 687 793 49 293 722 898 413 747 631 906 979 358 262 554 496 583 728 676 163 96 306 715 429 527 207 539 415 982 808 485 762 42 862 309 690 778 93 477 730 743 792 415 333 668 287 287 961 573 939 384 546 896 700 868 527 890 714 303 658 600 128 209 650 502 297 623 519 380 614 490 455 5
596 47 179 588 994 359 241 470 157 500 113 21 39 520 338 693 865 35 778 956 399 447 121 170 61 810 724 77 368 915 989 809 541 619 118 334 548 108 635 613 352 229 355 65 230 167 841 651 746 589 800 404 121 138 190 208 369 55 598 133 803 97 380 743 427 665 52 131 131 501 530 360 952 697 745 287 94 876 727 395 879 364 818 403 50 139 407 256 139 625 450 843 23 830 175 112 468 364 602 978
1000 39 724 977 992 944 747 430 926 120 682 31 406 475 547 621 15 953 804 210 758 779 643 917 780 370 672 726 54 777 496 876 726 826 821 819 926 829 354 171 729 874 708 529 343 721 969 819 472 728 850 544 403 409 141 428 323 240 99 437 686 931 240 218 362 186 222 946 181 53 215 313 809 523 339 810 26 185 538 977 550 901 782 368 443 221 456 579 571 594 389 568 567 460 110 858 172 684 874 315
785 370 814 782 523 186 616 977 428 410 76 842 900 758 316 336 908 818 101 889 387 637 856 118 656 268 571 765 356 88 816 907 426 760 232 271 157 928 256 355 780 778 967 785 572 495 264 673 966 696 662 276 279 32 799 813 15 882 33 794 704 700 0 759 533 548 430 657 772 713 342 713 378 180 624 169 490 477 621 649 904 829 251 122 581 321 957 901 484 761 708 218 61 572 112 497 142 814 255 661
591 2 809 954 131 553 145 397 137 31 1 744 409 940 490 718 984 242 81 898 871 399 886 746 442 991 633 722 908 9 600 763 648 866 518 309 562 977 880 929 360 168 258 324 772 794 620 39 653 10 239 116 983 617 986 87 24 870 756 147 997 192 931 787 609 365 684 464 983 970 871 10 60 159 842 86 240 472 997 806 270 490 385 179 456 780 367 88 730 757 599 583 627 553 341 897 231 17 378 896
602 298 576 266 866 672 800 297 791 504 980 535 424 818 929 170 918 404 263 56 72 82 769 109 981 993 88 590 780 113 652 813 54 526 89 384 426 266 13 587 945 159 496 322 341 893 59 16 473 918 155 365 84 414 888 819 955 196 679 514 621 405 37 758 694 69 845 565 849 57 319 283 912 862 643 637 673 230 125 546 790 872 340 303 832 648 955 421 568 650 246 378 992 330 216 456 615 941 442 423
8 166 433 717 375 441 445 826 841 776 949 203 62 434 284 52 265 700 93 760 133 693 764 367 416 67 829 153 126 342 581 235 147 317 517 280 72 336 659 428 686 545 281 339 626 841 783 633 448 792 473 751 192 401 95 224 962 966 243 205 287 6 750 413 171 464 999 807 530 426 59 172 267 45 341 793 994 258 198 856 593 888 179 301 853 396 472 863 201 112 898 330 25 649 857 235 345 916 170 113
429 858 834 468 578 573 182 351 366 165 248 393 119 32 580 868 981 413 637 313 802 562 802 607 828 907 491 482 381 326 623 518 247 505 676 199 486 632 833 529 717 959 816 42 817 408 324 698 743 204 578 658 278 101 992 513 290 573 976 363 578 536 184 963 679 170 259 242 424 855 18 696 820 856 304 109 936 112 953 37 489 867 952 90 521 182 720 237 54 593 85 110 160 191 956 321 351 621 420 299
287 747 400 441 555 306 219 286 730 971 84 393 315 39 547 994 782 256 641 985 62 972 636 418 29 158 996 24 615 341 902 101 519 512 650 615 80 885 589 925 684 532 310 720 913 93 376 566 189 160 547 564 900 534 352 3 145 9 63 441 416 252 794 390 545 2 399 59 605 538 781 103 24 300 832 720 433 684 201 821 449 396 828 932 438 824 57 602 541 216 187 629 561 727 564 873 665 985 218 621
126 445 94 611 413 364 500 164 353 901 376 217 426 167 298 852 843 387 180 150 364 697 481 375 216 343 99 728 271 896 25 838 615 421 976 948 592 862 434 603 193 686 808 698 327 69 926 938 245 207 680 129 960 817 933 477 471 315 189 620 342 276 640 576 998 433 418 293 596 322 309 137 666 856 231 43 856 947 128 390 578 276 178 875 47 926 708 387 689 844 273 720 117 448 82 834 206 679 801 774
531 198 420 603 760 568 170 235 464 346 37 998 481 500 286 458 422 918 268 215 174 471 941 804 25 81 468 216 180 658 880 489 75 649 724 475 21 604 107 150 549 238 440 574 958 529 986 318 451 293 367 99 204 395 426 835 630 228 761 747 445 124 548 851 935 22 27 656 465 293 619 343 62 602 375 37 453 146 513 492 648 301 161 218 826 40 880 1 243 539 30 831 881 424 107 203 919 911 605 506
619 14 795 842 30 406 643 234 237 791 167 40 428 661 584 493 459 235 10 212 550 625 728 717 297 846 591 732 573 571 925 25 534 957 664 328 178 75 43 179 844 705 828 337 752 659 145 386 251 723 272 240 358 300 473 883 810 838 661 940 918 523 852 70 278 315 134 992 502 593 573 806 997 168 310 808 253 475 166 254 657 945 676 897 905 830 185 606 186 478 527 576 201 20 628 79 155 930 430 970
620 166 3 411 774 232 828 637 629 324 635 568 442 38 618 546 365 108 376 734 218 159 147 557 269 852 799 869 267 217 723 333 837 550 31 179 778 718 934 132 91 762 509 9 337 4 824 83 110 519 931 280 897 41 320 136 944 956 638 99 151 913 790 874 461 429 943 761 945 237 924 93 622 881 575 755 618 653 656 537 421 49 163 433 964 780 539 493 149 828 828 81 265 402 553 683 14 964 21 812
89 818 401 791 655 205 458 846 764 933 413 557 64 216 578 423 271 952 731 809 880 548 626 457 614 615 260 660 688 868 392 530 410 660 103 256 334 399 75 144 570 282 449 468 578 841 481 743 59 262 723 688 534 573 447 488 16 318 83 316 129 433 392 976 321 645 462 963 218 653 977 785 729 844 613 323 56 732 451 388 962 983 236 683 785 657 790 810 530 747 878 956 682 847 488 938 244 927 981 35
724 61 31 742 594 616 586 155 422 242 999 167 133 76 234 865 859 412 757 676 52 700 36 929 321 172 572 436 166 856 513 627 762 423 821 762 147 899 536 554 639 838 34 363 481 814 518 744 740 912 784 634 786 556 14 490 370 70 114 776 635 183 699 838 752 708 726 965 748 493 722 616 697 733 761 950 363 162 549 219 484 991 938 494 135 583 835 484 442 240 190 295 309 854 812 329 42 733 166 503
817 541 134 37 624 310 807 689 713 869 562 779 800 363 678 855 160 332 799 308 715 73 934 13 106 862 617 69 321 305 887 742 553 968 22 33 90 346 68 515 362 346 604 613 759 506 999 675 28 928 951 342 168 242 241 952 982 164 697 719 2 712 838 60 133 222 487 431 959 125 884 258 655 893 363 912 215 942 131 242 959 199 803 669 74 169 16 935 461 699 861 717 124 134 861 717 701 803 9 869
269 238 967 592 705 356 457 725 588 757 816 982 606 165 685 587 361 809 504 299 908 894 826 797 520 4 575 773 230 85 695 232 485 702 124 79 776 675 457 47 469 280 391 75 549 171 124 978 85 405 284 680 44 676 997 429 47 745 284 913 29 236 841 593 84 179 776 903 244 106 871 722 870 511 626 233 453 753 26 310 572 120 816 875 432 714 660 811 819 160 694 179 337 126 361 773 118 984 390 768
538 554 766 861 208 769 956 636 839 630 513 121 73 850 719 231 388 841 776 402 466 456 611 769 465 735 223 355 212 676 163 309 861 208 218 237 277 694 921 17 77 550 70 887 131 103 916 55 288 281 240 566 156 173 744 664 14 71 253 916 732 347 990 177 61 52 420 13 554 724 734 244 815 465 995 989 739 44 446 49 329 583 523 475 60 863 25 130 11 238 859 363 841 216 201 40 310 167 980 96
630 148 2 844 555 63 115 448 795 20 319 431 309 389 864 338 279 669 150 190 640 319 645 960 645 955 279 150 495 635 837 323 629 785 438 104 777 626 294 732 237 742 851 653 453 412 74 46 514 66 633 961 946 45 509 656 915 899 953 527 12 195 900 943 778 171 499 773 963 132 889 211 84 653 233 588 643 489 536 211 367 695 21 270 780 426 808 157 999 257 647 311 91 290 878 79 717 352 678 621
525 788 590 41 283 393 137 677 147 320 734 536 586 920 506 263 679 572 709 995 664 178 724 123 488 804 12 382 650 674 419 800 815 310 126 615 985 442 739 893 843 400 421 678 530 393 723 368 293 741 832 572 451 702 521 9 50 213 445 146 314 496 681 733 147 711 318 959 442 799 794 426 951 57 994 975 668 258 953 183 205 974 600 699 682 876 999 72 38 529 484 78 872 245 447 943 369 260 139 664
9 135 403 443 440 948 452 937 86 645 57 856 142 436 611 674 645 681 398 781 331 990 437 532 245 293 505 414 433 657 975 109 354 419 720 123 290 345 382 65 805 523 584 877 38 273 283 102 112 922 168 628 852 544 976 676 382 69 519 4 313 372 868 805 690 917 950 2 192 683 791 690 191 499 0 446 146 457 150 91 347 890 348 901 726 235 663 476 43 481 110 455 765 826 213 764 151 766 994 167
162 799 465 124 705 771 441 69 783 480 515 249 788 713 60 461 983 148 21 11 495 212 503 622 85 523 862 971 794 562 412 372 842 235 272 44 930 934 516 254 95 431 589 501 44 99 584 565 985 854 592 473 849 258 530 249 89 886 898 962 782 196 774 848 505 451 540 432 953 73 283 3 42 422 889 375 80 333 815 915 159 377 766 294 924 82 513 276 940 875 922 626 994 192 106 345 211 523 759 273
583 963 372 621 854 296 382 887 919 752 355 466 728 310 541 567 215 680 49 751 402 2 710 288 447 682 611 316 71 365 945 5 180 525 946 547 6 294 811 645 42 116 455 387 910 74 348 160 667 26 802 635 43 826 747 261 836 409 481 820 812 369 356 658 829 119 186 364 447 869 777 764 35 562 937 934 51 722 765 854 865 796 786 726 875 738 805 841 896 525 748 814 692 89 584 841 592 636 495 940
896 160 298 759 685 975 31 648 244 936 315 809 365 152 629 709 735 150 633 638 61 684 571 511 366 667 141 736 492 643 94 484 632 961 166 839 573 323 160 814 78 809 179 382 495 759 903 787 743 913 684 791 992 826 549 499 369 697 168 874 173 277 526 501 387 392 50 809 393 298 207 313 326 374 771 738 628 516 659 401 556 78 749 443 303 845 552 431 608 337 59 48 280 501 681 658 751 973 23 188
191 196 671 167 951 530 196 626 631 536 574 541 738 495 900 640 974 462 459 131 262 542 683 42 332 992 492 72 914 993 938 524 714 204 870 691 383 346 66 398 920 46 889 294 120 214 890 117 939 770 770 207 856 552 295 0 511 905 835 113 630 904 120 960 914 657 301 867 217 103 367 90 256 674 268 296 534 153 417 136 735 983 20 420 704 780 968 977 916 591 475 273 734 819 896 643 848 936 42 557
444 95 728 775 468 383 579 764 0 649 293 694 642 707 376 721 762 762 96 190 650 954 61 887 51 534 528 248 732 180 685 757 690 913 771 145 3 515 471 940 806 320 131 509 301 568 714 332 361 215 991 520 62 95 279 374 400 683 662 272 54 40 638 192 986 559 304 313 426 225 4 347 197 105 934 794 9 929 538 857 563 615 719 217 766 480 860 514 355 451 552 430 335 806 795 209 636 586 71 258
56 581 140 407 228 823 785 669 451 678 19 465 512 343 208 800 365 251 88 502 961 150 565 865 686 328 654 426 535 888 413 180 355 338 365 748 202 664 27 305 736 375 38 6 719 918 448 122 79 49 896 953 252 181 291 285 167 349 233 734 585 658 852 227 724 546 730 584 531 12 841 83 987 399 237 238 885 393 111 739 174 916 519 372 119 47 819 865 183 713 2 433 4 715 134 682 536 529 32 757
806 795 386 764 886 860 379 259 168 399 215 220 706 814 656 970 172 346 452 358 895 111 511 592 57 904 867 98 965 321 528 880 404 623 185 71 514 266 395 925 694 395 275 822 452 498 91 246 956 231 915 923 610 739 589 485 391 540 930 370 93 368 740 462 858 222 221 907 298 384 244 374 777 708 766 652 304 823 519 80 197 281 32 215 779 481 852 955 291 710 833 866 817 638 675 776 744 427 345 391
326 757 695 277 215 241 453 801 538 680 793 711 254 702 809 927 277 244 786 654 226 25 87 981 484 772 638 509 265 173 120 379 573 387 917 946 911 127 554 10 132 682 300 27 797 282 231 593 515 480 552 297 228 943 694 55 103 475 439 325 259 180 860 766 396 984 849 229 666 712 419 13 541 301 935 867 664 360 395 215 104 392 558 514 6 191 99 988 90 81 500 761 738 11 919 816 588 554 475 666
315 775 91 148 276 794 950 199 644 183 341 87 5 697 8 872 813 42 330 76 296 756 364 301 392 28 419 572 440 78 819 233 56 478 533 657 245 373 643 892 879 522 882 218 868 952 562 947 417 32 701 149 859 114 975 189 965 50 11 127 712 192 686 120 118 183 310 853 575 815 228 846 395 575 67 103 605 132 277 751 893 685 197 614 15 19 723 310 84 326 820 814 16 626 17 938 553 239 408 513
877 481 737 612 251 86 162 847 352 721 402 520 87 661 793 267 148 469 235 496 599 452 229 290 727 306 505 452 860 616 477 106 813 703 817 247 934 729 749 658 827 613 24 841 298 560 975 761 302 103 63 328 682 796 626 590 479 262 348 275 974 181 431 991 68 860 956 127 16 915 933 134 53 962 53 91 744 830 220 77 345 979 884 305 178 795 893 613 642 573 22 124 569 842 770 732 475 798 743 965
124 878 2 20 393 680 944 32 594 971 605 785 910 162 596 491 351 778 529 493 760 689 974 755 161 706 43 792 375 413 598 552 889 228 957 176 329 151 382 715 351 299 96 792 397 196 914 490 74 117 626 893 463 981 49 139 674 702 799 556 967 58 695 925 641 510 785 737 76 158 604 585 186 289 893 532 589 589 85 346 394 498 726 491 683 937 556 17 762 340 783 422 187 368 248 580 677 303 977 838
851 3 99 886 528 113 70 453 615 619 646 362 486 159 643 425 46 153 492 731 941 718 614 633 508 895 955 51 606 853 183 590 114 729 919 460 909 950 998 216 608 119 214 172 444 672 704 551 508 83 643 6 120 173 729 116 963 58 317 544 828 94 16 738 907 329 737 760 161 824 512 100 575 234 310 477 736 666 958 864 554 756 615 393 940 507 415 681 240 713 973 737 608 339 755 512 692 689 65 350
726 299 143 205 657 894 828 28 364 653 714 520 880 185 998 518 847 714 695 250 445 940 51 927 530 282 80 775 500 920 863 582 913 838 666 179 543 274 492 102 357 589 29 744 742 251 998 767 980 793 256 747 444 698 665 568 420 568 294 596 796 402 164 276 662 448 527 175 567 817 15 666 171 415 597 430 976 62 388 584 563 409 697 862 967 728 799 873 281 414 182 835 977 612 92 816 804 563 407 64
785 150 550 785 432 539 467 925 698 68 904 644 711 14 744 918 752 356 568 828 177 114 595 250 126 570 177 944 858 673 869 38 872 963 210 228 104 185 326 755 936 448 410 954 84 742 555 101 208 654 814 98 59 844 455 945 710 796 395 49 556 96 54 272 336 267 85 123 84 519 898 226 381 416 937 545 651 344 841 332 955 845 783 218 216 808 748 826 646 164 784 916 491 945 812 353 691 347 97 697
356 630 607 78 522 675 363 320 142 71 176 769 200 154 671 514 981 621 158 670 953 184 735 771 195 264 111 927 816 675 900 247 2 222 249 587 359 429 862 342 648 89 931 202 377 84 302 367 783 683 204 779 103 396 9 743 923 847 533 531 821 704 149 540 986 1 97 54 768 193 326 587 97 132 283 891 436 211 268 670 517 103 569 655 162 244 433 217 591 753 245 171 235 535 806 185 66 332 478 848
235 293 63 573 657 2 861 189 161 247 134 218 266 835 443 346 954 687 624 16 437 513 750 314 836 714 759 872 773 453 422 743 387 384 671 826 669 705 440 664 692 613 90 359 820 45 847 780 308 570 930 766 10 777 27 847 305 347 176 668 160 854 195 630 841 511 443 34 310 270 515 810 870 860 790 808 806 766 974 605 117 695 798 557 51 644 586 624 322 58 100 452 530 509 929 705 775 608 445 62
500 379 276 787 983 576 62 520 67 902 826 559 598 737 652 873 581 637 599 43 684 137 893 333 770 939 394 42 584 509 487 31 565 121 206 259 543 774 878 117 95 376 66 894 156 476 950 521 556 49 125 358 137 638 665 780 7 763 533 819 786 733 995 982 939 524 633 498 162 642 186 772 834 357 714 267 797 896 399 562 349 861 420 90 704 647 281 181 439 524 246 825 781 221 166 112 715 482 262 662
354 133 609 645 225 730 83 365 945 883 710 818 568 484 792 47 417 401 548 650 421 735 430 129 85 674 728 100 108 477 870 776 478 488 358 573 111 82 35 149 984 44 33 290 360 541 144 677 956 895 255 401 348 531 762 976 668 27 264 935 769 21 455 975 268 662 40 809 953 634 345 451 165 686 685 652 332 11 436 243 349 993 56 710 871 155 591 129 233 266 236 197 441 511 268 513 829 956 755 950
892 963 875 426 402 9 979 205 468 546 315 158 45 423 597 837 360 376 725 460 848 283 954 711 580 908 6 64 146 910 988 46 168 512 274 4 134 668 655 715 700 708 655 749 360 266 381 344 809 505 447 141 661 674 153 474 672 751 131 292 196 929 677 155 63 131 289 272 436 307 645 192 666 601 122 547 459 443 548 809 182 367 8 555 647 492 606 724 280 340 910 377 60 989 222 905 236 387 947 755
600 401 207 603 20 132 165 8 60 930 257 784 463 164 29 618 399 371 86 306 6 620 680 471 656 611 596 572 817 991 349 262 92 947 543 855 837 222 338 676 435 846 882 378 87 419 9 813 758 454 165 273 708 746 215 920 460 972 258 865 542 990 687 838 688 582 144 921 473 622 147 675 526 888 182 644 220 432 865 319 974 191 340 247 258 663 850 699 153 295 838 447 677 612 766 997 407 673 212 971
