918 431 827 200 850 459 372 752 68 940 423 179 856 405 249 599 567 909 419 673 486 877 467 30 463 290 920 235 208 861 404 304 959 967 724 476 20 697 394 464 941 132 374 596 861 32 391 718 112 9 349 870 934 696 514 240 271 632 228 803 153 711 580 297 606 247 436 630 123 250 463 582 455 945 368 222 27 348 554 745 217 54 672 391 717 32 167 143 496 698 884 166 161 613 355 968 86 522 571 966
989 364 597 663 136 602 674 127 868 596 834 671 328 505 421 220 553 59 71 822 822 41 301 960 270 786 330 294 833 69 766 558 995 888 5 571 885 968 306 259 694 894 854 434 669 865 646 53 387 483 583 640 971 556 8 396 682 620 977 206 377 776 920 547 706 162 972 818 612 50 495 285 0 613 237 890 657 915 928 361 234 803 413 765 214 808 91 358 804 626 218 32 362 974 914 78 9 745 729 617
301 436 728 957 794 56 352 939 100 957 499 918 75 153 937 374 50 299 415 416 128 174 881 139 801 297 493 424 174 463 348 592 246 28 205 338 593 110 479 801 167 20 110 161 765 924 701 419 954 448 28 757 58 854 353 605 107 611 289 448 444 39 29 660 723 939 232 23 477 488 929 611 141 631 957 976 30 881 879 974 257 621 402 242 416 399 977 514 628 88 309 88 304 596 624 242 551 253 604 189
888 327 522 12 172 923 604 835 684 696 856 812 486 954 500 49 905 768 341 431 244 138 797 911 585 993 382 926 921 589 681 671 967 912 783 10 367 863 399 754 598 229 126 122 63 666 11 61 300 835 247 428 993 816 758 228 384 224 100 72 761 422 931 731 921 364 771 341 170 751 439 242 846 386 872 380 724 714 534 255 214 326 321 493 861 876 747 330 381 403 496 534 581 378 91 918 292 475 92 279
666 592 319 775 885 230 964 553 854 302 40 538 917 211 466 262 299 200 252 813 203 477 950 632 948 945 801 855 411 542 480 918 823 948 351 437 963 927 861 358 964 70 427 528 342 873 626 459 441 58 229 695 193 943 109 483 988 724 481 361 528 665 377 610 927 302 872 572 236 985 542 885 716 441 408 688 951 596 737 616 426 961 335 513 351 681 556 574 357 873 0 180 405 487 13 111 807 111 784 531
931 111 669 784 278 146 297 327 143 198 113 230 14 552 953 823 659 792 990 190 478 407 854 598 170 286 745 147 809 826 31 295 817 72 208 452 177 156 210 303 499 995 985 807 253 95 550 637 631 176 571 913 546 595 435 934 182 33 131 661 543 169 726 44 22 69 934 861 539 790 897 158 634 928 217 551 917 983 876 124 524 276 201 695 44 641 544 911 89 393 775 224 493 803 802 219 692 560 339 190
367 561 598 886 542 513 183 311 938 996 210 79 955 277 263 26 814 318 184 182 711 77 916 440 686 159 872 681 72 27 429 100 371 542 4 767 379 359 620 3 273 922 443 913 185 653 645 304 953 66 406 599 970 789 749 88 725 49 488 595 799 600 81 872 442 278 234 726 410 334 1 963 319 407 909 805 981 776 83 456 481 36 736 646 727 143 774 220 417 252 562 918 295 268 157 554 960 859 946 352
16 825 487 572 12 772 621 295 250 937 506 874 26 6 310 718 955 844 48 99 722 575 885 29 129 986 145 46 408 732 116 903 378 701 2 869 812 784 861 105 833 944 397 121 572 227 697 37 316 218 837 807 922 972 359 22 279 418 917 713 732 925 475 347 858 202 56 553 35 849 247 118 650 499 231 770 726 923 284 725 791 497 665 525 90 200 650 993 693 259 141 425 908 121 669 255 582 389 211 207
695 741 587 555 474 619 533 742 605 146 970 921 430 737 751 773 929 381 764 173 943 506 605 93 613 855 282 462 488 485 126 204 728 581 409 21 380 567 541 765 520 47 750 701 710 35 133 139 668 363 599 4 428 820 633 130 954 628 965 698 237 539 638 885 647 545 411 646 792 259 181 38 175 181 240 149 25 720 332 754 680 941 954 699 469 75 385 417 637 537 937 689 987 790 895 593 385 161 236 164
498 874 265 572 612 901 786 60 86 341 113 218 705 177 659 18 753 409 658 198 695 729 621 218 769 251 18 325 311 135 658 265 57 121 198 123 946 445 764 836 799 547 722 257 86 900 484 510 964 900 746 160 739 642 635 0 723 821 421 199 437 78 263 48 48 922 284 530 242 195 818 911 208 252 231 460 985 97 126 538 262 407 190 508 61 209 210 326 440 274 156 44 674 610 467 63 365 486 745 857
613 642 777 658 979 477 817 148 94 729 740 692 494 434 695 783 575 352 805 483 887 333 328 890 520 561 551 981 302 945 965 697 193 914 327 886 491 505 397 9 979 56 949 462 58 263 95 941 657 82 261 809 898 559 351 455 963 35 118 816 897 797 665 590 980 454 921 609 865 981 274 432 878 765 301 306 538 16 257 110 274 680 298 436 675 715 978 69 486 846 294 693 853 883 482 289 337 832 555 10
735 699 774 52 338 308 760 64 208 101 498 531 715 256 64 681 795 329 249 85 224 993 120 870 888 756 782 239 613 626 680 802 304 313 64 905 306 269 65 541 875 215 184 837 651 88 694 479 634 298 964 733 225 905 776 456 243 407 664 63 679 529 756 328 957 582 82 313 857 22 269 656 666 457 860 213 739 145 702 5 885 422 97 49 899 864 288 299 238 114 279 415 379 372 170 240 570 775 462 68
313 107 769 841 345 507 456 253 33 690 107 438 736 633 728 79 381 57 746 516 147 938 818 227 220 21 548 561 639 96 513 193 715 811 817 674 740 651 882 674 932 477 430 375 57 519 804 385 166 138 47 17 134 858 200 426 226 513 113 827 145 79 244 828 16 445 121 854 247 943 322 348 696 176 138 142 612 756 560 122 370 137 962 541 354 742 178 901 732 559 405 542 177 20 530 879 747 497 988 811
549 791 362 410 998 696 629 689 836 198 458 341 276 510 528 273 111 669 116 441 762 783 164 295 801 705 816 948 776 700 624 813 964 728 180 540 673 420 305 128 52 771 461 677 20 38 126 38 245 787 424 764 325 283 394 445 471 257 186 551 73 492 777 544 492 869 680 251 15 570 951 603 779 107 813 451 31 258 690 148 145 225 120 571 860 224 887 805 47 306 327 912 423 846 405 531 950 955 690 370
709 267 831 943 193 117 794 872 866 117 861 356 351 29 842 530 907 879 831 173 971 370 260 698 190 629 606 481 18 500 829 251 736 0 60 849 499 637 420 842 715 849 628 980 745 1000 630 805 511 335 478 620 737 579 55 146 241 242 653 755 848 345 158 866 215 431 652 165 964 199 176 779 204 196 960 146 634 416 667 429 416 632 266 832 193 999 386 239 709 186 500 534 667 525 978 654 823 24 456 799
938 648 581 776 392 457 218 266 937 553 802 134 77 547 956 770 843 925 334 782 162 851 471 714 315 148 2 541 250 489 895 124 886 589 809 928 64 244 946 435 530 136 187 957 116 800 293 415 752 592 992 200 592 216 800 95 455 415 567 322 229 665 638 265 316 992 807 513 123 85 321 247 422 200 362 283 313 631 414 738 605 284 988 672 272 136 107 108 594 379 719 95 203 185 385 724 737 505 281 757
568 224 283 196 700 421 87 604 794 484 668 697 980 452 51 707 680 720 589 459 507 492 304 9 506 583 246 441 267 449 611 737 647 361 368 234 557 284 63 961 954 793 325 313 245 760 794 507 660 271 242 955 23 467 753 356 932 955 180 40 978 327 814 869 286 488 376 596 799 428 820 843 189 593 49 891 454 927 834 946 176 206 260 420 11 238 377 147 970 727 41 899 851 618 126 153 969 618 529 890
465 792 705 831 766 201 950 418 40 672 843 43 609 9 169 933 118 301 289 948 407 404 82 106 953 70 300 886 947 665 775 98 447 426 198 151 640 392 452 264 423 137 886 233 397 96 634 476 58 512 9 626 951 871 452 855 573 667 942 760 160 683 494 619 8 502 437 135 765 863 131 767 536 545 604 771 519 899 719 815 826 813 768 605 510 109 257 333 131 888 257 55 693 751 577 80 565 529 840 141
958 100 85 795 618 840 566 53 331 102 391 796 871 488 566 428 281 103 936 776 173 794 997 253 785 319 295 952 201 180 96 879 179 411 957 182 25 339 655 723 381 265 612 475 524 397 348 979 365 898 955 171 10 9 808 532 633 87 193 985 981 59 448 655 632 752 259 728 629 375 252 985 762 972 224 530 400 653 860 183 53 445 498 706 292 761 342 879 870 416 885 86 333 714 602 633 606 920 762 444
488 230 267 559 863 9 944 424 131 705 382 930 242 991 415 257 932 770 17 451 696 924 445 189 578 904 927 66 902 76 204 814 588 463 324 847 695 499 211 484 368 271 534 912 986 929 66 757 846 54 33 2 40 295 765 14 256 568 566 182 219 430 326 88 470 502 42 146 657 433 347 496 927 551 173 241 862 291 945 907 699 96 733 337 62 881 516 116 885 24 349 710 140 216 147 992 142 125 341 214
379 214 838 884 725 107 179 562 237 202 262 983 721 13 856 253 851 30 605 250 794 676 178 589 486 144 789 51 545 314 396 275 567 360 470 368 882 201 404 306 456 901 942 519 131 374 406 963 255 1000 746 969 555 36 19 428 204 972 230 326 103 146 157 686 17 522 516 952 447 864 577 31 531 347 461 839 415 604 125 24 880 938 800 218 372 882 912 429 207 109 250 612 505 353 51 890 927 466 982 527
672 522 336 730 620 149 309 607 990 333 654 930 682 270 472 786 127 578 385 909 553 890 690 502 264 170 965 677 909 545 164 477 387 486 238 580 268 899 217 867 114 655 681 883 737 740 323 8 262 386 647 836 534 434 277 619 83 833 115 105 293 333 362 97 529 63 299 995 398 538 114 288 399 759 647 606 39 877 702 618 184 844 234 817 541 945 990 582 833 299 404 456 502 185 26 461 878 279 77 581
985 919 619 786 185 133 219 975 120 785 86 294 252 630 308 967 615 246 233 859 617 858 377 297 874 357 689 574 994 217 946 341 881 372 808 778 972 634 671 153 713 536 654 962 664 693 634 452 477 341 190 545 218 587 121 719 285 826 532 458 890 10 670 12 629 374 919 269 285 884 725 806 376 694 646 651 475 450 291 588 503 692 988 216 276 426 435 283 582 25 790 875 383 939 337 107 586 825 17 843
723 678 669 782 21 759 921 335 362 326 580 603 661 540 289 134 991 460 11 140 854 415 897 467 193 335 214 971 48 282 774 848 219 74 828 981 386 475 47 889 25 115 128 745 321 351 287 873 973 637 365 553 179 54 665 92 717 336 996 453 910 915 973 970 395 943 76 715 844 622 997 409 983 11 771 234 854 898 968 874 624 519 614 826 92 577 898 765 302 625 964 672 819 751 315 466 761 351 5 415
227 387 144 590 499 656 911 545 719 232 112 473 938 934 611 884 250 872 704 48 979 386 848 999 415 751 584 207 996 670 348 76 229 89 660 785 410 269 280 299 613 315 697 512 476 145 421 621 472 986 848 723 381 536 408 355 695 45 579 50 971 230 727 829 153 160 209 924 241 717 730 36 752 813 769 307 439 663 126 530 588 415 294 229 238 735 923 344 14 880 963 151 413 416 357 899 719 536 435 160
91 912 887 280 606 873 369 596 728 249 126 36 752 487 152 528 223 638 904 838 750 387 93 911 354 306 270 942 690 352 332 553 275 160 676 744 756 172 760 263 812 870 574 583 945 148 89 562 755 95 606 876 327 330 27 478 492 317 94 485 974 701 353 350 966 907 493 930 737 657 713 429 233 55 96 344 346 359 694 205 540 49 749 74 302 236 157 825 169 237 977 392 303 25 195 803 647 182 311 786
432 327 36 360 865 930 90 846 821 766 621 544 282 592 918 575 559 100 25 980 894 647 549 592 221 146 503 839 255 745 736 801 834 383 416 178 889 321 357 875 267 778 231 99 39 408 336 689 627 492 67 43 134 508 740 894 655 35 61 924 506 721 187 503 634 429 730 916 976 228 137 81 158 564 410 147 624 766 487 454 304 351 68 162 502 70 992 96 448 36 16 765 478 306 652 255 695 260 807 506
1000 278 834 787 979 952 318 699 449 159 579 172 169 886 745 992 164 400 263 157 501 947 904 574 425 203 538 770 466 122 577 705 957 195 783 621 429 745 427 672 298 243 627 330 152 716 941 538 709 346 510 966 348 761 295 503 819 983 491 259 374 942 410 103 144 733 626 594 591 870 710 374 501 608 567 175 473 585 256 531 833 534 381 745 175 598 649 687 469 110 62 716 595 599 416 267 319 847 699 3
791 299 204 536 129 929 256 334 352 17 322 249 830 696 677 295 423 962 410 971 738 107 456 476 806 41 100 978 268 14 817 481 339 917 318 525 490 770 931 630 243 710 505 525 732 697 772 348 116 892 342 544 459 547 632 977 118 86 467 878 127 400 862 27 354 311 801 596 54 279 327 414 785 494 875 520 246 112 590 467 69 997 802 706 23 872 908 840 958 966 237 407 900 571 696 624 142 107 8 364
903 873 768 615 488 650 299 995 803 204 797 67 786 757 539 935 960 862 717 497 966 524 236 133 375 839 109 282 279 775 46 565 528 997 682 549 816 736 519 653 831 736 120 968 523 415 5 906 245 37 809 343 834 794 850 914 76 706 900 507 760 166 552 860 692 525 901 359 747 281 156 326 642 414 595 60 521 17 132 580 142 363 899 903 761 63 274 319 355 398 596 181 305 822 907 400 815 912 167 533
370 519 841 312 183 692 754 612 982 453 569 998 423 389 22 657 689 848 495 988 218 682 173 776 872 475 998 884 140 942 684 525 234 163 791 110 23 741 591 825 319 250 778 795 167 332 918 92 265 831 455 292 421 161 988 290 317 265 963 766 980 395 98 673 834 674 928 11 873 43 944 847 18 484 296 597 647 715 107 701 19 60 758 202 905 656 965 949 45 826 707 243 50 115 410 802 93 86 300 922
130 933 819 682 416 201 467 437 469 670 773 901 573 327 0 374 176 489 343 792 351 312 909 781 992 285 657 925 585 608 463 9 383 195 551 362 876 591 301 558 875 407 483 96 706 210 916 207 887 734 208 947 747 580 907 9 408 414 182 220 637 508 885 583 69 787 987 735 382 884 485 409 245 541 660 290 8 442 742 240 8 484 831 802 423 979 838 330 277 656 724 339 945 776 410 803 940 97 246 861
299 504 654 704 622 693 129 18 103 229 39 14 15 586 475 716 882 140 456 146 673 711 895 257 336 857 665 447 380 883 763 894 139 645 467 294 345 777 253 543 907 892 625 405 254 159 138 824 868 325 227 672 477 225 164 633 144 696 511 379 319 392 583 719 476 383 173 219 148 280 894 669 466 684 333 250 477 178 605 500 624 27 716 754 685 804 510 457 412 108 353 170 587 307 462 257 886 877 545 197
405 861 540 426 243 520 687 93 360 102 407 867 320 184 750 643 888 23 83 965 571 679 269 247 64 917 50 16 289 678 988 627 627 16 467 241 930 207 863 713 390 474 448 489 765 395 971 450 208 191 914 699 882 807 870 166 479 228 63 109 560 351 94 532 891 309 471 465 866 157 50 992 386 428 604 367 472 641 651 652 730 180 61 844 289 393 762 384 620 921 655 190 369 154 805 867 564 449 655 380
116 812 220 880 789 696 382 733 154 613 429 112 755 941 828 264 638 680 785 940 658 216 88 860 405 250 428 355 574 390 586 972 249 187 561 819 699 509 425 771 628 195 251 863 657 554 925 893 362 843 288 124 496 506 207 552 336 645 248 76 941 668 672 862 426 122 977 827 908 757 675 253 665 571 479 864 541 249 392 505 236 169 591 39 287 126 659 689 399 441 758 61 584 62 864 518 788 916 836 748
57 176 18 164 597 851 194 6 165 941 136 341 511 349 788 998 938 721 557 222 344 50 73 267 523 287 373 725 503 753 549 27 323 135 499 953 929 466 157 898 435 532 69 913 742 513 426 556 182 644 394 303 443 568 355 549 225 660 744 134 445 673 892 85 906 312 507 423 116 351 856 0 281 785 638 116 211 220 63 750 17 8 342 803 962 692 511 94 276 759 565 251 60 702 897 260 967 956 496 664
169 181 620 613 625 982 734 959 837 235 36 145 818 796 620 262 657 157 831 138 913 783 676 744 499 139 286 92 908 750 521 625 269 333 731 500 764 483 248 513 397 692 939 741 560 392 390 128 103 979 203 500 784 473 614 496 498 610 383 150 893 804 538 72 316 441 313 456 93 663 366 174 369 83 490 393 695 966 952 688 503 801 379 986 834 492 606 591 795 502 402 570 429 529 472 26 124 3 632 553
397 423 890 536 463 329 702 147 431 212 862 255 790 88 696 37 800 954 7 668 129 20 69 287 956 778 290 525 526 912 41 146 427 564 339 343 996 91 437 405 533 767 22 40 442 642 598 455 810 104 291 628 72 916 850 316 281 750 466 592 586 112 593 935 780 403 35 177 198 713 632 104 477 567 407 600 735 484 91 185 686 563 220 679 328 38 122 656 885 91 949 886 369 752 807 253 23 843 110 742
304 532 614 300 390 37 300 823 534 240 111 700 55 927 512 792 305 798 409 292 286 473 519 647 352 493 788 867 620 857 500 674 598 948 160 235 313 664 913 739 563 764 211 217 251 790 236 718 322 3 870 452 403 866 903 626 459 110 929 830 493 450 955 985 553 264 207 899 873 701 732 854 536 379 20 23 765 870 237 7 894 421 548 745 190 419 404 300 291 460 54 484 425 778 61 323 338 777 467 691
727 981 691 571 46 286 673 793 192 33 219 819 441 863 234 907 608 225 573 140 730 27 324 90 224 411 286 733 439 71 497 616 126 552 788 884 503 287 765 936 715 694 297 21 92 399 147 325 207 821 209 524 471 18 115 287 995 196 19 168 217 968 809 656 593 879 406 393 609 197 291 898 381 22 915 749 936 160 191 648 289 14 473 647 754 906 33 572 283 301 222 306 120 213 868 104 201 677 590 988
891 694 599 413 481 99 376 683 179 117 853 835 794 998 795 308 568 326 753 923 233 182 459 259 638 52 751 56 970 451 60 90 879 245 586 675 757 332 153 231 521 899 143 331 827 859 10 142 304 402 483 803 250 241 500 943 202 921 140 864 382 436 548 739 878 664 519 839 382 268 752 780 163 996 588 532 188 255 725 861 363 144 122 953 362 78 328 25 344 264 915 631 150 603 305 535 576 779 428 892
293 185 711 343 10 821 503 360 146 877 242 549 315 808 276 272 724 998 84 582 146 113 721 979 214 543 968 213 657 813 733 541 158 825 659 222 790 437 309 599 125 304 313 408 123 60 34 245 30 817 848 366 336 798 523 725 594 584 362 730 142 829 225 643 971 842 507 536 803 653 538 309 38 157 164 662 293 280 189 220 305 843 322 43 780 569 464 426 648 622 526 712 980 229 466 956 247 871 644 634
562 494 111 520 178 652 83 946 770 805 983 570 814 585 233 860 620 514 145 342 334 981 360 358 146 287 580 702 342 605 513 949 346 762 756 398 817 10 603 166 442 894 970 56 438 621 653 2 836 881 277 91 332 518 851 76 336 633 438 745 595 788 867 28 137 760 828 816 15 545 56 462 640 810 359 304 627 174 971 897 545 51 403 777 567 130 464 152 347 83 436 737 808 310 559 223 391 279 787 405
615 364 192 680 624 82 4 680 605 682 230 427 391 49 835 566 382 458 467 669 76 318 839 984 635 4 611 581 102 230 470 502 924 866 408 770 533 429 284 203 372 842 395 696 879 166 560 137 343 155 860 809 815 843 749 148 494 572 669 844 914 932 735 2 19 962 632 63 253 563 813 205 327 530 801 598 27 958 620 744 977 737 986 32 172 538 478 973 864 326 216 147 952 299 249 899 308 474 27 549
91 878 860 866 982 58 879 216 894 297 101 400 831 739 165 903 106 763 816 511 119 979 687 607 964 926 384 740 841 118 765 842 985 286 848 374 671 218 203 885 483 700 876 105 542 338 174 418 461 549 514 835 914 882 501 808 999 961 866 395 234 162 273 327 149 22 708 379 318 473 218 908 86 328 54 949 897 216 629 106 532 67 933 785 428 247 86 138 665 744 322 633 335 450 753 78 412 911 40 836
825 922 766 356 97 546 216 861 961 66 445 193 454 753 287 438 81 666 188 972 913 390 862 240 883 292 245 76 841 44 543 513 247 677 375 663 95 199 559 502 27 219 792 40 751 501 224 705 338 671 136 325 327 430 26 63 252 11 278 384 807 45 87 28 983 462 212 371 372 99 614 997 766 547 102 612 349 239 946 435 927 341 168 745 793 352 965 302 479 657 537 996 772 846 247 774 291 578 112 131
568 282 319 413 399 682 903 160 560 18 224 790 824 398 252 92 222 54 558 920 700 734 432 65 290 399 712 688 337 418 873 979 373 360 123 610 820 105 788 324 950 956 543 878 749 882 134 832 320 249 221 735 304 256 160 640 745 318 910 89 55 757 719 220 594 292 570 567 227 958 349 550 417 167 914 13 974 248 507 118 666 788 342 705 540 51 514 770 79 988 286 883 298 218 261 210 154 109 468 129
685 302 37 194 805 110 767 28 621 769 193 710 659 602 584 251 653 913 219 558 356 451 822 733 353 76 728 16 178 876 84 480 223 747 304 129 742 545 752 890 186 776 873 52 592 530 757 751 806 771 397 558 389 830 896 912 701 679 497 403 827 314 864 273 397 629 711 934 221 659 222 315 148 262 385 628 663 744 236 232 972 599 211 723 531 2 321 326 61 714 513 222 893 984 456 944 341 538 953 101
505 873 702 266 119 967 601 314 699 195 960 563 482 903 230 673 763 204 254 780 631 966 573 790 878 902 273 995 163 285 515 418 955 787 548 656 440 640 325 690 811 484 236 596 487 399 266 641 461 874 986 835 750 616 835 396 675 244 110 442 439 993 903 45 4 853 291 533 712 895 497 323 294 417 316 447 855 437 898 420 546 725 111 971 425 847 93 770 608 372 151 83 159 223 895 810 130 304 137 209
772 899 935 848 906 658 216 489 873 16 311 506 882 363 356 399 219 226 580 518 759 426 311 302 49 953 571 5 473 675 864 859 890 647 950 236 4 123 227 36 431 276 565 445 988 615 595 347 373 899 241 899 964 379 218 708 423 287 877 793 784 849 685 307 281 534 496 256 572 739 289 170 971 234 494 302 705 26 559 932 276 48 341 573 691 878 513 961 412 667 295 933 835 979 402 585 974 392 606 882
530 511 972 143 820 227 551 666 325 598 181 601 350 231 706 137 963 236 555 90 572 880 355 594 493 180 301 581 803 655 810 299 204 962 49 806 96 147 963 236 475 231 462 263 123 867 636 830 775 534 524 43 52 363 91 977 68 379 131 540 284 977 32 866 549 543 30 941 547 155 6 267 444 626 858 441 577 623 274 875 271 555 769 64 379 902 163 876 281 956 875 846 839 289 913 911 803 569 355 404
895 107 239 394 959 116 170 663 123 261 299 133 648 878 593 511 313 554 972 526 910 747 891 202 947 857 905 174 91 883 848 868 524 82 256 228 320 77 187 278 494 621 935 279 278 485 186 947 651 764 289 394 679 947 452 569 450 123 308 83 736 448 507 194 844 783 736 613 213 66 343 921 134 876 446 105 690 924 578 553 968 182 946 319 330 921 848 155 472 845 499 128 843 664 896 415 840 556 360 210
314 314 935 346 626 952 137 655 716 779 787 207 420 564 720 334 38 278 196 786 268 377 498 94 1000 569 535 898 417 800 25 598 850 288 408 53 694 615 24 91 532 965 486 788 707 460 970 318 124 703 133 467 175 517 220 910 881 514 534 707 930 204 496 819 564 113 646 893 54 862 882 381 992 854 163 649 559 103 156 99 647 70 757 852 425 566 120 354 673 911 515 159 49 249 210 229 778 712 804 405
967 466 802 574 312 961 52 466 578 821 46 217 582 628 312 620 287 791 319 285 307 120 220 766 709 319 186 568 183 232 800 558 292 935 147 137 88 316 767 955 85 966 771 714 491 462 709 957 11 652 270 0 748 122 170 856 917 887 81 299 381 995 677 204 535 132 164 621 732 330 259 506 541 941 273 599 192 926 34 296 775 129 34 211 755 669 981 357 875 601 713 646 129 217 190 830 224 469 178 213
233 913 785 111 544 936 640 848 105 204 864 807 300 390 276 211 540 341 816 231 389 415 687 979 814 584 0 81 356 676 735 602 612 274 505 878 250 396 580 659 146 48 869 944 135 716 406 816 452 818 86 141 606 624 287 320 466 316 433 139 152 884 745 515 975 116 724 80 490 657 543 822 459 477 722 264 149 408 805 323 911 541 598 579 803 764 448 722 825 577 799 800 208 951 11 707 489 668 77 456
98 112 129 825 394 54 372 870 373 850 180 209 453 834 194 383 917 499 958 788 272 664 382 389 241 162 502 78 735 461 239 494 544 524 613 508 227 549 209 857 81 515 869 143 514 297 343 693 700 924 370 104 514 895 120 124 438 676 328 932 528 757 508 391 282 576 407 72 254 944 956 289 294 956 573 744 57 168 82 210 891 402 828 672 327 153 149 72 290 316 406 881 905 125 530 267 764 102 69 378
218 345 627 251 976 756 968 163 185 824 855 201 639 842 110 861 834 611 406 618 387 591 302 369 734 127 742 163 892 239 627 491 606 115 380 938 416 878 301 12 60 796 301 367 210 175 360 97 379 928 649 818 126 272 210 610 959 703 809 990 705 292 635 731 644 640 883 605 546 240 691 920 785 554 263 97 467 868 81 898 870 84 227 311 407 377 656 554 409 488 107 540 882 411 928 36 948 834 493 778
691 886 544 396 368 23 222 349 816 416 2 149 894 923 730 850 451 942 852 837 430 965 210 627 758 52 211 998 508 991 991 13 878 182 926 139 114 328 507 450 87 584 939 166 148 758 794 887 464 614 813 989 852 221 632 572 257 691 705 795 871 666 490 930 457 284 423 739 130 821 583 775 33 167 600 154 123 149 187 234 147 206 475 140 94 811 541 94 463 382 697 34 447 553 855 112 581 96 220 379
858 353 32 191 110 530 51 242 274 569 70 89 531 274 424 585 854 225 367 317 613 279 826 473 490 610 841 745 606 398 522 489 46 588 530 470 758 832 778 715 262 574 491 783 209 634 901 597 261 643 250 160 42 455 289 57 116 409 462 848 747 744 579 622 383 577 551 259 929 677 42 140 5 520 790 653 11 930 306 716 646 53 981 120 446 288 73 36 997 281 435 552 729 922 70 865 751 371 873 166
860 835 639 439 613 410 536 839 368 42 808 351 655 327 788 373 54 621 55 193 746 456 927 226 741 685 20 965 768 211 767 462 994 960 309 64 212 33 986 88 612 151 604 419 987 363 710 258 328 751 583 493 984 403 539 702 500 536 799 888 887 819 821 496 995 682 855 698 911 918 378 848 712 254 439 915 123 447 391 544 802 868 398 898 93 347 426 984 409 628 24 783 115 300 424 637 819 125 413 763
678 627 94 377 472 879 289 801 272 709 944 967 835 513 61 423 920 436 6 821 355 164 670 523 739 163 636 544 864 906 21 396 651 696 573 384 891 858 99 548 846 946 25 635 63 9 431 416 178 6 653 500 992 316 503 329 891 750 809 394 407 420 455 882 591 931 434 544 906 766 110 617 566 485 248 546 490 545 459 893 84 530 40 897 501 909 804 759 573 286 662 723 826 854 629 29 21 275 342 777
110 258 16 127 868 557 367 189 432 830 356 628 518 409 293 850 173 207 724 28 559 174 319 416 574 914 131 870 167 697 540 499 966 699 407 824 454 632 468 949 740 38 371 808 23 581 160 347 157 652 148 345 318 526 431 338 921 170 960 527 274 841 317 465 121 918 150 919 949 666 437 452 23 433 49 649 967 43 343 623 34 112 973 672 603 457 646 173 598 557 853 976 870 95 534 825 399 988 549 691
137 974 768 754 707 617 814 837 123 974 247 158 545 711 338 143 736 341 617 580 937 816 767 203 519 875 700 596 56 312 355 783 869 724 488 958 598 547 837 290 457 480 124 451 915 220 527 595 553 139 473 504 226 794 904 426 729 198 508 334 399 483 859 481 350 437 461 841 424 250 103 571 551 502 988 919 262 134 409 864 845 736 749 849 689 775 73 696 663 253 378 862 477 955 455 323 661 405 985 561
14 605 185 488 464 456 898 448 393 179 721 593 174 33 528 54 319 566 992 357 939 650 338 442 578 43 597 846 712 770 798 680 329 759 997 50 281 589 427 277 97 692 838 1 491 12 104 964 497 321 780 662 53 678 691 132 98 954 661 902 984 213 172 291 47 868 228 795 842 306 961 70 293 836 393 912 364 212 456 955 437 501 78 703 917 959 1000 843 909 207 794 959 760 133 849 832 774 792 149 677
573 825 184 833 288 871 989 831 799 589 25 374 847 187 246 274 427 971 86 506 425 514 299 145 318 843 178 31 550 618 809 141 612 831 923 623 245 971 290 317 992 5 465 510 495 979 762 266 640 703 143 292 176 290 378 556 948 52 865 121 483 381 497 544 158 147 254 180 307 446 658 710 69 343 330 795 456 186 701 652 578 232 551 48 416 911 396 736 368 596 677 880 961 376 95 684 314 795 854 697
111 626 536 708 521 772 858 84 312 757 916 20 162 975 232 822 933 601 673 193 381 829 547 522 270 1000 863 650 990 336 89 101 869 29 72 837 208 402 298 297 890 26 533 331 461 357 246 632 888 976 386 308 1 464 30 185 520 578 171 925 438 481 459 452 624 710 660 547 312 509 419 154 746 118 77 847 704 919 291 276 659 992 33 196 556 487 789 479 30 316 919 158 776 834 148 27 92 133 966 876
382 608 312 2 379 177 138 431 126 725 986 51 767 703 449 851 18 903 274 116 764 389 645 571 146 948 863 799 328 384 15 192 670 414 433 613 311 997 686 978 598 166 40 168 180 752 209 285 928 175 330 7 425 192 76 394 153 720 707 95 507 245 20 109 448 422 408 514 576 438 922 373 255 621 445 998 724 426 588 334 343 391 42 286 205 904 340 411 813 564 35 907 351 445 882 287 285 342 641 297
823 903 514 974 684 674 263 122 732 11 137 323 832 804 387 514 755 986 858 536 307 122 433 230 445 985 576 57 728 55 562 231 271 185 502 433 575 607 851 684 616 320 707 699 889 433 108 291 893 832 978 480 202 360 823 339 622 181 22 359 550 343 63 80 204 375 437 942 544 333 29 703 414 127 649 243 550 593 279 760 778 89 215 542 13 746 94 752 376 804 441 998 632 87 893 899 728 209 308 853
369 338 458 605 227 945 287 829 418 146 623 850 305 811 526 771 156 477 509 992 886 268 203 268 512 821 930 889 651 693 471 205 0 245 725 431 897 322 333 414 235 809 731 777 402 465 427 788 704 440 871 417 936 544 214 154 582 448 826 510 781 547 66 55 456 150 542 609 606 652 922 409 49 928 793 601 434 872 918 409 22 131 551 289 900 414 218 654 437 424 861 399 506 929 193 171 808 681 842 103
909 827 462 813 805 997 988 260 555 387 540 650 696 941 927 361 508 820 932 528 598 280 219 433 728 57 601 817 149 514 433 793 481 283 666 377 274 601 585 948 944 957 648 439 515 107 359 584 582 924 322 708 434 373 876 154 84 59 784 29 160 401 618 105 663 441 810 250 33 121 292 548 209 970 645 163 477 318 79 248 746 212 54 610 661 234 244 796 94 660 996 695 134 994 240 237 736 223 317 969
139 414 902 450 88 962 281 384 20 447 530 198 623 124 909 731 660 178 855 682 266 420 251 828 953 217 271 365 186 413 263 16 811 423 919 466 46 712 729 691 512 145 861 386 807 4 936 273 574 302 832 876 590 551 274 886 776 97 236 99 330 518 593 877 612 312 21 471 505 804 349 515 884 991 923 704 210 850 998 8 580 383 285 327 510 893 91 722 262 961 223 143 236 122 180 264 287 734 71 333
106 15 926 679 143 555 193 513 212 392 519 785 510 944 659 162 273 432 767 563 306 708 70 828 500 262 723 861 316 262 764 770 586 906 494 822 677 761 395 766 277 718 34 633 468 252 739 519 348 321 493 683 431 523 67 374 990 402 742 681 69 623 833 605 789 300 640 817 691 545 774 830 658 453 715 737 743 824 489 864 611 422 547 973 591 489 853 354 815 329 709 933 427 675 497 965 853 175 235 174
959 624 579 800 78 853 190 201 731 263 842 522 299 280 223 927 44 848 128 456 165 954 333 684 744 947 864 160 372 904 877 543 851 708 183 292 236 22 31 890 242 61 415 994 980 790 833 325 888 370 225 42 247 39 329 392 121 801 637 644 340 295 728 539 403 17 756 671 107 203 518 968 624 750 548 730 873 627 981 346 210 804 477 891 951 804 187 838 270 502 19 245 353 892 148 200 423 480 501 522
153 99 584 369 569 837 138 780 33 570 78 651 446 159 974 515 304 276 841 949 744 610 450 101 177 958 258 483 900 475 964 660 657 240 748 595 302 874 842 769 944 721 86 429 143 249 147 357 921 431 576 387 726 91 781 725 567 217 294 9 474 660 627 830 522 993 208 221 662 477 86 325 803 454 2 189 950 629 35 19 522 902 810 729 509 317 179 85 222 460 251 608 720 490 724 915 794 649 607 154
918 885 460 175 478 577 518 424 486 283 839 155 493 548 437 990 582 690 358 886 11 516 779 290 986 3 887 498 142 429 696 400 795 639 168 733 77 225 749 260 213 13 726 766 237 371 958 181 33 936 834 466 711 863 593 692 232 659 382 689 981 754 903 937 47 888 992 653 7 482 45 847 551 766 220 760 349 618 498 897 1 102 268 383 313 678 489 305 190 681 44 122 743 639 885 196 389 175 39 212
733 776 757 566 691 592 577 742 78 670 299 16 272 285 1 300 961 883 649 360 562 261 992 151 383 653 831 133 146 296 589 318 60 246 506 328 167 979 790 514 512 922 959 712 529 354 374 88 579 651 960 601 258 490 213 547 846 745 896 579 1000 423 392 557 67 11 713 491 347 249 785 580 924 601 467 985 875 85 833 129 55 693 819 758 951 784 220 831 435 622 848 735 273 110 535 328 472 162 39 890
687 411 729 146 360 509 660 99 745 653 398 68 886 184 979 262 792 19 32 37 413 839 512 688 834 86 704 541 530 222 610 272 422 476 111 248 961 462 989 390 663 794 738 673 732 36 702 475 751 675 28 943 878 698 596 993 201 624 890 412 710 546 803 750 318 452 721 348 824 974 624 551 736 7 728 364 110 139 125 797 232 338 76 34 530 897 921 455 452 351 961 879 24 873 197 910 882 509 249 821
538 704 422 566 733 303 992 861 876 90 615 119 662 231 773 34 260 5 454 439 622 105 893 379 262 697 329 485 988 928 417 569 13 644 609 438 101 353 419 925 809 981 312 80 510 253 760 831 706 96 550 645 38 710 680 274 92 993 172 977 874 669 767 71 414 258 390 753 253 442 833 870 333 439 97 460 684 311 158 143 99 789 70 72 602 98 264 641 371 184 392 431 918 761 884 546 589 816 437 723
830 223 345 352 605 989 634 657 363 836 552 319 380 674 759 632 904 14 250 202 431 423 124 918 725 990 671 788 742 782 250 463 613 675 805 334 359 242 491 689 687 735 953 288 789 203 257 566 227 916 41 212 97 250 608 990 980 637 99 115 897 837 368 742 647 659 556 561 220 910 495 868 220 758 974 881 247 624 603 376 647 873 566 383 214 396 963 895 781 752 158 137 540 168 833 551 262 354 736 122
157 140 583 771 508 60 517 105 645 390 962 386 353 118 32 386 689 660 557 626 739 970 756 878 540 875 15 650 697 645 950 247 206 721 129 160 496 406 518 304 107 952 709 153 433 831 587 62 897 692 273 274 297 410 877 516 255 765 129 491 584 801 592 871 113 218 897 238 444 107 834 980 684 630 885 472 933 623 816 249 706 329 75 580 417 734 670 586 146 260 421 510 589 490 141 146 931 439 794 490
452 495 745 863 858 381 795 617 600 524 719 135 593 29 122 908 915 678 478 973 77 134 236 981 142 194 73 871 732 555 993 954 504 963 469 351 382 750 781 208 51 55 864 290 503 318 970 820 690 83 821 944 788 163 682 277 522 346 415 992 17 715 23 936 374 757 442 724 811 444 806 917 859 629 983 706 179 258 37 882 843 309 632 914 547 601 194 98 796 179 785 356 533 96 46 818 579 896 227 54
972 277 950 478 560 351 164 330 911 649 191 44 433 318 673 478 638 795 542 420 935 859 624 542 668 841 61 402 497 72 696 519 496 854 214 642 605 91 65 570 123 217 847 770 402 629 859 197 13 194 934 438 393 861 532 623 218 622 448 204 716 506 930 477 49 678 203 436 458 158 30 835 557 185 476 429 151 169 862 639 811 765 365 892 851 652 484 876 850 793 769 223 679 262 973 216 841 174 429 622
134 541 568 360 973 177 335 124 194 878 417 491 407 390 811 442 552 643 75 115 481 488 381 227 525 425 890 961 31 205 74 509 996 980 144 41 597 899 495 805 207 233 172 862 775 417 971 754 129 516 871 500 823 508 301 431 580 428 132 851 327 652 557 511 553 645 584 104 883 21 689 48 939 865 118 668 219 211 430 632 780 923 590 714 693 455 408 516 479 954 760 260 418 15 759 769 929 289 197 733
112 187 539 423 1000 616 317 238 640 569 454 68 539 64 680 684 698 160 100 164 260 268 566 302 442 239 682 244 173 853 203 309 346 719 175 163 55 867 558 822 775 170 435 552 78 241 183 651 884 14 169 236 843 521 887 49 836 550 791 941 617 271 831 809 556 994 908 341 775 908 289 153 704 239 684 548 488 314 121 141 694 894 461 756 794 176 926 33 542 941 988 567 717 233 991 835 119 806 409 407
170 775 530 793 654 588 251 430 660 894 779 545 990 281 254 869 950 337 167 316 46 930 647 381 49 57 375 882 749 702 356 279 213 978 586 519 93 341 907 342 196 876 426 874 382 95 728 301 795 424 691 30 486 749 433 320 636 857 565 371 876 402 408 602 857 232 592 104 614 809 392 819 713 150 853 6 644 561 360 440 662 887 303 776 150 514 548 226 76 196 481 88 609 325 4 453 926 110 399 103
448 572 456 842 136 560 850 481 814 209 187 172 278 612 618 862 646 667 747 436 20 787 37 785 722 750 332 383 368 49 874 807 745 217 349 225 628 955 434 165 913 579 975 386 667 833 82 942 948 597 360 202 444 565 41 410 757 322 654 48 220 825 978 326 362 353 560 565 47 198 882 325 654 846 296 687 809 307 625 917 374 685 101 926 920 79 463 692 14 647 974 557 481 150 779 562 430 560 388 326
496 542 916 967 917 916 814 940 193 110 342 39 79 571 566 715 409 956 381 505 513 144 131 563 701 678 861 861 700 706 603 197 235 208 237 867 819 771 52 440 197 273 567 261 737 445 796 41 654 364 121 302 204 970 567 729 253 474 541 715 521 158 419 575 448 566 480 206 260 185 962 761 587 588 21 501 229 628 192 794 611 699 695 12 979 916 582 763 444 342 831 170 558 998 833 402 833 558 921 172
553 62 435 183 395 456 562 979 810 537 846 748 823 662 388 117 38 557 74 512 633 375 415 361 6 159 427 415 106 947 573 295 527 164 796 378 723 238 794 312 105 862 305 826 990 513 629 759 12 338 23 352 538 11 632 996 141 380 570 561 751 583 948 820 387 650 72 209 741 68 488 422 177 717 481 687 392 314 560 858 768 236 286 331 76 665 858 105 208 245 229 429 900 755 339 461 458 988 795 939
447 266 224 402 246 84 542 260 490 114 211 437 876 849 841 339 997 856 17 210 140 715 211 842 435 791 842 447 262 609 410 757 474 249 780 863 93 454 628 488 225 38 514 452 949 276 508 98 249 455 917 642 315 212 430 709 226 941 597 241 72 674 600 731 705 944 399 483 506 315 796 240 779 657 296 660 22 495 122 580 214 657 365 735 275 474 621 455 58 505 113 558 618 956 551 556 423 576 969 548
96 73 395 32 562 80 781 134 794 601 884 92 441 735 918 977 26 8 491 954 145 417 145 373 856 200 498 193 76 52 767 676 18 953 295 223 179 431 622 629 915 330 802 841 890 609 854 966 225 336 268 401 78 804 746 926 793 534 843 455 32 133 936 364 194 425 852 620 967 280 751 853 787 824 567 884 976 181 515 755 476 481 302 864 607 152 319 216 461 253 246 156 807 960 268 428 809 255 789 123
242 6 414 347 685 272 179 608 486 981 134 150 106 579 31 715 915 147 183 963 753 957 992 499 572 999 117 875 148 374 795 247 222 119 901 763 697 929 529 340 519 947 143 392 691 838 634 680 473 211 644 613 737 477 977 712 173 619 847 40 496 718 90 507 755 946 735 17 240 964 487 906 432 10 663 242 995 634 75 669 136 731 921 722 28 90 31 475 311 862 594 868 533 692 859 966 103 847 310 910
773 736 668 538 420 899 467 85 361 582 55 694 98 561 721 974 92 875 5 383 591 30 767 33 596 179 766 96 20 272 215 783 385 257 469 868 113 476 889 813 679 968 393 17 411 905 515 579 500 538 606 451 450 603 897 36 690 52 688 1 5 9 617 644 381 599 744 526 725 661 469 201 18 920 398 943 996 99 265 50 859 423 671 356 544 367 732 261 624 214 660 831 671 586 859 723 302 792 986 278
664 98 626 726 504 955 831 171 636 839 75 656 68 626 823 814 101 269 987 217 802 993 164 476 844 640 678 79 969 193 449 118 915 678 189 506 276 909 280 366 976 178 517 179 56 186 359 455 36 145 822 890 795 247 883 878 209 562 234 698 589 879 597 244 172 673 669 517 312 761 850 845 98 706 241 867 206 219 241 866 194 229 116 304 410 861 560 12 790 129 833 785 494 252 976 301 760 477 772 681
628 969 476 732 467 995 850 958 496 139 204 180 553 685 190 394 121 987 524 639 877 373 669 306 796 769 863 777 725 632 93 821 971 338 122 410 712 427 45 924 890 615 930 371 952 967 146 583 557 656 680 481 32 722 382 952 915 267 880 795 952 891 378 101 73 890 649 939 825 934 65 564 828 357 810 874 482 547 710 707 516 76 316 480 446 867 462 244 777 248 812 215 338 599 180 825 478 650 4 510
15 195 461 451 543 713 262 340 19 944 838 331 47 686 197 577 639 713 229 703 871 739 82 459 695 792 836 651 647 1 247 65 900 706 328 36 533 979 451 139 680 128 573 29 593 827 119 920 479 182 540 810 129 158 438 585 838 34 352 334 195 9 909 25 596 24 710 111 126 500 894 862 368 94 835 209 586 185 118 519 602 198 295 626 231 468 478 916 862 795 543 748 939 671 742 720 419 225 106 106
937 95 376 654 283 852 699 249 248 275 91 168 978 553 844 30 467 518 18 19 496 408 873 254 342 487 787 51 115 124 498 495 184 744 655 957 65 456 657 754 91 875 792 576 900 979 107 945 695 444 901 598 112 377 481 144 105 737 147 289 604 196 73 421 944 411 363 602 400 951 781 13 401 110 337 782 73 7 795 575 799 724 354 788 355 336 74 707 499 1 28 755 150 277 436 566 949 691 421 201
723 371 562 143 575 115 869 336 518 857 931 767 34 790 158 956 76 681 587 880 871 603 955 854 988 651 235 496 840 178 363 62 88 799 614 658 769 685 40 63 958 925 926 448 455 840 928 982 875 531 586 767 61 373 523 322 729 326 94 520 997 526 672 233 764 562 825 131 245 948 905 991 216 232 855 695 637 939 672 153 893 830 985 762 929 467 435 273 879 995 84 930 881 339 300 132 286 28 452 912
636 321 705 185 942 700 805 15 403 576 431 824 372 214 547 772 445 353 740 106 259 589 241 869 545 554 440 758 824 672 785 670 563 353 387 419 744 148 796 188 405 752 800 308 251 37 569 11 186 661 242 699 846 319 874 538 194 129 702 10 156 613 826 713 238 460 382 434 766 197 624 0 664 404 128 501 176 926 110 182 583 251 327 396 705 414 193 671 96 418 286 864 454 414 130 814 527 529 810 414
820 15 381 851 390 676 476 255 834 754 125 855 614 625 173 436 156 138 980 143 977 624 182 429 539 600 461 794 807 90 158 934 712 578 5 239 111 37 236 897 75 422 902 668 823 672 382 547 42 615 82 780 298 836 626 724 968 854 886 999 511 924 302 847 664 144 487 870 528 920 326 883 342 587 846 723 32 218 187 376 404 150 854 408 958 65 940 603 887 273 369 766 260 291 194 384 78 719 551 904
682 441 590 220 27 84 322 771 808 57 287 635 805 324 744 164 477 121 71 131 3 367 856 37 576 901 798 580 85 579 818 770 68 267 370 94 343 632 930 665 425 442 148 437 93 877 377 761 381 842 561 31 851 989 281 963 58 527 749 98 422 834 912 868 913 28 553 655 844 862 558 683 38 154 995 468 95 970 699 909 244 82 914 430 376 608 287 536 77 155 301 124 119 143 327 990 786 636 770 694
