150 511 526 785 905 508 696 887 208 88 892 22 971 386 921 761 538 538 154 876 978 433 730 394 325 500 758 991 458 169 731 63 132 344 404 496 504 264 723 473 578 563 968 735 334 336 145 843 834 452 338 27 48 784 625 886 49 916 411 163 138 163 102 224 609 785 397 957 775 230 135 284 706 317 513 50 166 328 419 340 483 481 527 757 320 540 240 189 451 633 776 421 351 564 378 955 787 383 435 28
784 168 701 13 531 407 718 717 246 91 23 615 316 50 310 29 169 195 240 717 270 826 595 904 405 390 92 736 676 307 152 307 270 588 570 31 54 170 468 574 938 873 771 700 61 116 888 986 364 374 735 183 939 158 950 634 963 750 857 928 141 130 100 788 571 519 974 426 344 188 400 311 625 638 115 869 498 168 833 483 685 217 160 978 825 949 113 238 684 388 398 277 254 507 261 752 932 143 839 981
444 551 187 608 694 932 705 732 339 643 110 731 565 867 950 583 491 894 722 140 898 385 392 597 374 204 614 109 455 68 776 326 755 102 644 414 566 2 752 837 261 380 881 949 34 272 856 978 171 253 595 927 369 958 624 862 230 192 999 631 969 109 707 616 901 67 388 670 113 361 642 366 411 749 717 293 457 531 403 396 11 759 472 90 189 157 796 493 690 510 728 871 935 713 802 645 603 978 227 506
249 186 970 514 933 149 311 823 308 430 626 40 682 933 578 497 998 275 966 583 216 142 300 623 964 850 249 372 989 563 303 487 486 738 620 686 165 767 745 102 879 95 704 738 741 503 526 966 79 970 64 857 1000 913 444 98 248 85 924 73 919 212 572 436 808 679 267 795 388 700 177 303 509 645 530 808 377 781 144 874 427 241 297 575 22 614 498 903 586 283 565 268 550 162 445 641 879 102 351 143
6 534 107 680 89 299 420 707 369 729 678 306 486 565 926 441 142 234 778 465 891 816 280 806 726 109 42 130 417 305 710 983 291 174 783 864 392 752 146 785 725 816 831 663 888 365 472 989 12 229 279 890 194 186 729 657 969 5 863 306 70 722 19 645 101 990 659 4 666 800 642 428 231 109 145 600 99 364 698 535 872 92 541 228 474 398 570 173 40 671 325 778 856 272 198 712 743 166 36 247
716 526 119 26 984 480 476 583 408 2 934 850 380 900 192 771 910 643 612 837 552 866 451 508 198 106 406 601 246 413 378 839 438 567 143 878 446 211 822 481 42 660 667 283 662 556 264 602 140 124 941 539 450 310 145 23 649 962 212 639 278 267 201 675 317 75 482 489 342 772 433 972 521 479 342 321 233 260 896 392 919 670 838 504 159 238 89 426 203 98 392 386 881 534 329 949 119 31 430 586
253 202 443 182 930 935 744 986 544 591 226 13 403 733 358 649 831 929 714 692 53 550 204 491 642 704 401 892 403 307 484 243 635 950 425 147 257 969 417 797 760 772 416 892 910 201 323 954 382 57 93 492 310 545 954 878 876 688 631 514 405 368 890 936 953 722 679 283 330 484 110 320 264 924 22 594 877 323 94 830 734 282 243 396 381 321 146 300 890 853 963 902 404 709 671 139 811 940 997 904
128 200 589 918 462 895 474 619 995 311 215 632 972 319 273 968 709 345 702 429 136 474 662 406 82 596 777 101 39 782 590 958 52 1000 914 555 929 347 11 878 472 512 656 568 591 21 841 78 777 398 627 338 71 729 633 36 146 967 316 410 416 449 959 970 680 214 720 471 98 423 334 722 391 758 391 8 395 915 910 863 356 556 799 521 267 239 631 308 953 751 952 60 687 881 536 48 851 255 905 846
188 980 85 314 123 727 283 374 833 469 628 830 104 566 439 207 723 0 976 364 22 318 768 528 113 798 870 745 144 75 24 396 571 278 299 385 695 125 721 312 483 944 625 867 287 151 216 811 565 920 788 372 913 580 605 163 266 647 637 287 291 207 517 690 566 833 944 103 459 955 249 474 3 45 672 76 812 836 954 621 247 40 273 917 21 93 621 32 339 188 396 935 992 924 10 936 806 357 170 407
434 765 411 789 657 849 371 161 707 211 832 640 625 118 634 868 822 356 836 434 375 610 756 568 960 797 27 589 695 898 73 657 526 311 880 539 690 348 341 106 48 506 188 871 599 714 922 200 612 466 917 94 650 867 607 491 997 541 319 154 161 518 964 185 968 974 628 473 726 977 257 58 576 204 581 281 221 935 323 896 576 706 64 316 155 301 8 753 917 459 405 128 86 839 754 807 622 877 916 770
783 679 144 595 592 861 299 886 740 200 488 101 424 603 723 776 560 479 945 178 214 882 256 131 45 399 412 683 923 888 189 553 236 141 110 607 395 687 827 385 368 440 335 208 340 690 50 75 675 848 654 999 4 58 217 479 249 733 625 571 458 733 160 291 525 991 998 997 896 828 205 540 79 126 709 248 231 837 552 590 182 25 760 784 295 985 271 862 342 22 410 119 326 48 388 701 408 323 374 354
115 839 227 795 513 256 766 144 594 167 938 418 109 843 576 140 718 832 650 47 983 65 379 80 324 636 44 465 490 337 629 328 937 395 173 241 26 671 146 911 262 1 232 153 46 739 119 662 88 696 436 922 790 491 559 879 495 629 979 549 737 750 892 114 409 30 781 721 927 874 10 948 452 169 368 575 7 541 996 84 402 666 996 398 244 107 387 4 783 190 213 406 619 670 19 770 907 196 747 996
463 751 636 859 213 116 109 169 173 443 402 472 472 553 504 612 198 394 457 909 768 532 550 462 380 239 13 218 459 508 933 991 886 607 978 239 235 435 575 985 849 850 102 706 128 544 239 873 74 236 794 44 739 53 257 473 225 522 38 844 609 321 810 52 223 814 743 79 945 820 569 278 100 767 946 330 995 975 892 283 733 457 341 609 991 705 798 731 418 459 437 47 109 596 615 907 70 696 95 889
4 676 863 438 408 342 546 651 766 44 523 755 801 919 542 265 469 438 50 589 985 779 285 484 629 785 19 795 998 583 939 872 267 619 178 566 47 430 466 316 722 100 547 661 405 331 542 377 591 402 303 870 502 191 831 765 316 775 771 185 538 360 844 904 392 259 639 684 807 201 50 666 97 283 651 993 812 781 350 402 679 801 310 869 602 603 361 464 203 149 589 760 285 879 973 411 945 192 826 291
319 461 900 832 671 966 89 157 302 263 15 684 63 319 995 418 87 982 251 504 151 974 300 820 177 948 507 3 307 772 1 591 918 509 657 944 511 793 806 850 458 720 632 117 88 965 189 692 241 18 552 57 347 789 773 581 890 624 788 560 493 794 788 548 130 929 486 661 81 331 107 666 93 324 78 978 66 642 578 742 289 148 856 48 683 360 675 495 886 747 463 491 481 75 283 85 747 878 150 274
999 182 432 156 885 847 71 525 355 858 23 707 631 855 278 462 498 552 780 26 366 31 812 63 164 363 695 942 656 16 91 399 594 395 347 866 866 430 330 783 765 944 797 849 38 744 108 683 550 973 340 411 701 96 91 464 510 649 485 237 681 500 984 998 969 987 794 776 127 5 267 568 456 965 486 246 469 104 420 954 314 250 97 533 410 865 674 702 792 691 499 572 320 608 272 791 801 515 180 452
133 818 263 224 98 493 792 418 495 730 10 188 149 284 528 116 209 136 866 259 796 490 928 737 728 213 582 319 444 243 433 377 491 90 39 955 826 402 672 773 924 141 896 66 543 151 247 997 596 634 643 1000 33 229 325 149 158 754 963 607 496 412 895 488 75 75 864 677 553 531 39 24 113 618 709 162 104 902 934 19 819 216 107 612 516 864 884 977 886 210 894 957 745 487 698 649 50 45 214 736
497 410 581 3 640 988 409 288 205 520 914 986 915 39 287 411 207 193 480 726 788 502 359 644 700 801 149 413 672 797 515 870 695 414 816 881 16 584 40 769 649 226 930 578 80 972 43 310 5 639 472 189 23 380 598 610 625 348 320 646 406 372 840 457 922 840 550 872 600 931 177 876 21 381 93 672 816 39 137 471 705 80 274 312 151 87 574 338 677 798 788 597 820 46 766 653 873 994 397 955
524 308 632 376 543 798 859 555 698 389 188 591 402 983 449 446 187 438 297 867 770 911 683 347 858 34 919 578 640 240 486 868 502 619 389 162 807 62 843 960 109 319 449 857 972 764 960 267 17 828 481 804 776 51 156 561 863 963 626 124 530 60 51 151 661 175 754 462 157 600 406 75 338 447 945 964 91 19 891 798 486 798 748 576 27 631 287 259 494 624 627 560 222 138 282 666 785 503 360 681
633 881 578 912 738 313 556 170 124 650 520 112 438 392 156 240 231 301 402 541 755 600 490 827 41 878 562 365 130 300 198 576 88 433 705 568 407 858 138 435 208 779 42 273 684 555 893 826 134 311 860 621 307 585 276 297 390 496 239 667 579 471 700 645 291 872 150 813 34 701 966 733 865 284 599 719 670 950 885 314 996 221 522 329 22 381 8 917 687 637 235 705 3 515 234 86 596 439 208 960
385 947 805 220 613 950 367 732 83 422 714 851 145 674 939 342 738 959 76 655 996 455 871 865 939 399 288 248 501 265 121 676 345 494 405 860 468 477 406 891 593 230 932 408 115 124 859 332 662 214 482 763 646 783 413 51 808 330 766 742 996 132 159 492 689 425 102 679 841 449 83 527 792 146 442 693 898 209 99 62 922 985 510 56 753 185 490 387 658 11 963 269 182 914 543 885 962 357 887 493
133 735 511 81 167 508 304 926 998 999 216 795 33 1 73 820 112 361 448 843 909 993 479 738 706 207 339 215 792 567 927 804 362 145 653 29 25 718 315 728 998 82 601 871 609 296 846 668 522 243 590 344 383 713 441 953 493 533 206 456 54 108 664 457 473 342 392 456 421 301 343 290 280 116 697 920 521 10 381 407 881 770 965 946 134 383 411 570 7 721 208 341 778 318 729 675 849 64 197 97
827 870 819 731 933 579 952 336 508 380 619 43 964 238 981 686 716 209 72 811 23 689 328 4 583 447 131 404 71 118 325 724 898 99 778 177 603 228 892 959 155 688 520 90 297 965 428 931 876 489 20 949 822 344 9 486 95 190 225 594 210 698 746 9 196 889 639 368 844 237 968 515 877 966 143 152 621 791 357 912 832 441 815 847 367 209 158 15 801 478 135 560 16 229 539 510 801 0 747 17
696 666 317 199 385 300 177 469 437 599 216 648 612 46 524 654 140 360 844 306 762 44 705 817 159 775 704 9 75 97 504 465 814 838 507 991 953 691 914 617 311 391 774 758 328 834 483 809 958 24 245 579 735 935 765 556 514 116 958 588 392 287 322 680 548 846 14 955 607 630 424 397 117 358 792 483 189 503 266 600 432 548 866 478 29 594 699 582 864 368 246 225 519 920 782 496 483 740 500 609
976 15 146 764 971 72 96 22 353 323 478 454 36 219 738 441 861 936 531 471 317 288 301 740 440 326 947 380 33 395 169 986 594 330 129 561 835 330 16 39 575 336 552 443 394 821 464 269 944 151 787 854 158 478 682 554 491 118 93 74 387 946 54 993 119 127 208 460 384 849 20 460 921 699 407 815 124 827 531 553 457 980 180 33 42 846 411 165 184 681 969 124 929 351 62 55 128 314 98 895
296 743 445 626 23 887 241 355 21 47 935 847 357 991 116 249 273 928 987 738 389 806 74 572 537 384 131 189 918 101 308 212 418 974 301 810 860 0 716 280 260 672 880 728 394 427 677 431 888 599 697 203 944 152 91 285 480 442 857 941 839 231 381 471 857 66 607 260 742 291 585 853 778 180 592 77 263 682 183 339 66 18 573 359 405 158 392 952 39 919 469 553 82 399 775 810 703 628 632 696
344 157 75 665 974 354 618 560 702 963 540 464 41 831 256 490 295 511 921 793 469 21 887 426 799 590 665 384 320 177 625 266 500 964 845 181 722 649 702 877 277 468 788 785 263 682 655 182 784 623 560 374 521 688 369 452 668 869 825 106 638 329 440 531 260 75 458 740 86 20 783 191 221 842 666 723 27 518 330 298 293 459 507 931 392 475 384 171 850 819 159 276 470 902 870 596 535 49 125 320
525 853 63 692 401 474 275 785 446 110 464 627 735 769 373 652 386 568 103 990 875 728 480 735 223 117 91 541 595 551 743 850 315 967 123 759 501 979 166 74 371 951 478 462 649 814 964 576 908 929 598 141 998 284 155 233 844 880 927 726 952 51 169 637 1000 811 266 953 235 730 235 422 75 124 747 786 865 819 148 218 667 483 228 946 473 572 562 242 272 654 575 791 339 40 15 302 940 94 53 973
797 937 6 198 988 558 428 434 819 258 618 328 327 889 487 907 161 360 141 72 138 357 460 337 419 725 260 649 240 766 682 671 182 814 852 497 912 39 264 9 805 947 676 676 952 758 632 736 351 381 945 530 800 861 229 887 162 486 304 190 426 879 144 705 249 610 690 288 334 773 725 180 816 733 734 211 942 371 347 765 267 570 938 199 946 84 658 805 959 725 971 952 739 25 51 584 944 106 580 231
195 815 933 453 192 303 613 897 36 129 170 925 745 475 780 324 901 906 419 379 187 645 864 724 277 275 814 666 113 207 358 383 307 784 538 175 956 329 522 676 580 337 354 965 845 393 587 645 912 313 430 912 855 771 281 275 999 66 450 765 71 908 842 924 592 744 16 35 455 264 376 222 502 238 907 31 459 225 395 757 285 576 266 979 344 564 638 332 889 572 999 347 592 467 469 559 556 270 688 439
9 531 192 677 667 801 81 387 853 988 97 156 848 235 399 985 809 0 591 427 192 260 322 467 436 260 559 800 813 840 249 36 284 744 217 491 915 91 355 169 516 226 962 229 894 424 926 75 359 51 250 824 472 913 609 300 781 631 90 375 653 671 883 753 177 751 432 81 161 934 424 324 659 677 123 679 533 358 138 591 155 936 123 817 810 299 366 52 753 950 865 66 145 335 795 137 978 873 476 84
138 432 259 350 511 223 560 947 197 754 746 354 647 659 427 179 595 406 571 255 216 126 416 341 246 193 705 622 386 832 959 894 984 766 592 477 494 867 489 676 719 400 990 541 280 159 47 546 56 450 226 280 216 454 276 97 946 683 324 8 854 602 441 547 603 595 260 786 848 708 973 817 396 880 456 266 388 897 111 666 225 174 59 420 193 267 318 618 244 307 984 350 757 298 130 56 162 367 951 359
468 149 60 869 544 449 341 481 334 212 754 976 871 868 316 546 319 344 119 21 924 365 555 244 575 52 65 554 415 684 637 31 945 699 656 2 980 470 33 183 804 752 488 69 476 877 277 358 559 136 225 898 66 283 993 96 153 774 217 774 336 614 370 482 80 704 727 237 477 661 485 698 828 513 861 91 352 46 208 811 221 172 554 78 796 513 727 814 112 714 754 94 528 532 394 115 517 13 943 277
344 908 573 970 128 852 268 145 115 847 548 213 475 373 988 489 565 145 691 847 208 132 362 512 135 91 791 700 808 179 955 465 812 308 176 644 357 750 524 677 845 72 809 526 228 316 486 903 183 227 206 251 737 39 418 704 657 695 249 47 947 21 375 699 314 12 534 578 74 9 841 600 564 810 397 805 101 423 294 313 931 258 787 771 140 634 947 637 795 743 176 647 569 208 328 639 32 101 768 740
43 18 609 898 120 299 420 455 956 710 122 855 713 607 179 303 611 55 65 247 527 827 338 55 204 356 502 576 505 445 903 633 541 848 497 40 871 388 892 574 141 224 818 446 641 595 253 582 697 991 644 158 363 209 250 79 515 769 34 638 639 773 256 24 656 945 550 154 363 944 470 27 727 617 887 662 206 5 653 231 846 527 906 234 856 350 732 390 329 466 403 936 366 972 914 417 930 149 765 748
277 759 979 92 892 709 949 739 405 342 868 884 737 359 327 162 230 520 214 382 364 602 927 965 544 350 396 759 774 491 344 478 687 573 411 999 371 797 644 416 675 535 92 250 302 500 461 641 720 144 267 736 212 0 454 93 25 903 655 574 818 805 494 235 790 95 248 752 698 952 98 430 734 192 662 473 767 883 994 249 720 394 194 391 604 956 821 416 205 328 707 533 403 660 169 506 334 150 535 609
123 83 400 929 374 811 216 998 769 391 497 496 328 509 750 758 357 85 775 93 424 128 834 63 257 929 286 830 85 897 65 470 823 26 450 831 990 214 528 623 147 606 698 184 363 810 363 3 91 233 907 628 182 585 663 664 797 673 117 337 176 663 763 681 128 589 406 501 615 70 28 866 192 884 917 504 18 3 841 802 15 755 992 43 998 502 661 539 868 431 245 12 13 902 597 761 208 995 985 217
792 41 893 68 677 44 771 526 930 161 770 540 32 557 672 834 35 359 360 80 193 645 784 645 335 548 520 245 402 953 590 742 187 866 78 838 863 213 584 12 469 855 334 381 543 401 984 511 470 92 399 792 134 824 731 62 754 351 252 344 342 730 375 612 153 990 783 863 402 589 70 699 982 47 566 319 550 806 372 963 910 462 68 62 155 752 227 306 117 75 416 703 668 420 921 281 973 184 393 66
315 626 237 76 952 911 476 26 56 897 959 979 946 974 813 997 540 645 963 313 177 729 310 187 14 208 397 270 931 911 969 378 113 819 883 28 88 586 152 778 27 144 366 713 253 772 321 404 702 267 320 155 519 400 475 948 262 20 659 295 335 561 437 416 943 599 268 20 905 797 61 309 773 349 255 473 574 14 877 176 77 786 646 614 675 367 293 678 971 902 526 625 953 396 827 53 654 562 249 685
163 76 445 778 946 780 63 436 26 447 801 4 197 874 443 21 244 689 139 26 252 338 377 717 695 199 180 133 291 445 845 337 234 207 629 705 282 274 546 993 949 492 913 49 437 190 219 330 695 651 390 522 746 408 999 902 662 581 682 84 75 662 581 726 234 182 428 143 666 14 38 404 750 841 43 470 717 846 507 838 991 987 398 34 83 129 51 351 748 753 923 156 874 209 969 575 570 147 768 197
106 55 793 102 534 496 803 763 957 525 638 624 383 581 758 944 841 32 925 435 181 506 963 497 99 731 689 231 508 959 109 33 861 850 69 90 726 835 23 109 771 376 415 405 813 329 949 141 73 827 106 379 267 630 169 681 116 461 431 749 21 47 905 772 100 96 488 885 296 159 676 639 424 553 181 937 190 17 628 653 280 224 361 171 321 959 503 484 301 346 274 215 591 703 472 639 396 966 743 815
671 748 462 889 688 340 320 279 69 996 265 670 667 318 857 63 825 949 209 468 977 391 720 928 441 376 766 720 310 953 830 196 865 906 433 675 900 931 84 977 567 688 188 250 396 533 522 544 531 893 200 724 494 450 791 448 825 842 352 953 209 874 567 87 427 432 987 250 143 840 674 209 582 337 626 204 331 792 821 740 15 740 558 625 425 68 979 807 415 25 320 615 256 991 280 273 839 475 101 885
457 216 921 9 622 96 941 411 729 435 395 912 851 4 24 190 399 858 920 13 442 108 745 590 933 893 340 243 156 876 463 189 214 457 953 314 453 270 833 184 955 434 103 386 14 795 87 24 485 13 527 286 774 875 422 224 745 238 980 116 684 944 171 776 812 331 899 28 541 935 222 703 929 462 46 79 295 801 886 633 877 194 766 654 915 157 885 70 854 318 567 84 189 9 37 544 903 452 526 518
509 98 369 628 171 500 553 318 884 958 35 700 485 499 784 777 318 793 823 975 52 234 206 237 515 777 268 703 787 753 948 575 949 176 759 588 960 724 509 153 910 576 269 580 927 958 219 826 524 319 90 382 609 52 717 981 325 525 891 356 139 320 321 827 65 477 472 502 518 166 427 852 720 404 201 510 16 959 620 542 815 668 791 445 372 245 752 122 1 484 928 343 966 106 890 917 359 229 899 252
520 678 519 708 799 537 454 358 585 280 959 556 153 406 729 605 303 397 331 191 93 745 875 300 794 871 386 544 798 117 257 218 692 26 502 987 565 126 516 461 921 983 735 706 224 36 464 659 921 571 678 830 431 660 35 140 32 648 272 539 548 746 820 458 237 97 940 705 866 209 204 637 672 978 78 457 720 965 298 138 844 173 195 435 302 66 152 31 299 288 905 725 267 27 274 458 875 190 692 494
50 736 331 310 262 998 158 326 834 345 820 404 587 569 460 39 652 320 237 987 568 824 411 78 721 110 232 889 688 338 598 476 273 9 626 254 795 916 900 738 903 666 493 289 210 494 447 546 159 295 744 255 750 711 343 436 305 918 887 642 835 880 834 687 416 176 135 626 760 696 361 729 745 690 168 21 355 257 185 436 357 588 101 971 337 929 561 364 406 656 422 905 623 506 629 198 52 49 86 563
3 228 448 794 362 442 947 115 762 692 604 974 601 441 914 248 619 466 86 835 144 937 99 510 819 960 633 356 884 157 894 768 39 310 939 34 515 96 66 576 886 253 129 441 77 779 915 658 64 292 133 461 93 566 226 456 640 103 629 728 431 909 827 407 90 51 894 579 512 558 316 806 594 562 601 620 890 423 859 463 646 823 914 417 936 146 654 50 454 809 411 137 103 106 313 860 521 88 345 545
672 196 411 665 957 447 375 313 540 246 805 2 556 723 41 937 376 135 796 609 219 614 374 862 470 871 191 572 190 582 539 526 748 133 896 928 816 522 661 908 113 306 665 228 561 380 87 809 154 250 38 96 93 930 220 92 938 936 623 16 29 669 882 527 462 480 279 440 234 276 707 989 697 997 822 850 952 938 202 19 975 694 867 580 146 623 653 855 945 384 333 647 580 875 785 979 343 492 158 4
158 875 114 482 346 319 303 429 860 512 540 374 879 463 783 11 276 734 156 999 395 429 899 727 437 569 454 615 154 259 986 36 183 863 548 387 119 634 717 116 63 833 155 297 311 470 252 74 967 1000 526 235 960 595 446 765 70 120 247 242 52 821 181 240 833 257 289 535 703 827 451 687 383 697 539 39 640 554 683 29 974 224 415 695 700 313 3 859 445 371 46 704 811 59 273 418 144 592 485 382
1000 189 870 445 315 668 580 452 313 933 598 944 342 737 268 177 196 669 896 430 416 829 1000 262 273 692 232 509 899 672 233 864 2 895 512 731 863 914 948 737 224 609 484 920 938 963 501 46 452 100 18 369 579 598 781 660 901 935 849 429 448 217 103 828 772 649 7 373 683 305 156 751 553 131 571 975 817 760 704 961 369 974 521 595 492 163 258 922 621 979 80 671 799 356 316 62 242 978 59 818
961 648 665 361 465 517 197 966 334 414 736 539 772 618 78 41 764 434 111 171 312 960 19 757 673 461 17 598 94 992 660 863 145 56 860 793 953 993 991 480 769 828 848 613 192 525 4 6 151 653 645 5 535 482 521 713 407 604 622 563 666 994 892 478 406 524 688 49 279 541 777 311 383 280 42 409 783 340 914 283 312 899 659 559 685 606 338 2 274 543 964 741 358 725 791 595 806 150 215 768
296 852 460 850 249 10 46 844 438 405 50 726 410 675 415 376 429 384 576 476 214 142 3 968 809 417 736 203 701 704 691 464 505 188 728 236 746 221 866 623 542 236 942 526 560 427 267 181 153 131 658 968 320 249 430 471 177 759 824 964 669 980 818 309 493 323 196 977 316 857 300 492 10 22 246 714 937 104 730 242 849 722 972 839 160 737 974 258 590 380 301 84 520 111 574 26 366 191 874 815
278 916 147 260 779 229 437 34 272 893 184 931 926 992 209 619 559 389 119 439 322 201 62 962 951 183 98 126 221 999 626 622 893 16 797 943 903 551 618 638 486 761 621 475 419 51 868 722 634 232 232 639 776 85 916 115 603 779 926 745 770 235 970 698 226 906 411 416 410 200 978 470 629 950 295 454 684 329 480 673 23 518 782 684 84 49 482 351 583 311 112 878 197 443 992 139 76 768 294 588
424 85 528 9 965 320 395 886 960 418 290 40 328 701 188 344 554 960 933 832 308 35 297 15 410 913 95 949 524 138 109 465 485 454 863 207 350 62 703 340 53 693 638 193 327 789 747 548 16 263 666 27 850 201 716 49 813 234 877 892 938 581 985 51 591 30 367 661 874 422 317 356 706 261 86 905 148 852 994 293 732 588 115 825 336 854 619 124 155 820 999 795 507 739 736 623 561 379 547 985
449 148 821 248 131 236 903 580 239 529 359 301 308 599 49 905 107 631 451 403 180 391 37 357 278 172 406 236 897 251 964 100 153 951 280 268 410 34 863 432 277 506 408 863 885 51 132 81 758 884 202 639 772 589 453 911 335 425 77 422 192 999 375 213 195 275 944 258 285 271 799 999 69 923 452 970 966 207 127 799 772 669 685 947 664 159 126 83 946 576 209 73 697 710 64 718 58 834 480 931
196 165 643 843 115 90 37 893 538 863 536 70 551 723 99 610 975 232 419 284 32 161 607 472 382 742 520 466 863 439 81 384 768 893 665 600 191 918 936 119 472 568 153 56 495 382 618 76 476 347 1000 740 836 528 25 53 238 336 859 711 696 688 52 172 33 252 76 116 159 370 524 836 787 846 362 781 188 253 692 887 740 801 895 364 690 527 138 204 975 350 77 203 359 67 445 457 756 442 526 238
891 7 721 979 497 255 448 572 520 846 436 987 985 326 398 821 751 370 593 363 786 593 128 601 973 189 833 403 406 292 129 448 533 268 991 523 119 529 436 405 820 838 963 786 913 815 157 455 858 523 165 933 370 815 374 142 915 833 118 770 543 670 723 319 244 299 301 225 360 215 62 958 70 836 194 696 152 783 463 489 6 263 942 290 487 124 168 239 255 381 210 14 326 234 350 852 125 7 733 309
32 662 370 453 803 925 832 218 498 722 791 176 69 956 864 183 979 455 100 971 574 86 98 99 210 369 313 275 457 300 800 536 768 153 213 786 845 64 419 463 958 23 309 613 649 399 197 566 431 800 924 294 712 135 597 715 902 274 255 531 376 796 664 268 570 439 993 462 608 479 717 281 278 925 687 512 487 78 133 515 159 869 129 724 116 891 420 188 949 263 767 487 517 792 968 424 711 526 450 355
43 66 568 137 664 613 265 494 18 524 266 651 189 895 17 97 871 41 665 687 877 171 451 201 671 123 142 426 223 782 373 805 562 290 443 529 618 365 491 231 382 808 127 752 800 160 713 360 414 361 28 144 578 241 59 856 416 316 708 388 318 475 301 59 358 64 416 610 709 352 363 568 911 284 328 600 756 483 128 877 421 295 955 308 799 498 400 37 917 985 367 700 810 815 26 920 510 660 993 608
272 295 359 35 119 958 488 193 18 237 243 634 780 715 365 30 204 983 398 745 154 699 977 170 455 962 384 543 374 897 529 777 945 257 699 883 649 412 817 216 536 268 901 172 674 406 73 322 939 262 757 42 615 174 279 315 69 474 731 410 704 562 269 739 402 497 837 51 418 304 468 339 426 146 99 461 14 289 706 85 895 104 27 527 179 20 383 628 227 449 290 271 905 182 243 228 575 112 24 194
768 779 235 328 697 493 215 756 567 570 565 591 474 568 351 582 873 669 567 85 973 219 610 464 485 760 16 313 512 151 631 62 273 995 719 209 827 437 219 406 179 765 360 182 748 373 605 4 56 454 990 531 854 307 469 314 613 708 169 884 98 600 536 215 445 694 259 671 960 315 468 675 525 101 307 925 411 234 120 473 485 428 131 14 246 91 637 691 11 102 322 622 960 904 434 368 113 489 486 306
718 599 192 776 32 544 305 975 438 938 470 876 660 806 193 867 645 429 738 628 922 385 879 374 123 550 417 565 722 25 630 145 938 397 45 423 830 140 982 622 957 333 967 863 408 479 888 116 744 523 85 128 690 775 117 556 803 813 569 133 675 944 796 732 926 771 831 155 942 918 103 294 548 994 550 127 609 13 779 215 260 643 343 554 420 579 17 790 23 555 700 32 446 863 689 83 477 948 780 397
910 920 893 601 989 555 87 219 611 678 337 313 847 393 572 339 505 398 898 734 932 237 170 677 522 561 46 838 535 452 257 895 485 150 210 910 750 424 183 755 738 559 179 618 792 362 390 760 291 356 192 632 788 518 918 195 3 584 390 883 105 201 503 190 515 925 655 815 576 439 854 405 94 206 445 91 496 530 442 37 360 299 450 861 762 558 394 105 283 840 386 699 829 689 589 131 922 998 520 530
735 724 45 568 620 476 952 364 575 13 674 774 317 170 422 309 779 642 443 559 52 325 160 129 773 852 923 757 535 86 477 608 806 824 550 934 628 802 468 953 136 855 663 367 280 625 875 442 43 438 402 155 358 183 378 167 869 260 691 445 447 738 370 544 382 518 726 907 304 483 180 194 693 858 685 780 873 646 651 874 410 480 928 753 419 122 859 330 561 323 785 194 561 892 952 179 147 402 478 615
98 70 317 585 25 663 975 336 964 610 192 545 141 413 866 251 707 783 231 695 278 444 876 258 438 285 822 554 301 151 707 119 405 154 4 149 92 736 144 660 854 272 983 62 910 211 191 279 531 795 463 172 616 609 546 352 662 928 998 806 103 629 913 328 791 675 57 717 65 429 628 298 913 768 338 2 407 199 791 173 450 235 772 972 760 193 666 136 413 905 197 155 823 695 134 638 988 560 898 24
872 887 357 323 262 499 941 600 776 327 302 55 791 494 257 741 130 648 658 532 713 44 961 815 745 195 359 64 159 47 165 194 749 905 447 192 983 9 463 735 377 691 451 281 184 459 635 81 373 132 609 730 829 879 181 592 916 293 690 825 411 47 669 786 438 911 114 691 396 678 401 426 338 933 561 841 385 758 670 166 915 875 658 707 803 556 429 282 216 393 688 671 429 987 621 552 984 618 529 734
27 79 324 673 949 216 789 812 125 311 537 679 424 803 848 776 805 809 616 8 825 681 636 594 537 129 271 148 386 902 169 65 147 867 323 37 38 59 326 161 898 580 72 24 914 643 492 797 904 972 340 945 322 167 609 15 403 620 325 656 46 755 980 515 716 692 694 851 9 128 801 316 846 914 97 83 713 279 910 599 707 360 636 193 13 618 627 162 882 236 958 161 601 769 641 383 740 239 574 289
934 978 69 355 71 85 818 702 933 8 63 758 348 998 708 77 122 648 944 469 968 616 745 101 891 596 653 665 667 743 473 394 118 479 301 996 36 445 455 65 155 290 908 803 64 52 616 972 747 275 270 812 166 817 972 272 319 355 762 595 516 978 498 44 987 791 946 521 85 78 874 713 648 568 33 823 107 819 772 155 683 926 573 968 968 747 992 34 897 358 97 903 401 829 831 135 821 28 525 386
110 151 440 387 999 607 51 951 436 980 139 549 754 548 353 618 209 979 825 207 792 128 111 659 290 239 892 797 357 842 545 588 277 984 66 908 317 318 70 583 339 36 128 576 512 154 702 939 284 353 175 883 283 509 897 421 708 612 567 845 486 86 355 516 422 470 62 190 11 502 982 55 211 767 799 715 942 538 867 848 80 127 268 965 877 871 871 473 457 440 417 859 838 593 841 783 391 329 223 229
644 112 334 357 161 151 778 659 595 6 526 902 721 205 774 273 614 948 472 563 422 677 475 792 390 78 344 949 781 781 737 466 72 323 71 761 530 54 68 845 414 788 185 692 92 893 859 542 264 216 648 706 184 348 457 768 308 595 111 695 543 190 356 334 422 461 50 550 44 221 309 234 108 21 393 249 627 32 644 526 165 736 137 61 79 980 197 804 268 736 449 277 877 778 944 486 390 610 428 129
123 7 894 564 225 53 259 180 254 411 882 790 518 91 719 28 862 404 746 127 879 707 651 465 15 373 803 929 860 555 778 935 836 365 439 247 216 41 981 153 407 110 261 474 598 490 86 96 440 781 476 137 518 592 29 226 328 333 860 558 959 138 291 1000 423 310 799 704 796 500 650 826 644 970 725 893 970 943 543 496 599 223 363 455 937 773 819 655 395 531 117 995 902 250 140 827 224 889 496 318
44 724 653 484 836 94 591 446 977 726 272 42 298 208 335 142 360 780 724 639 450 590 163 474 514 303 639 998 703 829 913 111 765 565 649 785 213 635 994 19 468 140 783 513 553 946 76 337 969 484 391 54 489 497 360 448 206 516 862 762 326 824 665 142 918 295 409 98 467 628 332 943 229 811 54 471 787 298 780 568 433 307 193 432 896 99 169 405 560 801 565 432 513 614 749 438 97 746 880 332
760 747 732 537 451 717 332 560 919 764 367 210 614 860 117 90 572 426 991 505 353 774 820 566 150 754 705 444 708 458 220 713 96 904 444 477 712 576 780 114 176 984 584 619 621 980 19 501 624 84 665 298 255 8 80 722 399 307 619 791 352 828 551 986 240 550 323 592 533 143 914 386 235 28 448 115 41 249 651 385 484 882 836 259 24 214 685 604 686 650 942 661 53 139 914 677 859 456 0 162
446 848 62 738 790 901 268 191 518 256 967 452 366 417 116 690 97 682 580 0 206 598 777 52 232 833 668 348 311 764 496 229 946 750 436 650 477 975 644 403 842 203 912 636 117 460 457 135 93 490 6 138 284 455 950 69 477 493 737 879 379 495 690 14 869 385 54 174 925 691 618 67 258 738 227 469 250 584 382 161 85 388 286 594 640 639 235 582 382 529 415 911 931 115 356 219 978 749 461 417
286 318 770 386 244 154 267 908 368 712 436 647 646 511 221 121 543 945 393 123 990 477 995 236 444 981 202 450 986 868 49 587 151 700 97 579 634 237 915 393 272 156 495 208 556 841 99 170 445 940 224 824 785 992 583 255 671 776 565 697 680 647 963 418 574 553 754 351 326 303 326 674 398 670 319 549 212 798 572 113 346 602 153 940 849 533 47 19 963 356 383 513 563 16 595 729 844 222 503 586
315 583 170 939 638 430 752 309 580 472 734 409 727 610 862 848 684 230 797 737 522 91 355 784 726 427 421 901 375 485 317 66 984 5 560 164 705 16 963 545 511 639 190 681 158 336 823 214 428 304 267 767 825 777 614 63 775 379 906 228 235 970 890 709 166 13 772 246 947 40 193 733 867 44 450 198 874 376 565 658 738 71 517 134 876 291 827 155 739 769 579 342 373 169 618 94 342 249 48 78
24 797 438 714 501 851 610 701 376 889 122 678 491 518 443 151 573 918 951 11 454 327 3 739 485 938 484 30 420 895 480 846 220 634 800 1000 883 625 83 309 703 230 235 580 149 147 965 356 875 238 334 241 448 428 59 221 857 289 331 333 944 886 296 160 668 429 575 969 420 144 508 974 982 340 785 839 730 44 24 670 172 99 473 855 887 723 449 876 293 138 399 642 90 403 733 146 822 838 835 852
565 100 988 758 924 53 111 260 162 706 391 636 207 534 934 47 959 126 518 896 100 962 337 46 937 156 59 377 72 91 434 779 258 666 811 297 273 272 715 329 260 280 259 543 730 860 15 389 721 867 26 501 654 249 989 363 989 665 820 662 490 181 896 962 162 604 17 493 136 356 962 954 487 902 950 360 791 429 722 109 793 859 386 534 84 397 560 865 945 121 345 228 327 702 666 670 63 393 664 390
981 453 135 137 158 0 65 363 378 756 604 164 543 507 969 290 129 123 189 243 473 567 648 318 547 301 990 492 275 568 953 464 519 643 630 254 386 532 82 552 235 897 659 695 1 101 780 930 809 874 805 703 730 234 184 772 24 30 870 702 495 960 784 799 515 470 276 419 65 479 337 592 836 371 807 943 758 124 338 975 931 508 604 643 578 646 6 310 349 692 312 790 629 320 766 238 558 664 377 517
539 580 294 344 470 215 703 78 113 671 324 866 493 106 107 999 963 723 289 511 314 455 452 756 838 261 809 268 243 0 449 669 538 443 207 551 528 900 102 193 809 425 440 940 722 840 290 538 38 112 200 591 283 594 423 640 339 747 217 490 251 519 957 174 803 520 881 19 940 11 690 973 422 382 466 93 126 725 352 159 234 53 537 90 314 450 691 970 513 472 884 412 515 567 47 72 577 957 710 645
269 85 974 551 269 821 748 726 816 645 823 441 132 837 825 448 345 872 156 272 250 134 621 625 375 399 648 375 339 934 897 499 426 505 3 519 786 157 334 20 705 216 759 151 962 706 35 209 649 604 422 567 494 510 337 130 655 786 240 673 570 938 76 566 800 811 620 130 864 268 344 933 858 905 810 976 353 872 476 118 446 985 57 750 447 590 692 919 919 887 179 379 663 494 795 933 811 474 223 445
740 450 124 872 411 569 901 731 17 814 920 476 811 318 144 714 698 605 344 999 46 524 791 368 971 308 97 973 912 349 724 39 519 221 208 516 479 778 890 284 753 559 502 873 638 736 687 7 100 351 485 358 162 345 407 462 858 697 829 594 269 610 866 328 217 470 374 151 402 804 218 251 799 836 204 937 565 562 863 276 497 352 271 805 613 164 680 944 164 724 212 20 46 265 732 322 151 84 751 182
560 232 191 33 661 803 206 14 626 68 836 656 587 124 243 856 972 803 408 210 62 168 864 490 204 100 384 400 266 425 243 752 276 476 39 728 457 662 56 540 853 525 479 853 516 416 701 833 789 851 163 350 948 388 585 406 457 84 13 169 122 862 302 440 890 852 485 540 108 459 966 22 280 547 906 793 733 709 18 481 826 585 303 966 686 153 830 901 21 978 297 312 932 234 38 599 78 716 260 300
162 266 126 949 282 678 882 632 241 752 914 626 350 675 903 69 791 621 863 25 871 511 609 661 448 16 187 889 58 252 72 870 749 122 642 148 801 201 767 44 711 326 92 817 203 451 308 669 544 570 339 577 725 50 409 999 870 49 977 644 559 328 567 252 355 491 662 271 573 876 639 377 713 419 930 175 769 274 935 0 68 780 493 488 701 965 876 584 764 15 908 253 753 387 224 989 812 11 572 287
262 102 800 927 801 749 423 618 992 608 914 637 839 193 596 741 583 486 562 690 10 67 867 750 517 335 441 319 353 706 273 420 497 681 186 844 594 700 66 43 132 895 999 165 874 20 576 377 408 305 439 634 795 582 745 569 266 509 61 584 229 959 528 962 96 846 716 386 12 973 852 359 195 477 422 897 940 95 52 852 451 882 597 444 405 499 264 675 408 466 770 684 612 387 784 415 506 919 154 685
457 326 82 856 963 869 588 863 662 449 871 723 200 822 388 951 22 622 273 9 637 634 156 274 321 683 554 112 997 219 571 824 427 292 949 855 318 903 913 442 281 432 748 511 581 987 991 867 297 75 177 366 814 652 333 587 98 923 813 702 338 82 817 529 717 469 79 524 531 974 423 773 349 745 327 432 12 294 900 813 265 930 553 30 966 274 514 565 33 675 212 830 413 658 958 769 154 398 882 94
119 804 411 829 777 243 203 702 411 202 304 53 344 988 224 478 221 476 760 432 191 755 268 280 980 532 280 470 470 736 454 509 912 292 386 332 163 796 771 882 653 314 176 357 521 487 19 728 546 55 971 916 676 90 490 781 552 315 115 574 213 670 267 238 205 702 790 289 931 384 219 810 474 823 229 799 149 518 814 404 700 930 926 223 526 11 304 426 578 210 670 2 264 1000 750 621 812 227 390 125
431 885 131 777 465 760 844 134 43 551 345 314 766 115 970 360 667 219 936 777 339 921 169 268 562 80 104 104 99 508 914 78 967 555 858 554 123 538 452 463 528 532 752 994 622 937 190 898 745 6 775 925 986 429 473 842 183 566 932 106 746 9 212 66 986 273 395 915 141 768 991 443 131 313 599 651 941 542 562 355 256 853 586 175 933 225 404 215 568 867 156 118 370 839 608 322 720 377 540 954
488 568 882 443 398 377 692 783 107 21 26 862 297 221 981 854 692 914 645 327 65 385 196 390 396 432 771 440 520 358 606 424 936 88 594 730 990 771 276 390 686 685 66 459 118 530 661 662 211 574 778 375 663 718 585 632 182 979 2 820 561 661 212 467 498 441 264 241 239 698 658 754 334 837 471 743 159 736 789 326 629 741 772 293 21 658 327 299 423 483 238 897 22 942 104 649 868 578 322 155
67 261 972 723 120 624 377 267 968 393 420 89 843 254 205 908 177 91 714 673 954 895 414 312 500 974 842 303 971 395 90 811 873 31 346 654 172 781 73 956 115 730 429 453 296 219 613 137 992 276 565 844 385 379 297 262 472 875 412 941 582 500 992 314 256 698 752 310 679 271 683 242 2 687 790 71 326 390 312 431 161 963 234 845 956 669 58 485 547 453 339 999 413 386 276 313 224 200 181 899
560 592 561 370 53 580 427 704 516 528 95 910 937 253 596 914 732 815 234 181 253 180 820 905 277 886 878 62 452 626 88 997 725 528 50 142 102 730 662 131 929 991 94 862 478 322 883 914 379 220 94 249 820 458 296 76 438 974 375 975 780 590 578 133 187 135 429 44 898 927 393 414 458 852 370 951 233 551 689 225 315 866 672 515 957 0 288 122 980 125 464 546 665 830 113 310 36 362 326 316
273 182 134 209 262 851 647 35 114 272 97 83 558 570 168 260 833 763 925 540 53 498 186 793 17 348 907 601 561 459 1 974 890 826 593 26 30 51 269 787 98 599 136 467 918 614 540 244 105 639 872 935 759 834 339 816 717 216 561 74 229 710 385 103 29 725 39 796 19 460 489 558 776 595 779 112 890 725 543 955 440 28 306 995 622 718 171 275 595 515 50 440 686 878 971 531 431 112 610 568
487 231 172 597 296 837 734 45 194 505 401 616 615 88 645 835 117 137 185 240 743 729 704 232 76 214 314 157 238 110 973 53 546 612 461 953 326 387 386 744 376 213 812 573 265 652 921 975 136 908 663 623 97 368 542 944 932 945 272 964 589 746 203 241 673 722 30 162 777 198 910 663 479 206 694 464 741 1000 844 69 873 529 708 77 7 92 161 912 552 893 689 127 807 427 142 319 481 666 176 61
739 783 303 662 417 225 175 360 902 330 987 645 335 775 674 895 438 179 364 24 476 313 676 957 792 668 546 710 610 862 878 822 232 838 803 928 729 684 344 217 753 654 640 638 330 185 702 773 654 965 956 130 164 364 520 537 141 827 982 61 509 273 420 225 784 303 530 534 647 387 837 312 70 803 544 367 5 427 468 568 626 728 769 650 40 40 894 201 144 284 524 634 374 910 333 900 238 646 184 787
485 322 301 413 336 399 431 43 76 84 706 103 512 469 447 410 24 878 781 836 409 755 353 209 727 284 623 528 341 953 484 662 516 421 463 532 350 906 414 826 685 595 720 980 777 931 298 772 542 58 14 635 596 447 556 414 76 231 795 476 40 629 280 686 294 304 281 120 302 557 313 400 5 181 654 760 138 125 487 125 552 103 106 888 741 31 257 602 493 512 332 843 963 257 687 541 12 900 500 944
418 532 798 626 423 332 547 474 408 460 42 755 350 662 509 469 915 648 517 408 228 229 681 912 847 564 799 108 528 944 89 645 12 767 271 261 246 966 366 971 492 844 920 983 844 871 595 25 491 250 50 652 722 506 450 941 765 535 596 126 649 984 93 780 458 580 423 919 748 753 947 578 126 41 970 796 495 626 504 82 299 446 719 587 29 617 365 452 814 568 455 269 226 318 58 310 432 361 619 936
809 964 99 585 752 664 181 821 667 127 525 476 112 884 407 530 57 939 867 851 729 97 758 268 497 966 811 122 197 130 509 852 154 172 176 944 654 21 963 766 218 633 561 380 986 73 16 766 122 178 680 530 134 530 917 558 420 610 500 0 428 789 231 169 517 212 78 843 709 371 921 452 889 217 20 375 830 841 64 131 317 263 904 802 940 225 532 950 442 44 585 511 228 79 190 361 759 720 315 975
533 924 962 101 751 317 299 529 914 877 400 488 514 475 804 175 618 15 353 216 113 866 506 237 518 300 199 879 101 81 960 667 869 601 615 845 102 207 359 673 135 226 113 140 542 234 568 398 302 535 231 277 290 911 123 879 702 222 452 198 196 282 921 839 486 450 163 288 952 500 233 215 667 100 514 151 510 568 918 547 937 861 681 801 250 789 808 719 834 190 607 224 154 655 966 313 64 261 227 752
339 908 457 187 371 898 27 584 421 668 406 795 122 566 645 565 928 337 99 420 214 544 578 558 830 354 318 156 784 68 592 891 312 51 838 246 877 456 811 630 945 781 244 358 574 337 359 197 379 781 304 90 718 558 614 792 255 676 204 111 965 379 0 67 543 562 603 394 620 119 523 42 892 10 324 940 243 847 319 223 452 310 313 132 877 677 415 876 131 869 140 679 216 184 714 567 911 846 872 553
809 178 505 92 480 288 163 778 552 605 187 717 966 892 73 35 811 341 505 445 995 891 307 132 509 382 639 971 662 264 598 372 184 888 177 669 630 773 528 579 960 0 928 127 294 277 247 959 198 288 125 710 103 162 70 23 440 627 784 264 479 856 684 179 510 196 663 540 795 533 237 876 378 976 967 334 51 842 158 688 644 101 409 327 795 618 253 809 724 282 702 589 214 332 618 450 1 862 5 598
