330 210 536 287 980 608 859 160 17 76 402 375 916 557 795 165 343 675 344 62 237 676 319 987 235 860 703 132 390 824 563 287 669 820 779 947 452 373 797 435 648 510 802 242 323 909 140 905 103 219 70 381 258 116 116 498 402 193 570 450 255 16 645 411 997 538 435 871 796 421 315 773 695 69 485 850 211 176 633 449 947 932 355 94 984 8 746 396 289 42 739 196 304 306 690 208 148 48 899 677
571 125 471 230 495 987 59 120 372 478 836 988 867 18 322 986 788 235 604 452 118 855 306 261 601 456 336 497 677 76 474 49 253 437 51 894 588 851 405 376 163 339 808 398 369 455 116 398 930 985 356 469 552 68 519 463 746 991 499 518 935 46 708 53 642 638 633 228 145 619 598 705 681 244 869 760 699 787 794 282 987 414 95 564 194 944 380 693 24 650 592 785 221 478 414 752 983 941 831 792
848 227 319 318 719 358 745 368 765 925 850 378 21 710 369 616 389 665 876 884 24 410 736 161 108 883 55 388 512 103 273 942 378 790 359 877 856 198 1 957 547 204 403 308 352 592 345 87 766 889 642 183 986 729 436 635 192 797 106 57 199 68 72 330 934 530 681 811 788 428 481 483 120 695 677 672 82 211 838 314 215 942 751 44 163 216 14 940 568 261 738 760 566 213 261 830 518 495 336 967
566 289 555 771 806 622 71 663 814 595 363 69 466 435 391 197 827 234 812 908 146 739 541 207 885 327 670 761 203 515 777 507 759 615 161 588 450 167 653 230 809 600 874 506 319 592 825 840 768 248 494 28 856 509 257 93 201 313 123 445 149 593 99 688 782 349 428 634 631 346 483 217 762 207 373 562 309 64 347 819 772 338 736 776 328 593 489 233 435 981 742 520 466 770 364 208 768 858 763 274
518 234 282 200 319 905 430 794 917 512 177 10 72 340 959 751 538 256 915 265 158 38 103 152 384 830 204 277 691 81 227 39 479 998 309 466 370 442 390 103 722 548 843 985 200 394 160 1000 895 405 185 676 684 130 885 415 897 448 339 88 689 644 10 964 881 763 466 161 208 277 181 703 726 528 147 485 817 785 202 77 290 543 137 516 229 491 855 315 639 754 215 556 820 899 896 650 954 48 44 326
766 153 710 914 816 569 489 924 930 180 449 993 845 161 713 105 173 385 110 639 82 712 681 803 920 991 304 321 212 939 335 38 870 46 892 800 359 274 263 948 389 197 351 242 869 416 503 159 921 538 396 781 565 371 999 378 3 271 251 747 154 250 320 879 923 358 99 695 482 890 466 472 73 395 399 814 657 758 275 773 54 823 478 918 433 427 634 728 331 941 339 594 52 612 435 772 478 68 165 134
764 896 382 894 632 480 898 270 374 35 976 542 168 691 818 30 413 192 75 256 262 832 356 499 419 624 563 874 300 143 970 175 50 491 66 437 731 530 467 284 753 157 551 773 295 768 456 463 837 67 569 24 291 481 728 895 960 685 4 406 885 644 278 573 684 29 139 130 78 607 189 779 321 324 591 87 477 978 338 553 905 962 401 998 330 2 925 799 747 101 933 888 35 150 961 917 320 294 283 768
467 158 389 999 338 462 513 610 617 312 886 162 796 31 269 948 615 564 301 942 903 628 308 83 177 271 374 246 761 414 419 114 682 521 361 7 859 763 618 90 464 195 167 64 25 187 272 833 37 95 445 974 427 867 459 58 622 375 263 550 213 196 211 106 982 790 69 896 973 241 602 877 345 167 392 626 466 280 588 607 211 865 543 165 109 839 410 60 831 902 103 872 309 893 922 206 888 860 901 576
90 429 395 60 44 694 623 739 871 437 113 348 344 950 381 256 13 333 377 720 612 651 370 131 481 846 609 734 834 570 231 555 349 745 906 685 940 520 876 939 549 9 46 242 800 896 886 513 235 868 156 913 664 170 756 949 666 304 101 99 197 773 123 918 950 84 969 294 462 823 972 408 831 374 164 156 529 51 12 385 20 783 621 116 326 372 937 104 621 911 848 63 171 285 313 463 392 977 823 694
827 702 291 354 74 868 964 550 247 575 102 156 804 145 808 434 490 960 835 213 749 216 768 633 934 955 794 884 688 743 560 133 964 85 128 576 983 904 629 458 472 538 207 883 829 733 223 606 560 623 127 272 777 123 89 834 96 280 818 129 59 675 950 547 434 770 590 345 464 8 89 603 861 747 547 296 889 561 639 122 323 880 293 889 686 470 265 977 148 119 955 331 52 478 523 955 177 585 981 896
75 272 518 398 67 989 36 182 549 393 182 443 692 151 274 513 214 995 760 968 761 869 62 598 442 262 935 698 289 1000 921 4 186 595 270 817 438 679 935 220 169 131 457 498 30 214 825 338 822 94 130 932 804 479 868 434 237 812 613 626 280 652 565 927 854 271 519 382 143 82 860 419 163 335 619 797 483 299 879 272 262 807 417 818 959 997 46 624 71 493 177 898 408 434 246 61 203 283 748 940
375 458 202 799 719 740 218 751 880 392 823 675 104 738 784 596 4 473 307 703 517 607 609 65 812 941 981 379 69 957 693 489 832 143 98 41 86 77 718 981 368 351 176 374 832 178 661 563 319 783 63 663 997 281 926 841 627 847 168 78 516 618 141 927 253 230 316 630 308 131 997 266 407 376 775 351 654 569 708 733 5 396 832 975 263 381 713 987 416 568 911 651 573 28 965 454 191 80 788 660
378 251 471 834 950 1000 481 754 44 647 200 633 613 683 121 84 387 866 86 373 268 707 497 645 686 22 815 429 244 142 417 111 306 387 422 51 757 909 560 58 157 558 511 672 225 607 977 641 125 530 72 34 288 319 305 195 16 665 47 913 674 536 354 367 585 606 75 669 878 401 234 782 202 494 490 530 88 196 115 787 146 607 897 999 888 476 170 372 766 404 601 277 547 517 51 208 441 345 706 971
742 425 401 499 303 751 628 409 620 304 448 47 565 827 762 466 831 701 371 970 688 615 521 700 859 575 386 841 510 87 745 54 734 887 213 611 563 3 22 623 680 491 899 364 178 484 577 893 790 297 232 769 619 716 960 289 259 268 747 10 100 730 357 216 657 401 795 587 661 680 866 43 530 547 988 406 970 342 542 152 423 597 642 307 23 80 566 744 96 592 592 82 827 520 32 706 111 311 902 200
524 552 705 852 946 95 895 293 392 288 959 549 229 711 358 36 784 840 142 928 217 234 927 728 891 74 999 627 238 525 37 242 744 951 265 205 360 741 641 782 571 637 781 557 398 759 909 792 806 743 374 240 670 61 660 158 626 687 91 292 182 918 96 967 671 70 966 925 597 620 906 305 173 740 490 619 458 612 422 92 712 251 232 823 957 342 209 14 611 935 764 434 263 978 867 447 629 168 699 856
157 759 351 23 794 522 472 481 401 608 683 503 852 61 866 991 274 158 255 742 301 269 382 902 616 87 973 656 745 83 997 751 504 929 43 244 651 661 973 712 281 241 558 739 394 455 42 651 846 787 160 57 983 117 346 253 601 769 312 512 778 141 313 833 25 792 830 849 476 108 830 359 380 233 260 597 123 597 429 360 100 720 688 819 396 80 496 423 222 723 978 660 654 998 375 953 606 635 690 216
978 655 56 759 68 341 642 825 984 468 262 716 406 664 158 120 688 707 443 8 947 792 174 933 451 148 911 360 73 348 882 248 699 500 847 300 647 965 504 791 217 633 763 237 598 813 889 637 349 793 512 270 119 24 58 368 447 415 295 61 817 463 406 25 327 400 646 502 13 565 347 211 978 10 78 43 558 797 615 103 139 793 377 219 769 522 418 707 77 294 33 118 35 963 130 865 749 201 680 555
938 440 376 998 173 445 263 660 359 603 298 183 343 671 907 242 459 70 230 122 178 876 237 933 634 248 98 376 788 389 564 113 568 873 322 201 424 706 938 573 808 175 453 657 25 46 673 201 436 961 197 936 600 989 242 721 774 429 730 413 160 238 575 765 324 588 983 634 837 965 443 3 765 999 990 560 80 828 853 552 952 152 88 20 599 44 854 888 261 322 845 826 735 427 403 487 815 578 420 994
188 705 492 680 847 247 725 11 80 102 236 210 563 596 728 811 793 597 646 714 344 661 129 593 445 640 340 230 547 35 138 819 740 885 457 167 11 227 871 662 899 279 687 653 837 399 283 22 434 62 571 154 527 873 496 642 2 499 582 12 688 755 75 778 587 415 11 53 680 118 815 341 620 849 679 654 776 872 688 475 466 887 748 45 250 746 886 525 578 725 425 138 194 217 370 572 774 411 656 282
364 233 912 42 702 315 346 309 282 471 97 600 545 857 391 867 483 987 860 639 414 471 484 648 630 145 253 293 572 446 133 485 905 36 107 327 503 812 109 223 582 148 668 827 235 496 511 375 987 972 596 778 372 29 747 226 740 975 846 217 318 680 487 746 608 441 581 465 513 891 2 337 507 130 222 327 3 390 981 515 884 694 457 314 613 174 820 698 438 627 905 202 164 555 603 604 222 183 940 633
597 522 334 716 839 513 621 795 568 11 8 789 438 986 543 342 851 531 525 573 34 186 317 65 499 759 727 963 607 479 194 244 153 289 708 115 938 737 981 971 672 893 961 428 363 996 93 980 714 417 497 574 488 224 843 932 244 902 344 575 180 659 927 47 423 841 352 417 26 317 295 931 345 377 816 344 425 80 883 91 607 313 286 371 293 81 217 310 557 708 777 189 799 14 898 524 585 271 56 502
594 304 571 254 674 896 481 479 814 809 245 0 713 727 391 588 589 494 474 218 201 107 178 780 272 82 770 47 575 580 537 786 896 481 295 82 994 860 947 739 193 395 190 176 570 464 367 510 853 182 605 924 639 689 273 323 412 789 30 996 994 825 41 468 362 155 149 154 219 331 979 971 12 776 343 575 825 497 65 605 63 415 425 121 298 347 83 102 107 55 133 203 611 739 50 386 792 186 512 236
527 593 74 88 675 728 66 425 461 689 161 131 601 456 151 228 635 790 228 409 979 990 763 110 403 911 627 522 861 680 229 929 332 437 105 294 578 172 952 406 932 101 131 234 74 540 62 386 876 873 395 573 297 61 801 544 838 409 495 907 886 279 748 402 618 339 970 75 342 930 637 318 890 794 426 578 757 772 323 768 249 935 798 163 537 362 596 150 651 900 463 656 721 748 481 983 656 886 140 837
320 852 865 161 813 254 829 756 242 342 590 737 109 291 80 285 166 133 191 414 76 521 672 341 682 164 392 193 435 107 261 743 767 142 396 682 613 205 445 173 919 115 308 357 616 462 117 237 110 325 656 916 825 32 321 329 660 987 729 2 205 509 640 813 38 316 660 380 639 317 655 552 786 711 867 817 499 320 640 550 632 135 426 316 589 189 800 907 818 703 586 618 603 407 930 749 393 726 858 30
297 295 394 254 428 531 797 726 965 714 975 569 48 6 95 333 598 344 633 450 708 329 412 617 719 712 197 569 702 115 590 542 358 542 290 256 790 519 378 80 69 787 514 935 259 255 664 767 473 757 970 91 891 515 776 740 33 435 975 253 478 789 578 437 115 45 226 773 433 348 24 699 546 601 243 784 309 966 599 146 581 164 767 720 67 115 995 357 933 445 322 212 594 385 20 243 59 901 251 197
144 457 665 794 463 147 785 469 664 214 887 990 964 316 802 541 230 922 92 206 313 287 187 533 104 865 279 68 761 968 895 258 679 640 99 976 321 592 246 923 18 241 720 985 849 883 764 416 690 822 124 885 594 887 587 569 650 953 379 800 837 109 730 774 429 601 619 228 202 742 932 489 323 628 352 232 512 986 315 223 496 985 985 218 107 798 50 18 802 982 935 376 532 562 698 187 987 821 49 701
209 265 609 396 601 153 231 322 245 296 147 795 555 270 468 160 991 645 277 283 890 605 323 946 371 219 605 263 298 427 477 489 468 194 378 370 926 330 228 284 975 104 836 755 752 451 752 67 153 788 108 773 73 786 1 360 263 18 711 290 847 59 661 278 925 45 960 932 461 445 104 585 813 581 416 94 918 384 637 494 560 877 439 388 442 894 293 172 447 522 628 739 783 340 424 158 563 554 312 629
542 519 644 438 74 31 33 152 847 520 307 481 949 256 177 201 419 943 463 195 558 151 572 141 880 85 789 333 566 907 500 997 42 954 770 519 306 989 311 775 393 59 849 729 511 839 833 41 525 902 649 588 472 918 246 616 812 685 751 662 483 442 826 455 924 918 895 151 234 913 877 734 95 140 129 610 417 463 821 823 960 161 441 821 792 440 615 246 324 659 309 606 100 4 500 684 715 596 89 360
385 641 77 979 51 429 835 326 253 231 22 129 205 884 609 719 429 187 844 560 843 468 923 543 364 11 781 830 217 62 814 841 967 456 486 794 485 275 113 165 47 139 632 245 662 291 247 102 289 339 950 473 198 311 47 260 503 608 462 993 488 973 747 985 574 678 74 562 92 985 175 185 423 389 644 80 716 811 887 322 186 58 255 444 537 915 955 178 742 594 860 404 956 102 322 642 516 735 489 886
537 494 344 844 157 426 484 112 474 977 120 568 741 563 933 359 213 944 606 804 444 557 943 923 419 328 759 556 130 959 13 414 594 648 410 651 129 349 15 440 24 607 627 38 37 218 469 636 492 941 790 809 555 875 8 85 927 225 783 20 1000 908 517 429 530 565 201 662 204 305 112 992 474 666 552 734 44 411 573 798 96 76 837 830 124 275 204 26 607 500 211 930 509 507 366 161 375 282 254 123
306 450 592 526 652 149 146 634 260 820 206 568 965 888 240 326 254 29 343 548 384 830 538 37 952 218 339 876 353 123 151 356 604 55 620 268 584 155 389 432 645 294 292 880 900 237 40 891 385 55 870 884 166 779 978 878 513 557 503 15 58 602 384 944 759 519 990 292 231 555 908 906 454 982 341 858 723 774 7 910 944 986 410 202 720 954 316 178 602 329 279 828 783 429 398 32 723 687 958 389
381 915 300 140 911 203 849 35 772 497 39 428 822 983 807 825 562 854 278 344 528 381 868 159 129 766 436 691 170 98 136 425 466 61 526 603 894 214 42 686 415 723 329 978 942 608 681 602 641 29 407 405 998 634 804 71 670 5 391 674 545 864 650 238 690 249 889 562 742 326 368 878 253 581 677 313 369 974 1000 204 167 215 857 836 140 183 926 499 371 238 649 774 580 302 261 231 163 928 979 648
995 758 35 403 740 829 600 991 309 818 340 436 492 164 699 75 892 852 92 769 622 215 789 609 183 39 431 190 854 634 293 447 541 412 938 784 800 624 877 20 273 521 45 263 471 662 54 299 190 210 165 605 84 849 351 736 498 554 228 295 334 465 844 801 347 832 993 570 551 714 503 400 178 28 507 227 992 424 366 552 884 183 587 755 78 587 819 563 453 121 67 762 103 251 856 857 558 103 250 349
406 857 513 968 990 281 246 439 498 815 683 686 736 206 559 263 62 603 135 886 720 917 338 705 295 712 928 390 868 901 931 565 737 508 270 408 49 360 9 174 858 959 262 196 214 762 568 33 41 833 807 851 769 0 151 504 647 921 709 33 861 807 666 472 970 781 576 693 515 480 7 338 206 391 815 149 947 53 648 828 416 818 749 778 246 503 255 91 159 546 425 198 41 642 769 59 11 811 253 873
875 647 170 59 342 584 935 599 817 153 980 199 417 355 735 354 413 344 756 3 360 17 311 912 92 705 601 703 643 527 715 878 492 137 563 878 712 801 475 425 587 1000 536 708 622 264 847 442 191 498 441 292 171 295 505 668 779 406 997 734 1000 156 233 327 395 226 1000 121 959 508 286 68 671 192 177 985 579 71 978 168 671 664 596 278 296 304 862 60 98 791 147 916 148 274 613 639 88 953 504 308
711 560 288 323 232 429 847 27 526 70 605 174 699 946 162 39 152 214 17 659 466 767 520 953 388 929 52 460 587 569 1000 917 379 868 98 799 897 858 371 154 681 213 194 887 934 739 227 541 532 701 762 640 801 1000 455 688 70 339 911 162 629 982 117 450 705 38 692 381 851 204 918 822 495 248 920 810 278 453 876 825 570 536 322 680 348 900 5 163 795 371 507 387 556 533 537 633 597 885 598 560
127 293 165 547 652 674 479 239 332 389 123 636 306 10 303 265 986 793 917 95 107 601 144 654 788 459 633 786 634 585 978 927 289 969 845 256 585 97 935 809 259 308 515 34 276 87 402 157 103 168 430 374 207 53 318 995 649 585 170 718 185 557 532 15 165 906 567 552 224 638 139 576 939 284 468 923 9 719 724 233 432 910 87 456 337 542 319 981 652 710 288 637 524 889 850 873 21 410 246 804
65 308 436 158 867 752 23 782 979 394 970 182 131 468 336 124 69 998 203 559 136 329 947 336 490 701 324 838 988 580 863 794 791 402 489 839 71 967 128 822 48 793 559 767 516 625 918 182 306 911 611 525 729 852 92 386 768 156 824 491 68 811 907 898 691 115 425 642 222 920 481 720 751 242 764 7 423 553 812 66 923 622 185 646 396 837 391 746 272 35 836 115 748 629 261 248 157 559 660 666
507 611 715 853 857 149 89 429 712 78 424 853 628 804 682 767 377 351 471 569 333 374 356 264 311 728 836 35 606 892 183 448 81 396 545 898 909 134 447 82 512 844 686 874 907 567 674 803 864 669 901 614 310 583 762 754 389 589 879 245 640 140 182 528 277 996 940 479 500 19 738 899 480 199 598 191 475 788 591 547 189 989 353 429 14 307 536 561 740 284 916 33 225 515 746 529 743 264 572 271
653 723 960 79 736 71 505 712 425 506 339 760 367 54 443 839 730 354 488 927 358 769 409 999 653 856 146 929 483 515 257 211 806 887 66 553 353 877 65 645 592 97 814 486 958 37 1 799 132 502 150 903 602 357 922 379 951 484 265 808 105 301 711 695 247 411 531 847 984 825 200 195 745 340 14 950 394 913 637 406 551 493 448 687 864 808 785 457 298 921 899 692 768 309 373 342 561 505 471 741
105 179 841 291 373 943 752 251 357 576 891 707 262 658 419 891 204 488 320 683 927 634 756 263 811 709 708 38 139 991 270 499 577 160 390 730 346 320 66 231 187 556 363 121 715 428 627 239 354 137 128 607 975 36 739 470 65 392 942 306 102 548 656 876 725 30 878 729 750 801 422 283 228 459 326 581 733 727 94 725 180 446 531 322 356 242 814 573 544 988 252 531 937 33 968 751 894 417 846 66
677 209 254 762 149 876 403 495 635 789 293 361 776 102 520 475 595 368 972 509 332 670 803 762 119 525 710 389 940 255 57 405 44 34 631 881 117 688 358 666 357 38 562 426 412 300 71 14 430 370 791 217 431 114 483 856 968 104 112 905 235 994 206 775 46 734 659 914 798 460 958 296 510 239 396 175 884 569 250 714 135 34 482 456 370 997 4 343 379 487 34 305 885 138 976 251 813 501 791 726
266 381 80 238 211 576 176 127 116 806 437 791 639 209 570 644 806 162 153 336 776 407 994 418 644 627 674 847 740 729 526 730 867 376 28 122 83 103 620 340 393 630 92 356 907 315 643 562 749 48 187 574 416 879 821 535 675 209 247 507 802 389 474 262 738 543 957 859 691 500 471 848 30 749 849 549 356 819 198 634 377 507 636 17 717 849 645 265 737 482 1000 870 114 925 778 544 692 201 442 219
133 0 140 665 889 597 393 760 9 279 687 368 259 215 320 632 566 523 991 166 111 194 449 642 421 108 577 231 240 331 466 511 904 371 290 960 868 382 470 791 994 938 285 863 738 902 903 896 140 933 506 913 569 841 973 312 474 282 960 156 698 457 563 181 667 519 185 992 923 801 740 247 838 292 264 423 612 26 314 474 628 801 263 577 822 75 100 42 312 68 451 841 520 326 649 659 27 354 152 319
913 311 402 690 528 73 181 625 340 665 109 493 627 720 14 594 235 380 355 881 364 44 33 226 873 428 819 254 866 373 558 980 799 971 494 452 982 825 582 729 673 376 367 303 278 99 230 569 758 846 891 589 372 872 994 22 622 461 119 665 871 543 270 795 885 737 679 561 16 112 645 8 466 472 49 634 526 416 57 146 235 225 482 72 783 5 817 823 723 752 954 161 599 361 631 553 193 618 888 523
861 934 19 263 282 775 569 979 362 147 765 395 230 157 535 526 551 49 332 135 404 30 24 785 933 558 454 646 21 593 439 323 31 555 256 453 68 858 621 827 923 389 64 485 725 282 919 527 459 181 856 280 822 314 867 221 281 297 786 681 268 819 3 988 903 277 824 724 912 86 914 650 519 838 820 844 907 364 5 796 40 258 388 617 135 305 987 157 554 321 867 270 11 403 802 331 455 646 885 551
362 598 486 383 16 809 409 397 82 615 33 971 719 518 985 652 257 341 464 573 643 484 692 160 743 273 433 205 831 259 887 47 629 821 849 217 668 107 934 738 252 333 171 840 479 240 43 58 588 61 299 14 129 278 164 985 185 808 546 519 346 505 664 857 975 211 236 796 791 340 52 238 813 572 927 553 757 648 14 730 969 540 368 933 295 408 251 318 821 418 746 248 103 400 186 273 230 216 99 786
986 554 435 799 148 29 406 540 826 449 714 50 974 268 224 50 67 501 251 170 859 214 635 137 18 349 183 953 59 234 459 997 485 95 258 82 15 235 616 14 919 783 101 871 738 110 824 937 721 174 786 254 52 191 359 558 630 490 634 526 214 878 301 992 443 507 23 973 606 155 552 240 135 277 846 482 884 759 426 984 539 4 213 39 156 850 643 133 492 803 422 574 468 965 624 826 518 315 382 691
780 366 388 865 969 531 845 639 192 311 318 720 582 154 279 573 584 90 374 603 904 481 807 373 392 595 635 477 411 429 692 826 573 745 331 819 502 222 86 927 599 626 90 742 109 705 597 14 178 983 377 801 51 736 525 978 761 492 195 329 44 393 688 370 662 841 235 138 206 558 457 221 27 883 295 552 451 263 318 399 173 443 876 380 596 845 170 978 263 312 145 503 422 132 962 741 557 77 393 433
643 943 616 932 739 188 375 608 778 819 493 9 707 314 521 638 356 66 458 53 423 917 337 938 461 759 583 500 949 932 971 809 256 286 271 516 262 282 546 342 614 871 26 53 109 782 179 197 127 225 650 825 387 598 933 348 195 585 280 712 723 197 423 52 585 437 785 910 437 271 828 289 953 363 812 376 357 729 764 562 792 680 526 662 259 892 614 227 200 109 580 268 989 821 925 846 236 496 918 98
112 174 559 323 206 286 245 843 202 10 385 523 676 392 748 413 726 719 668 113 464 907 898 987 763 285 210 161 584 957 562 54 349 17 366 140 484 964 223 123 84 858 106 455 665 55 369 340 544 294 333 674 201 880 258 65 292 548 222 362 191 568 509 151 969 108 370 214 210 609 473 715 657 153 906 149 671 577 826 799 909 425 402 862 916 312 936 83 684 124 22 815 646 666 988 517 106 366 596 361
462 375 325 44 265 127 677 75 714 788 100 950 774 0 893 816 723 247 331 569 640 401 472 145 388 617 488 809 344 820 438 765 280 104 539 978 512 84 868 78 570 362 434 250 45 887 752 458 432 275 555 129 593 38 417 116 790 1 191 304 976 884 361 949 868 79 626 907 516 533 155 406 122 314 55 677 193 390 572 433 712 506 813 922 577 949 523 596 452 592 664 770 437 538 587 232 506 108 354 856
610 291 168 305 248 507 160 581 416 261 634 754 692 33 565 66 338 843 173 249 799 334 206 321 573 520 811 296 795 77 436 807 265 204 635 670 486 816 254 733 104 778 978 44 360 404 257 340 673 801 721 561 6 1 961 346 551 534 465 931 416 472 495 294 347 15 14 593 633 172 594 29 399 309 7 537 69 20 235 605 468 728 491 845 109 476 863 448 774 841 412 667 400 287 443 752 108 469 493 881
383 316 325 891 90 902 29 131 695 681 864 151 461 827 382 778 143 877 306 109 749 344 964 78 318 338 274 818 634 468 526 704 272 706 930 131 129 852 510 940 536 641 270 671 709 671 305 429 657 468 573 170 269 153 619 978 55 497 145 69 495 128 852 880 498 63 713 239 791 197 882 368 538 225 123 922 507 430 10 215 337 317 919 713 968 863 429 875 374 73 759 862 191 360 302 41 917 212 385 666
799 63 657 711 901 177 39 983 532 943 581 136 112 711 557 345 447 941 520 617 292 556 36 579 85 34 921 501 770 403 325 672 893 834 261 426 342 570 664 807 322 29 331 995 765 369 898 703 449 152 811 686 971 802 935 207 382 698 192 290 985 585 853 446 667 670 289 260 55 316 369 601 889 709 500 681 244 114 619 531 630 501 721 167 762 522 603 29 761 138 790 333 524 21 32 369 213 659 534 488
872 370 622 526 714 641 238 375 150 241 26 426 779 772 730 680 287 766 785 126 243 826 667 734 279 473 259 242 32 14 276 240 737 364 520 710 620 27 836 559 292 105 724 755 822 373 830 415 636 812 614 938 560 234 249 899 966 797 910 713 738 398 369 258 771 837 906 826 360 69 943 276 469 754 659 545 262 785 473 382 347 178 501 728 902 470 351 442 760 7 825 552 894 869 66 23 196 983 251 389
97 289 107 590 231 944 708 686 6 927 844 767 6 633 722 137 307 591 258 53 110 904 785 918 284 330 254 636 311 63 601 486 943 195 495 298 288 858 473 205 549 537 941 77 569 237 231 350 685 105 338 693 195 705 545 243 971 47 501 69 392 603 754 971 563 587 833 531 183 534 630 693 783 863 440 929 444 172 698 203 932 842 246 767 52 488 215 178 15 366 491 453 731 417 94 196 242 977 750 729
698 388 249 552 785 309 974 157 438 889 605 14 748 770 23 662 889 245 977 113 182 654 379 352 51 994 855 400 705 738 831 733 810 245 347 284 217 416 282 245 534 227 947 387 499 667 409 779 822 717 733 855 597 502 794 328 15 777 964 494 732 367 750 586 38 633 461 474 363 76 498 547 320 860 585 526 699 992 496 156 401 22 887 587 300 769 630 934 416 905 77 103 261 108 75 879 306 106 583 398
685 234 890 15 60 516 198 980 993 790 494 778 740 256 127 835 665 942 783 472 49 528 239 429 225 787 188 52 301 763 837 592 804 398 576 322 348 337 834 570 375 450 946 739 956 504 167 469 663 509 331 21 277 496 954 696 300 843 896 682 127 853 760 929 202 205 847 531 395 574 585 450 281 285 762 288 254 587 700 517 631 170 662 369 547 385 719 584 679 262 813 326 959 878 279 39 218 563 702 824
237 246 690 36 3 954 613 347 297 612 224 94 912 110 444 683 669 604 658 84 14 59 400 655 739 614 610 456 681 997 129 698 786 145 197 829 357 128 795 740 233 996 172 795 369 104 734 6 805 301 935 159 915 25 419 182 998 284 806 482 869 984 921 946 826 746 161 628 510 42 582 543 103 105 586 11 907 105 589 798 829 626 595 954 403 821 152 265 22 318 505 235 25 611 213 640 417 325 799 542
990 120 629 232 392 247 743 971 746 284 495 10 624 997 669 92 512 659 42 86 476 88 347 590 152 342 782 967 741 309 598 595 308 742 135 168 278 538 480 462 148 341 378 649 983 684 239 917 135 29 960 210 66 930 419 553 669 153 338 140 924 840 109 180 868 720 917 197 458 102 615 219 879 715 273 564 873 497 717 867 174 857 417 277 241 370 386 92 418 451 338 310 826 358 59 424 628 725 117 963
835 197 556 307 679 368 822 790 827 139 224 520 849 807 189 481 16 152 520 212 613 142 389 843 433 233 344 472 470 597 456 773 867 696 906 458 296 646 600 261 477 898 184 32 876 575 511 300 349 500 880 784 56 917 864 788 943 478 768 938 659 701 405 787 859 32 485 119 47 823 384 979 261 942 646 957 439 518 50 315 367 585 452 115 40 529 855 895 797 578 491 599 0 156 522 59 61 256 151 454
733 44 986 304 346 164 531 617 181 306 32 996 13 573 512 278 100 718 298 119 808 596 7 683 65 773 608 544 751 211 133 130 160 600 414 83 277 476 952 734 810 742 865 176 764 113 525 679 551 844 288 432 419 413 15 817 176 900 624 701 932 579 788 408 314 650 684 69 724 948 377 185 326 550 61 704 145 871 684 203 593 956 732 839 277 267 944 627 209 764 194 25 117 571 75 94 182 245 765 711
815 862 314 979 811 449 35 712 838 116 443 751 723 281 287 117 598 908 225 401 538 385 591 666 307 36 26 203 253 107 838 729 400 632 430 369 429 47 468 563 893 246 399 250 548 172 173 748 921 532 123 150 563 591 596 449 407 113 369 162 756 441 913 257 527 39 622 176 22 684 316 317 416 97 700 71 534 206 588 510 596 123 159 782 551 125 533 661 235 169 35 723 21 773 126 337 183 960 706 918
75 667 428 611 148 683 666 776 667 55 309 919 757 540 763 835 166 121 22 831 234 698 161 315 856 449 984 46 981 547 786 643 45 795 803 159 631 423 603 932 87 675 732 564 128 248 300 112 510 710 563 947 670 649 777 105 344 938 604 748 915 235 513 366 675 869 165 943 694 644 437 525 338 884 577 272 42 265 779 992 438 894 793 367 141 363 144 398 771 626 898 987 194 675 378 52 950 0 159 742
398 84 979 570 956 78 553 997 266 290 594 565 565 144 272 147 992 862 324 483 690 585 657 264 221 760 134 0 174 93 898 891 404 902 895 922 334 89 662 639 698 958 626 843 469 872 883 1000 902 284 739 500 215 559 69 703 724 808 64 891 644 140 148 866 538 336 331 857 821 29 500 184 268 843 600 927 525 444 644 286 666 850 808 884 545 392 281 475 372 612 728 981 819 203 296 399 952 688 40 166
313 32 920 150 668 652 967 752 369 673 452 87 970 57 47 329 750 44 608 405 728 586 297 889 432 794 616 130 591 482 769 470 258 82 581 995 661 828 611 932 821 164 417 939 381 391 310 995 697 974 561 681 297 159 414 845 995 610 129 440 923 596 155 708 172 428 641 158 128 329 610 3 82 734 980 448 691 431 434 371 397 963 509 966 888 258 340 759 879 867 874 232 800 593 671 69 614 89 986 801
409 78 279 257 58 296 982 753 207 543 58 155 223 718 531 56 582 463 926 922 263 820 391 972 855 243 705 851 950 574 848 498 659 282 765 335 341 475 957 496 226 923 528 863 1000 637 527 477 557 729 672 302 392 753 622 147 222 80 858 35 51 860 564 377 118 867 581 880 629 453 211 488 81 23 870 971 919 270 489 372 905 566 247 139 18 679 92 830 673 668 106 718 993 813 383 930 535 860 796 40
344 793 307 238 963 678 953 82 694 759 581 107 533 377 449 633 500 559 342 158 877 963 81 434 362 612 815 482 513 911 216 901 524 31 388 585 538 971 287 899 248 456 767 187 381 180 30 799 244 148 276 594 279 33 489 96 284 52 809 60 157 664 354 647 786 28 393 522 643 46 336 479 646 802 40 520 465 635 563 946 256 3 653 310 432 502 688 336 497 24 122 728 602 470 522 280 978 255 532 864
535 763 958 186 651 169 897 56 44 448 518 708 297 615 591 853 85 311 863 479 110 795 31 501 686 996 867 703 388 148 214 387 509 990 325 667 575 135 835 248 721 633 197 758 702 885 594 288 583 217 92 79 642 713 874 285 860 266 135 585 156 750 450 626 477 602 700 924 311 873 811 19 882 78 222 315 853 510 170 47 761 456 819 250 619 215 45 700 275 127 541 566 747 368 568 504 355 960 470 291
117 725 743 925 921 177 7 701 962 272 339 701 6 162 944 424 22 186 816 203 647 129 154 327 63 936 771 762 735 526 619 915 817 765 58 108 252 425 118 750 865 327 807 968 149 311 723 923 141 178 844 465 160 463 336 934 360 293 807 723 495 33 252 526 432 394 560 919 881 674 962 960 727 265 885 414 826 113 408 311 688 177 661 860 996 256 328 824 603 285 421 346 409 139 494 526 961 164 455 659
573 372 99 643 789 41 108 44 607 209 964 112 376 328 814 949 549 675 595 463 509 970 770 599 185 107 920 492 839 998 5 578 504 476 831 770 798 345 243 93 179 980 634 812 79 480 737 596 902 861 598 942 592 408 147 778 715 257 675 515 98 164 658 528 207 587 797 271 762 877 77 641 435 53 334 893 517 421 806 483 766 204 69 333 259 93 635 472 796 998 149 73 836 614 881 224 840 697 753 546
459 918 682 601 340 82 586 652 215 79 646 584 392 986 448 356 299 196 402 544 110 902 15 315 562 771 95 541 451 560 461 697 178 933 771 981 834 698 887 162 516 318 300 188 387 549 18 269 33 964 527 366 352 874 509 687 604 531 811 806 654 186 692 792 437 432 592 894 403 768 327 419 598 249 923 338 389 325 9 854 505 143 589 724 135 437 821 323 380 116 362 269 278 570 141 816 953 466 421 469
29 50 740 610 38 214 628 771 491 379 464 421 839 942 211 370 38 492 662 69 941 882 553 337 649 567 88 844 88 737 41 954 13 9 137 846 712 365 574 140 667 949 171 12 951 805 748 952 844 667 953 92 153 509 787 294 76 726 329 979 29 298 313 193 696 765 434 211 359 394 414 534 981 613 984 806 187 151 365 130 891 459 873 682 509 49 168 881 292 684 989 97 115 383 259 140 940 938 427 336
258 171 335 0 539 997 303 441 208 630 689 921 874 285 1 315 16 821 25 695 184 271 200 283 916 351 412 972 153 396 576 580 173 924 697 531 180 748 42 691 199 263 488 996 996 331 399 252 453 999 891 202 32 670 477 864 526 524 133 403 466 559 764 605 110 267 685 327 919 4 567 830 257 306 993 888 231 91 284 33 588 794 138 20 971 695 889 623 467 101 793 64 753 621 290 509 872 554 518 196
75 823 673 545 713 290 616 9 569 419 532 476 518 910 884 82 631 681 350 445 369 51 528 978 768 580 829 606 443 69 659 294 336 988 766 555 960 152 403 587 370 716 39 546 294 32 963 637 12 295 208 704 981 507 780 418 320 958 249 40 501 491 95 959 510 724 399 170 129 330 116 654 176 363 427 504 930 884 398 747 845 893 721 258 189 769 965 12 67 136 648 986 65 446 267 889 235 512 288 476
848 518 695 705 739 700 603 909 785 159 723 345 254 498 792 19 688 334 145 518 526 717 828 152 253 750 772 225 212 977 193 148 998 140 185 450 143 941 68 63 98 903 849 642 629 719 80 654 465 423 615 250 775 844 714 424 288 876 540 251 62 65 863 198 403 33 530 195 734 455 920 151 825 488 151 822 640 311 818 386 801 811 732 171 426 870 260 51 726 119 22 186 763 647 480 749 62 995 377 622
16 392 510 146 569 103 106 689 349 430 30 55 717 932 128 410 900 144 241 745 640 143 983 214 228 944 288 12 360 956 798 571 873 888 961 558 260 443 250 328 319 716 313 661 742 601 307 675 217 288 978 749 24 245 653 52 738 621 794 723 662 560 427 108 956 235 182 137 508 182 206 792 140 752 309 138 424 407 26 874 614 189 70 968 778 264 162 481 980 319 475 44 536 870 353 78 975 937 520 743
502 426 522 264 318 123 297 110 205 659 97 9 233 341 501 44 770 500 663 741 693 269 686 658 795 865 841 837 116 361 888 396 835 154 415 987 803 919 952 900 78 740 294 97 733 289 903 226 454 890 349 652 363 892 289 865 45 154 586 218 708 507 946 934 716 304 566 675 713 108 810 551 143 171 510 413 387 83 150 47 212 930 221 6 76 214 326 738 298 629 270 154 701 838 366 231 354 199 210 274
885 959 860 492 593 972 48 467 365 897 916 598 704 378 838 133 394 674 661 349 115 582 449 48 93 848 166 412 34 32 972 498 450 883 856 697 419 352 869 259 760 751 871 287 922 731 311 23 724 441 300 27 870 411 584 822 691 776 811 593 559 81 206 177 411 118 958 295 483 120 161 56 407 79 525 757 897 18 478 370 305 882 65 601 554 851 818 350 291 953 482 81 668 974 367 314 724 873 430 492
362 345 986 664 41 990 609 500 782 240 43 928 623 346 223 956 335 896 53 764 37 153 741 866 186 964 5 59 603 457 593 228 899 517 544 847 207 59 103 977 148 324 118 143 868 68 59 523 93 463 660 67 154 714 832 57 578 701 247 65 257 210 70 561 856 6 351 614 310 625 518 764 234 588 755 885 287 67 41 754 252 517 679 673 352 473 131 938 824 822 672 457 593 268 854 628 683 930 649 799
691 464 790 621 584 249 908 446 14 206 733 648 326 504 274 125 636 703 543 112 125 747 3 97 524 727 529 39 716 741 338 568 929 994 543 667 768 859 978 904 575 962 654 560 298 527 628 867 169 919 157 549 251 329 658 520 473 188 985 898 1000 443 909 849 896 148 338 321 128 124 339 764 182 661 501 118 805 136 122 292 365 440 661 721 390 459 5 365 542 811 824 150 728 626 332 946 95 227 849 806
713 289 571 58 239 965 709 234 392 865 255 837 460 66 625 15 607 760 84 139 713 72 36 387 181 655 820 66 301 148 174 693 197 916 31 749 913 385 347 382 971 781 406 865 184 30 778 160 543 864 226 786 945 285 682 654 960 942 631 265 809 397 892 152 994 187 723 134 289 971 612 106 928 829 644 356 719 341 614 669 59 200 490 96 288 833 435 732 928 131 96 99 476 619 689 914 522 733 580 226
103 775 133 481 624 583 190 878 708 510 198 416 49 259 912 667 407 732 856 433 705 693 589 584 766 689 365 471 114 657 413 794 347 143 590 386 952 962 865 35 38 301 74 578 634 827 112 639 635 644 415 968 477 321 803 890 935 149 340 262 417 890 432 418 533 498 899 264 798 230 818 802 458 977 813 805 202 4 247 35 432 719 973 132 460 843 66 235 370 420 774 786 884 758 182 925 780 872 253 219
337 166 948 651 190 83 722 693 638 154 800 786 597 395 663 181 673 142 302 125 529 851 31 862 828 15 447 527 995 527 621 584 742 694 922 416 255 231 707 400 358 434 537 809 873 359 35 348 247 248 836 508 60 999 192 474 863 224 483 635 327 374 965 447 965 740 531 50 757 580 687 854 975 683 226 775 724 488 919 36 120 492 521 780 548 803 263 355 972 194 612 224 869 112 288 318 846 902 492 770
833 543 412 109 58 326 190 428 960 680 355 299 635 237 395 354 558 589 493 629 503 39 465 436 249 441 509 831 685 562 155 694 662 778 789 427 22 119 533 358 177 673 601 929 254 977 449 236 377 135 248 234 972 911 675 945 538 480 76 432 194 976 471 734 656 415 55 132 484 315 346 875 803 175 390 996 188 395 681 785 764 803 967 640 906 675 944 40 602 994 507 799 383 30 802 700 137 756 645 226
762 467 547 899 794 256 263 823 66 70 692 252 653 990 592 129 666 417 299 800 575 963 958 264 684 169 141 941 628 254 371 768 588 160 450 361 481 287 63 75 739 509 488 725 922 763 869 965 488 162 92 78 113 861 864 893 807 709 129 918 538 725 716 845 786 822 879 180 143 892 53 157 835 944 436 852 822 515 298 866 641 503 716 323 872 57 887 1000 923 416 435 932 467 581 3 849 612 581 862 206
621 58 246 315 84 728 929 622 840 753 701 360 538 398 310 241 725 174 233 308 463 246 495 100 127 697 386 141 366 849 628 861 567 800 955 724 467 305 495 300 239 504 444 491 960 864 91 104 68 833 937 226 254 648 372 939 720 370 588 506 780 929 387 758 302 408 305 606 116 813 142 745 421 552 868 294 520 930 729 539 691 939 870 810 227 287 492 292 101 890 589 469 800 893 401 850 311 547 574 373
820 695 296 772 409 361 218 940 804 461 71 652 746 97 244 966 305 202 341 105 909 67 87 391 997 695 295 762 297 244 717 711 728 336 669 375 832 726 64 629 668 444 708 744 989 666 444 716 224 851 661 619 742 241 283 705 812 429 677 563 175 411 743 61 3 543 193 204 483 187 394 691 517 412 431 378 922 48 889 301 76 478 764 854 778 170 636 471 202 766 308 591 15 209 703 9 37 293 634 547
774 906 633 132 331 845 502 195 16 924 4 637 948 94 808 29 779 147 885 585 268 509 988 58 744 826 705 204 555 477 85 18 785 699 860 332 22 336 488 263 176 560 593 885 669 631 271 611 391 901 389 755 997 607 95 103 870 962 270 614 196 293 425 422 258 181 388 4 227 129 270 62 563 346 502 450 729 94 561 442 901 663 301 454 872 668 288 715 151 520 413 188 626 59 539 651 505 981 838 274
270 246 797 592 260 996 203 881 727 935 245 897 971 951 254 64 721 31 586 674 726 885 382 898 914 324 136 857 375 545 828 160 381 771 883 161 454 433 756 547 780 652 414 707 514 707 366 668 479 926 42 525 676 494 772 898 267 314 274 317 267 936 62 797 56 929 807 463 953 889 37 478 490 363 831 674 591 522 846 969 867 721 807 933 645 18 13 453 788 890 728 267 106 643 731 886 476 755 12 62
218 551 13 847 425 971 403 917 879 845 135 707 731 999 110 817 348 622 708 721 136 436 243 222 832 555 402 44 547 871 188 943 607 741 665 914 305 669 396 318 73 544 992 926 187 450 669 75 854 851 210 826 202 100 496 447 719 574 242 704 675 743 779 439 67 617 474 822 736 842 297 581 833 934 790 542 16 439 164 740 186 145 936 104 206 221 278 446 912 305 33 684 999 303 732 441 764 119 309 498
825 298 102 361 435 646 776 298 498 95 611 503 526 383 949 171 693 320 902 720 649 30 645 700 818 839 186 448 385 56 856 437 289 897 24 30 122 10 40 931 727 697 150 605 283 696 898 936 727 491 406 824 897 694 341 181 673 427 804 831 207 894 795 891 752 860 611 812 755 640 548 614 49 530 248 953 363 766 233 982 47 199 451 51 181 1 799 806 202 438 973 671 796 205 662 648 962 388 179 294
376 676 679 961 475 650 424 58 409 80 803 246 413 803 615 329 433 544 700 635 863 577 845 185 142 997 622 314 648 341 925 649 806 176 982 159 139 258 133 612 972 382 195 435 968 220 975 791 995 82 85 661 96 677 960 225 677 127 333 284 792 299 203 623 445 903 702 407 533 374 400 282 150 870 555 366 490 111 82 765 55 953 504 21 731 227 910 962 664 34 293 84 45 666 360 261 498 616 706 696
690 702 717 493 368 105 836 12 603 150 816 431 568 936 379 712 933 368 270 833 847 330 897 721 944 236 49 269 674 740 728 481 553 985 120 41 562 446 812 210 393 571 777 934 940 630 333 466 853 28 944 312 718 200 408 716 55 931 24 26 571 401 2 572 858 274 378 39 726 373 324 640 839 775 228 474 560 481 924 885 558 340 574 962 360 500 838 303 427 365 542 360 898 917 805 499 944 50 252 290
924 869 796 196 221 65 83 523 742 144 5 892 609 403 143 221 785 560 861 751 136 893 986 88 0 200 824 105 356 930 996 363 745 399 46 763 478 262 54 51 106 690 715 487 782 948 796 659 188 843 21 926 891 387 352 278 457 165 973 709 643 384 999 728 914 584 241 148 272 983 913 675 810 819 604 611 409 439 927 583 952 775 287 284 137 105 716 270 474 549 366 638 795 617 646 837 96 13 738 588
946 697 54 567 23 60 318 548 795 677 559 139 958 586 549 232 146 659 943 972 556 888 513 791 605 886 718 438 262 36 933 643 466 519 518 3 306 690 685 436 894 439 759 968 841 558 836 558 388 852 572 801 781 827 844 987 979 423 950 737 328 952 912 674 49 388 307 171 414 892 402 462 361 921 696 93 700 51 227 834 99 440 106 788 467 830 321 686 809 556 554 576 347 862 759 956 86 73 866 636
462 989 314 216 370 200 903 927 6 8 239 715 515 719 663 206 682 350 371 614 610 709 216 117 713 32 526 338 74 293 237 901 347 365 286 17 638 530 883 589 995 482 893 325 706 458 143 564 839 726 616 918 971 7 823 365 201 517 787 684 558 369 926 499 995 394 907 257 739 440 719 378 898 913 217 141 226 736 205 436 528 6 551 758 823 971 503 415 322 941 716 356 913 324 944 267 378 414 870 267
207 812 997 610 144 318 938 82 121 732 818 367 851 655 902 595 232 116 921 92 668 439 14 239 39 562 575 303 891 259 838 798 800 135 228 852 189 473 911 48 640 347 630 144 983 904 699 647 918 319 514 597 147 176 849 955 765 302 935 620 390 886 339 533 874 183 717 287 742 853 249 928 563 24 339 180 917 351 419 863 32 767 638 461 844 486 54 616 985 443 76 42 809 951 414 18 585 857 709 681
66 21 423 395 411 740 81 434 231 613 55 178 556 638 891 971 605 292 482 154 531 994 737 607 964 128 855 240 41 544 208 529 692 513 740 814 782 54 59 212 160 449 269 1 888 439 230 222 112 838 750 106 995 215 637 979 686 849 293 528 212 70 862 596 671 690 713 961 75 218 228 690 624 932 16 863 163 853 510 643 735 817 881 701 807 833 214 681 936 537 668 330 861 26 533 531 956 701 704 181
