601 55 858 77 427 620 479 872 112 142 2 530 103 231 40 114 787 766 166 758 530 807 640 642 415 841 339 110 240 304 526 970 637 180 526 416 118 764 149 196 317 526 224 367 945 908 146 166 428 838 328 566 938 225 513 556 709 146 203 355 251 449 503 58 529 474 722 897 70 375 762 155 915 553 705 737 438 651 926 699 740 894 621 394 147 559 103 297 677 629 115 104 247 787 760 146 636 604 538 142
820 511 858 195 959 152 686 337 788 510 71 112 455 682 133 146 200 88 18 741 772 435 371 280 713 957 7 644 985 585 824 56 93 58 827 496 96 308 449 847 276 488 839 683 388 66 361 101 192 706 225 985 147 344 12 843 894 779 255 15 388 762 188 438 6 797 281 297 510 109 873 178 197 78 724 294 394 936 375 584 570 166 407 997 906 331 704 684 94 961 904 148 27 249 254 989 480 465 345 313
646 47 42 931 728 243 487 918 387 511 252 811 349 493 385 351 945 591 297 943 444 868 185 850 364 403 350 902 769 164 951 360 171 395 220 254 29 16 551 661 614 487 828 304 311 840 956 556 659 610 959 425 187 904 580 305 265 241 948 399 300 552 8 312 408 882 462 115 607 250 205 654 447 569 883 204 571 871 435 174 291 440 56 782 437 446 706 139 542 979 789 768 521 431 341 295 339 857 705 604
9 4 480 910 784 686 784 178 829 197 624 148 998 237 149 295 574 10 924 537 54 427 596 761 167 392 863 310 965 659 266 437 134 53 404 321 574 956 930 761 426 359 905 436 737 663 12 118 470 679 868 220 192 356 390 256 950 703 411 422 33 750 654 248 238 44 227 6 882 334 570 758 190 249 175 927 340 875 393 631 457 891 479 48 971 619 173 167 139 664 212 501 195 627 341 209 680 161 297 201
918 609 424 217 587 575 468 939 167 891 934 397 747 79 450 767 860 892 83 308 754 986 389 597 64 213 415 647 416 61 953 791 760 778 827 134 10 409 94 694 264 52 666 101 769 725 838 603 920 523 488 263 808 723 113 287 424 379 516 727 62 740 161 3 112 627 996 943 533 259 818 620 877 228 639 891 457 160 212 509 806 251 538 194 301 393 611 97 174 775 85 477 651 265 566 198 657 8 814 560
1000 927 307 805 51 692 846 655 718 875 39 697 737 423 386 222 53 596 79 29 979 599 688 929 142 926 33 684 841 488 18 637 714 590 19 867 374 747 466 77 716 151 654 647 234 719 835 376 900 822 862 409 292 857 995 540 954 745 659 479 896 827 643 500 959 47 423 0 34 57 749 831 307 88 329 813 943 104 139 965 138 74 451 958 707 124 951 294 532 286 269 301 484 910 684 289 224 917 578 43
282 926 967 148 837 376 756 934 397 568 511 917 89 994 556 403 226 541 721 873 611 536 501 742 673 384 581 395 491 316 350 6 594 96 997 781 709 615 409 524 468 273 880 568 978 999 776 676 425 746 274 648 233 478 885 364 175 778 634 715 610 488 438 223 868 35 817 957 602 109 507 276 113 295 747 714 209 167 19 880 197 852 848 835 208 583 929 719 961 339 928 620 510 950 911 240 749 702 311 858
87 992 549 479 836 171 43 900 740 23 965 902 142 667 12 46 224 571 662 919 139 678 282 277 172 586 592 134 191 787 797 333 623 593 653 376 733 888 449 908 582 796 771 476 35 148 650 269 275 197 946 703 634 510 211 170 944 829 315 577 204 426 600 34 344 677 441 520 226 653 887 12 518 310 961 322 36 103 383 49 164 322 480 10 123 617 369 940 907 92 994 629 389 811 119 571 897 634 975 190
330 728 308 288 155 9 251 820 974 650 825 728 587 882 230 404 856 137 882 214 661 211 534 882 491 723 872 342 960 722 70 475 260 298 204 732 218 606 841 527 689 624 292 896 701 296 198 906 146 27 611 536 554 426 685 446 138 0 785 156 668 683 704 345 656 94 729 488 784 954 414 65 179 451 814 727 257 197 483 804 270 227 644 70 558 498 345 42 365 952 707 990 471 894 834 266 488 807 111 905
343 735 724 69 427 172 814 879 338 339 120 715 154 514 792 944 444 177 657 100 789 941 459 342 967 484 466 777 814 993 650 17 448 361 38 575 855 621 630 926 931 553 348 656 65 982 443 473 868 640 188 913 302 715 595 334 861 247 320 950 987 752 445 589 71 206 767 754 492 71 40 249 198 14 190 258 734 632 882 218 889 913 834 136 558 169 349 91 928 702 933 149 641 948 869 140 182 996 235 754
797 295 331 203 124 356 895 78 144 693 405 923 772 153 932 314 981 934 271 426 932 209 477 179 405 737 611 946 195 351 203 125 69 169 179 689 939 983 864 221 916 573 914 220 565 469 842 352 765 90 219 882 963 211 296 578 343 274 614 459 347 911 789 637 506 102 434 134 593 396 914 524 403 869 641 874 875 651 111 116 481 961 652 78 732 1000 849 497 386 600 516 967 949 361 895 56 411 612 535 304
141 803 177 573 757 650 141 234 991 622 686 691 94 226 240 956 378 483 145 365 650 164 502 690 8 88 269 474 234 585 101 35 565 593 779 818 271 631 854 602 949 141 123 568 325 941 315 255 12 648 774 987 488 907 742 109 355 344 745 865 278 368 851 229 982 997 65 498 98 558 971 519 912 337 847 936 14 844 303 869 404 212 940 139 942 26 12 789 45 282 554 686 303 499 881 596 481 56 790 149
118 143 291 783 640 22 114 180 909 921 960 137 401 991 811 475 961 275 471 307 469 224 819 519 21 739 457 70 529 527 214 561 188 966 429 27 331 635 530 976 291 51 978 394 478 500 892 952 171 142 863 711 752 709 19 476 211 369 426 5 538 284 20 18 380 228 633 902 659 6 903 758 64 572 444 295 799 475 781 283 882 703 198 51 346 532 840 925 688 666 972 116 871 271 996 361 231 879 963 376
887 292 332 349 796 792 399 877 966 65 854 420 170 184 856 929 178 363 396 235 210 657 47 90 342 828 495 603 97 212 883 405 85 868 36 895 687 414 342 261 974 376 888 897 912 329 811 643 761 47 632 757 929 316 483 760 303 669 340 83 77 642 386 887 548 133 968 250 53 676 468 218 829 45 340 845 845 199 591 559 137 923 417 606 186 72 861 966 478 153 116 119 765 784 974 702 231 779 675 238
994 715 593 614 442 989 554 662 922 903 691 307 77 183 841 862 231 85 911 662 546 403 289 782 663 813 752 418 486 942 167 64 549 275 474 212 431 131 622 692 324 572 312 318 24 237 208 676 642 668 323 41 621 912 950 219 634 855 896 529 58 838 196 590 889 702 901 696 75 644 942 348 448 288 157 525 834 333 212 180 313 206 348 875 780 294 701 942 99 925 975 494 246 783 491 665 546 820 610 218
406 768 706 805 897 363 223 28 352 748 65 582 860 758 521 454 75 734 275 39 867 636 931 27 282 98 674 379 749 946 302 88 950 46 557 843 762 426 69 303 849 610 270 912 101 854 861 819 525 625 227 233 857 675 910 611 780 670 458 372 795 454 646 85 902 563 825 626 891 261 911 425 123 747 154 562 946 532 534 556 603 74 411 250 767 844 460 887 423 239 214 247 423 669 607 993 194 897 209 942
2 36 500 832 122 426 180 811 365 850 826 535 746 11 939 68 491 859 458 27 504 740 71 812 97 399 909 605 632 59 634 706 881 989 320 365 164 826 455 612 971 667 326 719 973 38 193 845 378 356 242 753 691 608 542 652 21 880 85 486 896 360 653 538 639 254 958 978 564 951 344 803 901 832 526 954 389 365 873 939 185 351 89 400 187 849 725 486 80 231 529 10 876 52 998 906 977 279 750 191
989 212 486 455 328 989 622 900 964 364 254 310 837 569 619 289 801 997 559 641 553 189 177 437 888 964 349 811 21 577 870 828 160 49 662 394 468 855 251 679 720 128 29 712 454 736 253 992 987 103 250 193 617 946 382 570 51 384 459 950 610 908 588 818 788 921 958 156 298 355 891 157 97 791 695 779 865 952 659 576 145 403 637 9 712 163 284 760 328 245 161 259 319 93 262 659 601 529 322 712
955 318 537 618 907 730 889 544 120 927 652 712 697 353 631 470 180 656 962 288 227 401 1 666 72 279 790 780 943 952 164 226 496 170 801 669 802 807 240 376 585 313 157 323 890 880 935 587 104 714 533 510 632 293 219 560 467 8 248 637 939 833 359 246 475 603 535 648 823 40 170 27 651 1000 413 982 956 449 743 284 906 136 236 253 772 187 563 395 790 194 857 168 151 176 700 128 513 71 525 820
959 579 956 169 283 150 225 256 1 333 310 759 406 909 861 27 176 732 800 668 388 899 471 182 691 83 397 505 27 396 429 633 366 652 714 529 395 417 811 445 176 82 641 116 305 961 572 550 7 759 638 418 874 232 123 971 908 655 383 179 862 394 750 210 956 998 799 691 231 302 436 639 782 640 868 825 175 260 348 516 585 944 101 81 684 482 591 866 878 297 758 837 6 575 833 524 374 142 6 184
851 356 288 961 571 382 908 416 800 326 255 900 754 844 17 416 338 51 325 75 593 739 127 415 386 246 765 392 228 546 173 860 675 723 420 762 829 114 225 258 430 824 968 778 266 686 58 467 951 383 678 800 194 671 501 291 779 219 207 592 196 912 610 597 880 865 798 40 813 407 504 518 193 598 236 580 254 358 803 271 253 8 747 944 600 117 527 194 687 857 583 797 478 190 421 579 595 310 678 952
462 466 873 272 488 798 244 830 273 400 338 395 573 71 577 714 270 478 888 193 311 183 343 932 270 989 735 97 644 769 510 897 181 241 996 416 858 670 802 35 564 578 714 45 285 824 624 508 299 447 599 181 639 350 775 803 229 538 328 895 898 563 422 670 432 161 263 594 118 454 492 139 834 870 974 642 181 521 633 920 379 994 504 743 193 851 711 560 627 596 359 562 36 13 641 870 340 291 411 849
825 995 158 654 62 592 172 766 597 19 917 126 7 608 420 561 125 27 52 757 462 506 849 462 168 740 890 54 517 121 307 261 704 586 501 931 203 689 658 131 401 176 361 680 643 448 14 126 560 777 197 296 628 388 336 966 105 558 848 956 588 505 395 360 228 503 715 558 866 283 43 798 761 95 801 422 27 170 489 232 288 656 939 320 242 326 798 359 589 671 944 202 314 388 646 40 396 186 42 396
28 468 95 171 422 647 849 140 195 207 827 415 52 484 955 660 664 940 331 846 317 410 44 193 844 579 5 950 158 819 435 922 357 123 379 331 521 708 865 727 342 267 891 686 912 890 317 42 260 370 93 340 950 670 989 819 730 875 105 516 806 666 449 314 788 215 334 122 409 843 961 773 460 156 444 834 412 704 88 494 63 649 11 532 255 488 866 821 937 750 735 340 424 999 322 965 765 993 453 210
194 869 476 19 511 178 855 302 676 216 16 563 903 156 935 266 293 836 492 687 702 526 659 758 31 506 409 913 133 284 724 388 620 998 186 748 198 709 510 482 806 305 83 876 708 649 58 432 594 509 532 172 63 58 98 495 916 239 423 926 524 965 958 701 95 474 171 414 708 212 884 78 520 108 505 0 954 591 675 795 724 750 779 589 238 510 394 145 77 716 513 517 946 667 519 567 773 28 196 989
186 837 323 226 68 435 758 636 508 685 836 473 787 772 934 390 482 345 286 255 435 861 967 347 704 287 365 16 378 748 489 175 822 75 780 44 673 93 220 41 401 149 176 660 355 593 118 551 750 673 24 518 973 652 283 303 876 728 199 953 713 549 186 611 457 49 354 995 746 843 304 902 42 760 35 946 681 73 630 431 465 66 675 711 379 406 48 848 752 149 545 566 937 968 349 805 583 679 971 86
865 127 951 497 272 505 775 238 70 825 379 586 102 721 1000 160 826 914 959 808 899 636 616 870 662 59 43 715 830 0 270 154 559 85 581 804 305 126 69 464 549 104 137 972 47 409 523 976 409 664 853 89 238 926 70 486 917 561 222 997 557 133 60 344 353 299 968 948 406 277 674 556 435 690 794 82 781 697 540 167 440 982 457 862 63 188 683 669 196 383 256 205 546 463 140 596 342 820 804 567
727 517 155 385 41 983 628 338 636 8 844 327 54 207 597 783 224 354 644 990 375 755 366 399 347 268 72 222 789 712 355 459 219 878 434 497 853 336 987 914 725 10 999 446 150 976 745 244 390 184 996 262 800 227 809 503 924 219 958 884 5 716 591 257 601 254 491 135 828 716 877 599 194 328 278 148 554 289 308 512 620 629 717 550 598 328 376 86 945 205 891 931 384 494 704 860 478 97 135 396
801 437 641 652 877 73 845 364 930 994 702 149 429 168 158 640 516 771 595 262 387 653 505 599 537 545 563 113 737 570 394 395 873 567 658 958 226 314 258 91 244 4 567 397 772 847 714 832 23 507 664 50 682 430 404 940 977 858 737 82 819 843 339 408 654 385 497 706 493 806 527 450 889 187 888 7 68 642 312 470 180 967 42 151 854 224 217 146 62 745 854 987 64 441 638 83 489 534 473 543
724 530 696 232 230 856 873 971 343 875 135 958 23 640 973 375 35 281 617 607 727 578 957 6 503 678 701 439 420 928 866 643 177 111 123 584 454 166 748 261 483 437 932 912 210 553 374 64 20 580 667 773 624 529 100 483 589 389 782 929 604 798 580 954 877 784 478 506 582 588 582 283 858 82 732 722 857 867 580 237 263 928 602 901 823 831 761 263 596 419 102 310 846 407 664 822 181 243 727 144
502 653 814 594 790 640 315 198 189 85 669 893 931 524 851 24 519 193 20 850 218 727 204 197 302 29 114 331 773 815 760 160 459 446 998 961 275 604 778 518 834 948 215 725 451 698 95 214 787 390 351 272 749 242 523 182 911 407 108 421 404 200 531 759 688 843 404 56 142 252 231 376 447 77 992 301 952 556 884 645 441 275 111 566 484 24 750 973 803 324 280 479 334 984 881 334 241 689 806 424
90 90 169 791 315 509 14 50 89 684 795 891 139 573 690 240 661 899 865 349 128 540 205 436 775 288 321 545 467 610 761 505 724 299 291 14 60 974 317 162 494 60 422 320 588 711 725 632 315 78 342 636 500 82 229 737 629 587 149 827 514 297 605 817 612 521 920 854 400 711 130 467 145 989 235 870 724 510 885 371 943 890 995 473 923 743 854 66 167 344 920 343 33 331 930 715 153 358 543 292
863 849 328 476 773 904 893 955 13 943 855 391 328 158 325 915 299 167 944 15 614 803 817 782 679 133 324 219 110 898 267 754 47 891 135 634 312 395 219 491 768 246 799 806 222 243 641 951 97 379 325 159 962 95 961 731 627 548 194 837 815 234 136 73 1 715 575 366 695 995 660 241 74 541 39 961 346 877 707 918 351 87 685 410 449 850 673 776 801 995 284 54 403 603 163 346 403 963 931 93
398 504 305 277 541 553 391 336 606 593 25 629 679 650 494 395 698 611 397 638 6 863 909 851 413 638 662 730 564 96 95 86 923 680 599 522 740 612 677 138 10 592 414 887 664 259 719 225 490 61 7 752 267 937 522 190 646 309 507 551 616 4 985 123 511 162 58 93 694 864 979 764 418 451 910 198 49 512 630 800 846 53 497 496 427 181 112 146 689 276 572 388 942 459 529 382 323 381 897 613
308 569 940 358 905 953 813 41 990 169 424 955 251 57 550 398 351 779 161 325 465 553 448 504 875 468 269 798 641 904 959 218 710 729 594 192 742 617 61 306 171 951 424 110 962 212 57 121 848 256 719 56 561 633 863 334 998 499 882 276 620 57 377 893 405 582 436 535 570 992 260 111 122 78 968 288 445 89 82 580 918 508 120 636 702 293 131 695 331 0 22 24 159 815 600 757 30 357 438 187
451 758 281 975 299 370 997 430 828 700 526 797 83 894 868 638 527 172 134 619 973 204 265 905 666 246 205 886 613 593 994 583 751 732 358 887 801 984 129 883 796 74 804 153 937 359 860 10 916 661 333 151 14 137 231 469 402 668 124 928 320 872 706 144 892 563 993 173 197 925 294 15 340 622 664 901 684 334 306 329 443 156 264 718 286 940 584 550 569 663 398 133 354 642 86 188 781 24 293 72
291 292 351 540 527 633 173 767 144 171 606 521 188 429 272 530 265 534 925 420 906 360 629 943 469 399 218 909 244 395 804 232 384 349 947 312 51 961 574 337 431 401 148 282 461 887 39 561 417 412 212 642 341 970 765 46 930 829 360 206 884 78 898 450 89 210 84 399 726 781 784 952 461 768 190 388 314 548 806 152 99 774 175 863 119 459 363 137 628 694 635 861 1 487 490 344 219 885 491 174
507 186 546 926 615 163 457 190 784 522 900 585 945 4 840 794 20 409 27 876 488 740 845 783 807 911 902 734 911 888 523 474 267 129 417 201 853 967 582 245 782 906 353 558 963 668 153 965 346 949 807 73 56 654 617 445 979 528 773 614 504 536 664 437 256 413 996 624 439 331 250 249 155 261 363 971 61 968 512 399 200 981 714 430 133 3 26 122 156 649 241 195 84 122 423 283 677 512 409 931
742 90 355 482 195 651 254 703 402 150 870 945 815 856 858 368 104 374 375 794 288 919 114 585 171 37 831 830 455 378 249 449 359 721 452 525 386 997 118 369 635 386 198 378 748 323 761 877 4 766 258 215 875 371 15 344 139 380 937 699 624 263 458 745 278 255 119 71 343 769 171 991 587 159 642 243 59 145 645 480 76 336 962 779 994 134 694 966 5 358 485 607 495 76 482 408 933 513 496 154
484 339 253 59 381 701 992 547 721 1 198 471 184 623 775 745 290 969 888 245 507 290 518 332 723 787 105 385 41 927 345 245 506 356 650 657 259 294 888 811 832 696 408 472 261 98 198 132 39 40 926 552 342 497 198 219 420 69 213 680 14 134 174 431 722 367 945 403 318 31 101 966 835 605 890 181 368 241 322 63 487 661 663 377 45 176 314 30 591 189 871 86 970 259 143 366 119 915 3 509
841 944 281 186 758 52 920 49 579 710 529 159 181 687 443 71 69 899 219 212 912 620 103 952 761 506 269 317 332 691 291 118 722 785 849 716 868 991 319 10 911 734 620 639 147 908 272 50 712 67 492 845 291 569 932 125 165 736 803 500 523 804 720 348 801 485 523 516 87 716 936 317 730 165 294 972 398 275 952 256 162 53 744 646 25 465 909 53 529 847 523 84 843 299 748 276 150 250 142 145
909 553 931 80 363 364 449 182 734 25 633 721 374 940 718 514 430 186 789 359 88 246 189 779 344 99 962 193 920 596 388 686 224 54 166 290 961 204 228 353 284 39 872 655 877 34 350 923 571 434 370 152 781 427 200 666 250 462 405 468 42 110 784 248 713 501 183 546 521 422 560 762 634 531 234 412 988 5 86 681 544 17 90 759 222 190 265 114 506 727 825 716 732 28 75 280 253 925 711 408
473 88 677 550 433 122 646 644 840 110 17 65 923 859 158 759 652 766 525 25 376 364 479 991 5 912 115 742 657 504 189 541 870 269 863 739 914 959 534 831 497 118 848 94 317 794 32 576 36 564 325 506 695 520 279 31 100 333 169 880 680 338 967 405 175 694 63 663 940 4 700 765 879 634 514 418 962 433 539 641 803 498 766 58 792 94 30 380 184 451 867 533 797 663 879 854 676 917 787 850
964 109 907 594 211 129 112 890 562 842 374 772 936 352 323 362 346 331 303 443 439 208 32 207 316 829 383 255 480 230 527 55 518 737 131 706 788 261 979 744 290 490 462 931 268 444 210 601 878 591 745 636 179 659 860 6 210 331 468 912 318 739 482 522 677 765 263 714 455 779 161 334 848 510 273 214 720 991 935 970 158 619 572 317 669 375 648 808 507 857 341 524 181 292 955 579 191 525 589 682
707 267 489 546 805 331 731 265 18 504 700 611 355 471 376 518 575 421 812 952 67 489 425 319 296 555 113 965 462 710 753 477 299 71 560 958 230 360 935 916 972 9 643 266 94 390 555 478 369 19 901 733 26 82 234 480 872 157 78 675 258 230 93 998 580 224 312 737 803 350 6 580 702 166 108 532 558 615 403 965 716 714 698 470 622 407 374 582 379 831 221 752 77 278 930 357 647 180 166 825
23 281 91 843 876 761 254 386 627 906 949 148 880 332 449 787 543 378 298 11 434 615 160 228 678 411 84 549 294 631 685 298 834 821 165 830 96 387 881 944 715 581 926 62 777 747 920 95 914 270 369 996 83 4 471 695 744 448 306 292 894 293 628 95 121 130 84 941 565 149 96 70 523 508 46 349 948 172 29 482 432 751 342 931 407 298 884 807 318 917 747 834 303 286 619 199 728 756 168 745
203 458 332 853 582 890 906 784 964 679 118 5 281 234 291 983 735 46 200 784 119 773 46 917 498 434 886 25 944 400 174 118 278 922 120 262 629 564 419 221 934 447 91 713 760 895 590 996 856 222 226 205 761 236 314 411 507 547 203 76 469 617 937 836 642 929 631 520 144 568 994 78 124 180 959 699 567 626 523 297 29 954 153 561 996 440 412 977 183 279 805 220 355 84 446 873 540 957 445 460
10 344 523 291 795 659 273 486 743 426 20 778 538 310 285 29 783 805 164 244 102 930 269 415 351 41 998 254 862 961 503 133 549 524 19 78 193 922 258 661 624 215 941 131 659 797 418 878 22 105 123 8 548 693 323 967 318 925 140 208 793 710 627 387 826 299 165 981 6 951 451 741 211 492 847 479 361 297 230 403 339 1 373 644 426 294 355 691 729 862 548 271 241 579 147 708 654 118 210 410
535 645 718 353 424 490 494 258 592 307 781 702 413 641 559 293 713 795 928 505 582 518 682 107 90 363 408 14 806 461 406 104 916 363 416 448 736 810 457 151 629 700 973 452 991 400 865 143 519 780 966 776 228 231 144 82 863 299 389 690 569 8 819 931 789 373 421 636 525 980 434 980 282 276 634 3 958 180 20 750 316 672 983 376 895 107 565 881 77 741 911 671 571 758 439 922 159 104 105 194
248 588 570 502 807 129 482 195 951 521 75 579 173 801 174 352 808 834 588 467 354 859 464 912 952 35 220 480 376 556 804 915 933 4 632 198 590 989 624 690 731 352 57 205 210 220 535 601 144 164 740 245 841 491 329 690 47 975 196 770 658 748 472 497 419 233 217 139 431 945 757 687 300 765 155 665 631 426 476 868 94 151 172 133 773 758 89 147 36 797 63 627 70 154 327 260 497 457 740 116
358 95 799 685 769 650 877 598 194 409 948 557 187 565 554 890 818 578 857 579 845 892 704 359 133 295 772 891 243 38 990 509 13 707 737 923 924 690 978 584 735 337 20 149 28 285 699 815 451 849 297 389 338 384 671 690 805 449 130 647 879 809 797 355 583 837 581 978 376 76 966 518 201 834 494 323 8 653 235 635 83 89 806 533 619 840 80 212 882 256 555 343 624 905 344 382 550 264 424 642
781 791 221 457 479 300 287 659 463 631 574 505 779 187 466 367 955 502 119 20 747 848 954 127 937 234 522 929 762 461 732 419 666 373 117 933 909 794 309 163 500 364 730 994 369 351 702 210 652 295 824 817 830 716 43 959 857 636 595 22 97 227 935 791 4 315 284 652 517 860 698 453 112 784 918 723 637 267 696 532 123 695 947 581 664 307 89 430 118 412 476 555 224 351 136 977 814 761 533 721
616 681 759 682 47 678 479 530 713 290 179 316 611 485 231 989 409 521 158 504 837 537 236 743 983 796 62 896 21 169 1000 897 533 440 139 308 662 320 727 925 30 811 572 2 890 941 385 369 720 698 312 254 690 136 155 660 321 602 676 15 912 859 951 112 703 956 94 998 274 314 861 472 785 595 306 413 618 401 927 907 410 194 109 983 972 585 437 884 90 45 437 116 694 765 55 36 281 160 114 387
43 243 650 53 188 570 455 721 984 522 317 954 913 600 84 227 869 940 47 851 250 540 938 511 225 512 253 892 915 479 450 719 450 544 310 207 179 895 953 249 562 910 567 832 311 452 628 0 393 100 570 789 799 560 952 165 476 231 2 849 678 967 65 763 97 542 597 645 978 789 118 164 375 376 532 605 823 47 780 284 473 249 275 708 215 154 450 237 294 38 23 155 504 194 902 468 270 249 642 306
702 911 138 96 598 798 489 199 844 601 936 431 153 461 50 248 750 341 147 91 678 123 33 376 301 460 220 325 148 183 387 423 403 248 625 618 349 895 141 709 744 345 261 209 543 662 99 367 919 200 360 841 709 324 630 322 505 342 717 446 222 662 769 410 846 900 739 600 537 174 414 679 852 515 256 183 239 651 530 54 763 106 426 614 720 860 357 23 895 16 772 610 714 288 809 983 602 47 347 538
748 543 833 287 226 768 639 321 838 762 711 820 226 778 743 791 676 398 427 860 189 245 679 61 340 634 87 35 532 941 92 526 186 142 400 424 335 467 391 471 730 776 20 581 859 25 366 370 214 313 690 804 892 731 184 636 723 918 149 341 230 585 615 996 727 878 986 802 162 113 15 333 37 501 900 736 404 139 643 202 654 350 219 903 928 382 508 460 922 98 813 971 797 766 539 526 211 796 417 831
476 123 638 918 720 864 708 434 776 576 612 480 395 262 594 987 287 737 222 897 715 824 907 607 28 663 264 893 181 284 783 879 225 239 984 705 653 745 583 310 171 321 631 379 759 411 231 450 396 902 349 471 416 464 468 660 264 313 349 787 371 154 805 112 713 184 978 424 676 482 176 384 914 191 10 210 121 507 591 247 804 847 263 209 368 578 488 412 3 676 965 544 463 722 81 239 764 916 447 670
463 575 471 160 114 367 767 337 218 497 831 262 985 50 627 270 630 802 222 146 806 197 167 625 326 388 594 352 629 189 863 701 61 497 771 131 7 560 159 786 89 426 388 920 864 204 649 977 894 551 394 686 708 139 380 604 768 606 704 220 899 536 319 915 234 383 44 533 210 44 647 985 751 282 666 260 851 26 975 971 412 351 206 731 716 145 917 891 173 846 801 897 508 112 815 788 141 284 769 942
38 133 738 564 838 707 346 985 520 866 652 240 236 569 13 629 757 625 262 264 766 307 456 640 495 202 588 241 834 392 969 605 194 553 286 483 903 342 804 81 135 57 661 134 189 941 890 683 367 475 634 389 529 39 371 672 917 838 828 648 294 793 613 807 929 681 903 808 300 11 954 103 773 276 723 48 255 496 809 782 317 933 212 408 638 898 554 734 950 72 415 264 924 285 706 557 132 908 367 493
207 793 106 143 911 354 172 907 332 224 426 396 707 403 420 998 64 369 513 215 764 254 123 724 73 551 477 863 708 318 976 754 558 288 774 354 764 68 85 167 423 862 524 961 549 725 498 66 357 24 102 618 38 986 286 953 644 859 732 608 408 319 879 664 7 514 676 10 221 730 734 949 138 156 425 902 980 430 523 811 931 240 340 689 895 415 803 718 478 612 737 320 682 299 660 362 144 96 164 531
193 999 671 344 172 593 808 403 997 412 234 241 418 71 196 13 376 479 953 651 502 237 854 85 232 0 71 441 670 695 52 386 84 545 941 22 693 92 976 677 287 440 365 204 481 315 502 13 343 170 612 277 472 163 745 195 474 717 52 506 30 184 813 113 689 864 314 891 157 83 475 218 733 959 164 125 758 980 21 563 830 15 403 925 157 829 209 54 845 484 488 963 701 252 88 355 523 692 153 432
598 743 246 550 925 280 788 868 39 697 23 770 87 534 881 265 22 566 179 894 617 22 443 173 798 913 915 770 933 522 513 433 171 280 695 595 425 743 201 954 454 111 794 463 155 948 498 852 633 698 517 657 473 306 572 677 484 335 504 862 495 154 506 212 53 244 247 747 635 507 155 220 438 955 949 238 604 534 126 689 748 635 352 16 510 218 444 724 620 151 834 768 570 303 13 48 652 457 73 211
330 786 998 558 52 105 630 953 27 176 499 831 516 94 99 237 459 278 62 829 5 629 77 131 832 574 719 87 319 431 231 418 808 630 815 963 481 44 901 84 345 359 866 378 801 881 288 812 18 699 826 938 918 693 864 797 304 76 609 901 849 194 248 37 479 454 484 944 907 177 936 184 586 280 337 853 601 941 632 731 606 901 876 621 441 53 21 514 612 193 90 269 649 749 393 150 182 837 2 586
450 7 292 752 545 4 639 208 729 930 898 338 573 990 551 644 305 570 529 983 173 769 232 549 363 13 735 21 630 333 69 373 645 991 822 906 4 218 343 880 906 910 673 460 403 467 238 816 356 208 591 568 515 796 210 504 154 251 746 131 336 860 430 351 235 31 205 199 498 84 884 988 985 659 631 62 938 196 869 769 553 309 323 297 679 872 865 668 167 760 372 389 79 839 776 950 794 539 403 983
385 227 592 970 520 83 75 933 762 174 255 753 73 457 541 648 746 829 421 569 425 15 714 126 302 371 956 664 327 675 121 338 466 181 638 894 806 217 509 710 518 784 473 961 341 315 1000 25 353 872 337 416 695 78 97 632 745 762 478 465 443 843 452 639 153 197 683 142 506 658 313 582 262 500 344 589 681 939 562 696 384 195 743 558 99 726 170 742 16 469 216 987 974 995 812 524 738 206 927 657
426 344 354 110 637 890 553 754 386 544 815 883 668 875 152 314 751 611 562 640 282 439 793 950 503 943 12 231 237 217 726 324 955 244 350 282 287 521 173 365 766 768 132 402 994 664 421 398 988 842 907 176 454 590 801 454 263 27 506 161 520 425 452 50 282 195 639 428 543 577 100 214 481 593 404 893 206 214 889 185 129 543 815 663 248 389 831 231 683 795 932 727 618 89 710 299 274 732 911 456
762 567 701 425 41 343 33 230 337 983 796 694 403 523 959 571 333 950 806 455 81 283 864 603 158 577 768 480 403 280 889 142 521 561 577 598 594 964 813 628 311 259 940 396 915 74 440 963 880 169 425 76 147 364 430 917 97 534 187 793 105 32 436 121 820 929 365 779 575 636 576 659 876 316 598 783 466 564 151 946 845 2 934 460 319 216 626 687 835 612 753 303 908 395 94 904 0 919 571 141
213 97 408 927 968 167 775 286 466 475 135 83 444 617 25 722 159 557 518 34 704 905 257 273 76 594 836 943 356 900 439 855 544 878 127 663 638 620 43 689 315 706 390 254 782 627 973 374 777 365 736 315 372 292 808 297 281 48 757 680 67 488 238 466 359 45 317 432 19 929 809 240 905 711 525 619 345 900 236 242 599 141 33 480 770 933 693 988 995 314 870 709 850 320 424 723 167 940 702 740
710 763 614 368 903 671 254 239 965 911 480 622 824 257 660 198 332 190 190 430 201 405 327 541 418 768 157 393 612 491 885 21 824 966 484 3 622 110 619 562 305 960 670 335 511 702 120 644 350 664 336 182 930 761 898 982 623 721 227 147 319 136 34 175 154 499 158 621 41 839 248 852 844 308 305 259 930 858 794 209 303 686 427 221 408 286 88 353 856 753 444 194 89 296 343 914 351 26 827 177
336 863 617 344 891 275 463 137 758 563 300 320 969 193 947 430 362 28 659 596 83 587 459 265 331 534 617 801 731 295 761 163 181 173 774 859 760 328 9 112 883 795 799 571 266 745 211 538 91 593 125 282 838 333 342 4 723 104 429 413 240 541 503 61 283 593 746 206 746 219 663 78 305 172 403 460 416 231 856 529 220 477 525 621 608 901 346 588 181 68 488 184 667 273 408 745 399 629 348 580
956 983 576 78 79 742 895 682 509 123 373 41 432 827 794 223 481 241 409 690 247 203 920 80 409 197 246 652 910 371 35 689 552 738 268 267 787 645 414 647 989 402 457 929 750 40 568 420 220 612 431 769 719 774 321 892 370 812 729 800 865 718 261 96 724 111 32 630 311 424 222 902 736 950 118 591 610 291 7 302 241 67 254 365 48 360 224 506 948 20 654 243 677 667 827 84 900 673 949 944
718 35 365 348 141 1 872 857 451 998 94 294 618 308 334 615 182 898 29 97 173 834 308 706 462 254 627 257 96 910 965 296 85 515 301 630 910 331 872 833 344 453 863 191 847 76 788 607 468 770 568 207 79 223 910 546 178 975 461 280 976 522 721 546 792 807 92 152 196 314 165 670 895 417 502 602 478 641 942 817 420 833 427 459 402 532 576 875 28 567 986 938 5 102 537 597 991 786 824 818
506 25 864 186 459 977 277 431 679 70 361 903 59 539 680 727 185 748 645 752 739 488 828 236 590 652 49 497 273 135 159 339 887 335 32 77 766 209 689 385 282 118 449 597 151 2 171 906 394 867 430 934 752 846 125 520 347 65 371 554 321 815 656 187 684 482 707 816 66 800 896 725 518 56 20 558 474 244 110 901 959 49 454 412 121 82 924 799 723 303 506 274 748 451 252 787 487 762 925 426
886 338 632 802 933 209 413 474 995 463 55 779 884 628 603 179 263 814 417 134 668 29 12 710 845 68 127 763 490 450 17 654 594 123 475 795 928 396 898 233 268 947 950 938 129 295 140 471 751 573 34 426 231 587 440 951 629 700 904 640 324 891 272 891 475 952 505 704 626 983 463 977 811 340 952 425 599 239 3 741 883 556 124 418 191 330 742 700 283 214 714 148 827 94 454 428 674 750 716 200
223 334 662 600 865 54 581 882 995 910 448 909 173 836 379 694 29 973 579 896 942 168 486 356 634 877 52 264 183 830 219 514 891 600 908 475 475 77 625 420 212 433 532 872 212 580 162 142 933 98 231 996 645 758 164 423 102 17 273 418 86 494 351 164 306 682 528 139 231 679 851 175 534 88 173 645 652 58 767 333 259 186 284 762 181 669 745 54 553 478 918 528 447 900 127 817 683 636 652 412
898 27 439 275 198 459 383 476 894 547 349 127 924 289 122 795 226 333 352 989 503 256 0 142 251 416 184 358 974 191 567 889 608 264 748 379 137 17 585 852 265 368 719 951 189 954 253 310 324 241 865 608 594 649 822 544 807 875 672 131 80 757 46 420 786 729 902 93 794 940 881 272 823 543 273 58 141 139 640 598 416 352 156 559 511 378 477 791 581 873 575 773 900 205 634 200 107 985 390 759
126 913 197 330 583 693 627 910 227 719 408 903 627 745 415 429 892 516 821 516 926 60 758 812 68 382 124 371 804 535 216 257 779 300 817 691 402 18 468 974 380 822 674 463 160 91 702 356 129 392 208 814 113 550 503 605 643 223 912 479 486 752 433 936 228 109 556 48 785 246 978 495 478 558 474 832 989 402 927 943 384 116 959 241 460 816 197 673 326 722 343 317 448 588 605 436 407 644 912 796
330 971 822 532 54 706 688 931 40 900 884 419 561 787 197 756 818 38 806 688 596 657 754 149 561 551 26 665 931 633 666 58 806 28 433 78 834 28 493 652 353 735 272 597 67 467 199 92 288 548 819 270 424 378 948 239 802 260 459 951 719 6 340 508 965 822 17 758 293 526 293 156 182 242 785 191 535 799 392 587 731 672 718 362 820 661 52 713 398 656 582 727 506 608 447 601 259 711 750 968
767 83 377 721 734 375 924 174 986 787 135 295 502 497 967 158 939 153 158 758 799 757 884 69 56 231 392 314 520 336 556 470 340 512 395 838 276 101 312 329 680 154 205 390 386 162 973 18 53 710 973 809 848 529 858 475 74 733 575 712 183 523 465 234 221 499 631 540 675 564 760 45 36 207 967 273 780 645 502 228 252 254 951 912 366 331 706 243 307 699 161 725 530 147 120 252 532 767 377 417
732 370 941 713 957 502 247 314 721 95 436 225 700 177 814 409 962 274 579 698 735 64 523 155 770 105 754 8 266 43 603 448 473 150 638 670 63 836 602 394 878 291 34 265 241 786 476 445 250 355 751 283 371 831 167 239 663 575 832 5 265 3 463 803 663 528 409 608 137 715 235 292 338 789 67 305 939 243 775 292 721 20 847 785 452 166 609 899 611 201 668 468 111 501 499 356 480 814 660 199
952 856 448 299 350 614 848 835 313 658 661 150 861 277 796 603 702 948 6 596 380 16 333 315 866 461 240 386 506 46 868 856 880 846 800 84 499 997 979 924 856 483 683 281 264 395 860 740 225 549 973 258 646 49 397 919 191 992 298 751 981 340 551 743 209 163 446 352 399 439 91 57 553 181 770 513 373 497 145 617 159 919 819 884 197 823 121 373 88 97 971 757 413 910 773 141 289 760 94 118
335 829 112 138 463 530 813 537 167 881 951 426 101 68 316 533 973 419 256 819 371 194 279 740 274 896 568 278 835 543 260 823 733 70 352 810 740 223 251 624 167 382 432 647 84 252 516 562 839 41 242 680 995 413 655 143 458 307 105 396 608 80 466 443 913 744 479 182 7 550 720 386 598 250 39 430 792 240 668 260 502 85 961 855 711 759 850 446 834 260 9 39 213 628 220 54 560 513 519 960
442 418 168 973 497 693 949 755 365 551 208 163 569 246 438 357 190 691 350 162 494 971 303 560 199 971 462 613 588 734 777 469 442 742 555 296 224 80 988 491 804 281 783 657 740 752 779 276 756 887 33 383 692 329 379 737 469 18 670 961 948 626 764 338 857 571 641 698 435 609 463 820 752 786 713 261 602 38 831 822 858 506 124 511 234 821 812 921 514 21 898 185 288 370 385 96 639 272 150 717
426 829 376 365 446 301 572 67 989 643 177 250 38 29 674 233 626 393 993 785 204 303 893 309 587 627 9 907 706 480 440 261 572 731 421 682 202 804 331 642 818 259 664 432 860 583 633 238 674 735 659 922 574 18 704 122 649 899 776 478 37 624 931 199 106 903 668 69 729 368 852 722 164 731 340 828 270 363 422 998 666 652 398 632 921 961 806 574 799 129 721 148 200 75 241 220 987 250 165 779
963 678 792 725 794 594 749 693 765 159 209 930 6 557 178 846 38 973 75 998 349 824 43 336 991 629 137 741 416 594 358 800 723 979 509 19 922 561 193 802 596 996 300 599 481 771 376 537 161 729 543 389 230 568 940 726 883 826 34 597 831 851 818 658 412 437 906 483 865 629 308 640 800 66 65 490 198 711 25 401 820 516 376 977 438 790 663 843 366 766 466 331 309 771 127 915 727 718 268 281
793 709 244 184 538 284 299 759 796 445 343 653 158 211 335 621 750 128 285 822 75 777 120 398 789 235 877 955 730 308 249 726 312 779 502 180 347 417 657 34 933 896 591 264 275 465 835 829 918 762 868 971 470 621 171 599 689 457 91 842 655 87 1000 393 125 225 776 578 419 686 883 583 990 494 392 337 716 436 732 96 463 994 453 820 732 841 663 701 221 495 456 314 728 367 499 600 20 968 248 168
680 699 54 644 386 755 337 26 958 454 288 260 217 832 584 916 280 550 377 380 876 548 140 576 117 450 924 890 158 500 607 770 356 420 623 93 697 354 723 42 128 303 757 962 901 489 859 350 479 498 820 566 950 425 184 504 436 817 940 492 634 829 854 902 694 931 25 178 160 486 993 454 444 794 716 545 595 627 763 556 836 804 903 879 844 221 568 286 864 546 128 839 311 265 26 375 279 498 780 953
418 224 492 957 228 361 697 375 787 177 412 899 569 155 469 741 390 54 163 369 613 99 667 683 931 883 385 779 653 784 412 155 766 390 324 931 90 297 625 927 188 160 530 105 295 342 892 476 976 928 89 687 768 54 239 278 632 513 10 501 71 310 384 806 920 447 693 843 957 700 624 838 139 410 145 358 845 274 731 504 326 57 224 953 557 131 327 470 837 558 906 318 815 78 393 761 952 971 305 104
313 959 445 738 813 461 143 963 972 206 932 401 998 257 770 94 286 749 961 629 890 204 918 800 324 410 169 479 393 926 121 214 906 722 444 808 601 473 771 788 219 9 108 306 112 392 866 62 497 610 697 353 429 204 613 338 488 203 837 218 768 492 34 365 449 559 784 47 525 276 87 396 396 37 397 322 447 902 411 363 640 420 502 397 530 986 412 473 77 615 291 987 837 958 236 657 464 388 446 996
696 667 407 861 211 93 796 248 596 826 127 738 517 754 76 952 744 39 267 134 787 63 40 534 30 782 575 408 800 106 194 870 513 191 612 251 99 384 939 947 264 632 359 718 550 875 403 7 336 997 142 286 212 361 809 33 117 25 890 347 342 27 551 636 747 66 389 965 405 985 48 96 948 800 319 838 321 50 16 957 782 341 871 229 69 105 458 459 873 542 592 947 172 109 516 774 712 894 986 132
906 195 212 15 493 26 338 606 989 906 40 191 153 673 298 905 859 306 795 27 881 36 22 851 18 522 411 280 222 692 448 330 724 912 156 215 80 664 763 624 561 252 527 427 293 144 477 230 85 799 477 342 882 634 479 358 213 929 824 39 322 389 828 861 444 508 744 805 389 322 367 49 349 924 356 171 453 250 668 333 940 195 344 340 18 924 202 613 162 116 424 63 585 371 207 487 908 617 876 249
664 671 199 631 278 463 102 503 699 997 954 512 90 561 139 787 982 695 143 302 962 715 433 650 931 922 5 987 57 270 98 723 332 163 280 109 501 366 447 289 131 813 138 894 214 491 11 1 848 577 31 128 294 798 558 170 519 620 996 144 267 99 981 769 754 956 270 525 137 460 226 671 567 517 677 569 872 845 33 11 876 720 912 168 692 480 11 631 802 700 366 18 565 530 754 219 23 493 456 728
217 502 372 300 568 51 325 989 674 330 811 42 299 841 849 765 614 216 164 739 345 886 279 475 537 697 974 730 799 507 421 948 195 703 170 761 412 926 722 832 76 57 939 696 158 627 673 634 375 227 143 304 812 324 880 752 680 280 788 641 506 243 128 519 913 345 493 186 227 558 560 843 510 319 67 296 415 761 200 515 413 688 44 15 922 827 21 17 624 747 427 262 981 883 281 777 41 601 711 301
338 198 924 614 3 981 205 796 526 464 268 623 932 745 696 317 567 260 676 585 712 351 206 878 586 502 469 361 491 594 452 446 154 937 143 655 177 685 981 209 549 702 192 764 719 428 117 713 656 484 436 876 497 900 116 528 722 331 3 556 656 200 864 710 210 5 407 576 551 133 78 800 431 781 703 565 677 653 861 327 981 567 728 521 244 810 636 338 448 229 314 324 283 939 942 302 951 431 485 595
689 688 882 166 598 305 158 901 713 354 482 754 867 476 906 144 146 357 719 900 610 779 462 667 832 486 930 743 439 162 460 243 531 806 867 135 893 733 604 169 426 674 326 410 903 708 843 258 67 950 797 359 806 609 371 923 798 941 846 482 627 848 272 683 289 882 445 510 865 416 298 7 510 869 871 700 407 532 903 880 429 291 146 839 65 942 269 288 637 681 472 588 792 840 294 812 945 357 33 240
170 676 812 977 72 695 464 244 300 884 31 816 847 209 802 294 319 408 458 686 924 712 1 122 447 53 220 109 438 987 910 251 996 732 648 572 255 505 965 967 519 233 94 632 618 361 629 117 674 923 955 49 899 168 105 300 267 705 374 804 966 547 24 743 896 898 417 451 511 323 274 393 271 402 751 772 453 317 602 202 90 238 334 983 773 682 242 89 891 812 880 975 655 314 278 554 125 190 202 197
752 399 805 794 972 787 68 44 103 267 89 403 425 293 517 395 72 623 266 562 261 497 438 336 72 851 714 627 647 98 45 809 554 281 799 634 992 601 377 243 783 220 879 698 218 552 123 807 281 997 474 786 151 841 441 320 62 866 175 895 454 169 645 526 132 309 53 285 743 917 721 541 697 75 141 629 137 603 810 694 526 221 207 281 847 805 326 1 226 104 111 522 713 459 746 474 803 862 229 592
156 186 187 368 935 256 460 654 268 307 107 616 842 841 775 953 735 571 177 758 907 314 588 36 704 766 972 701 83 112 702 994 109 760 759 296 567 621 676 734 495 613 217 746 47 706 963 522 515 685 209 305 364 132 205 33 898 990 764 91 345 607 809 100 413 552 309 295 507 804 758 890 512 767 451 413 610 268 141 219 75 660 888 465 754 581 787 832 133 537 988 32 736 555 531 496 13 833 961 280
270 429 390 645 972 487 545 361 466 676 478 590 903 834 716 603 744 680 50 365 385 719 209 120 240 18 34 20 928 988 708 199 134 383 92 730 695 881 452 174 36 392 145 427 440 618 437 15 890 956 226 198 852 281 638 121 294 702 832 404 784 660 33 565 534 545 377 556 1 833 696 392 959 354 506 23 838 412 762 42 759 737 457 428 97 474 43 23 14 691 270 306 594 824 157 265 567 957 135 627
788 3 562 906 78 824 24 89 813 884 708 211 993 970 666 890 847 164 236 180 360 591 19 322 361 499 757 65 722 252 679 928 794 324 552 640 679 763 34 642 307 452 623 210 902 371 800 761 841 441 771 791 187 260 300 940 761 619 491 479 181 290 731 988 986 290 561 152 184 917 281 447 94 867 178 576 525 429 825 214 813 161 769 145 817 63 53 150 220 392 358 150 769 129 772 112 714 220 430 913
