699 712 620 855 584 418 111 495 188 669 446 210 464 144 798 181 676 691 227 625 857 130 459 17 652 224 597 547 328 290 975 463 882 35 73 52 344 851 777 318 909 444 36 154 440 284 89 841 810 156 278 343 851 593 825 533 937 364 539 847 823 286 751 663 822 887 294 401 548 462 174 300 946 982 216 237 299 590 286 513 102 247 426 203 309 752 3 460 172 95 141 36 165 113 418 682 436 431 503 489
252 206 83 809 767 149 398 286 826 52 207 587 207 686 765 299 133 457 160 782 230 858 432 689 631 442 869 777 232 548 39 921 29 739 382 60 501 911 567 494 581 290 341 425 49 628 835 824 257 369 223 721 58 611 69 9 751 535 302 471 813 337 15 271 318 185 977 515 506 714 879 968 223 130 368 864 961 920 700 861 633 169 145 990 176 84 340 678 132 436 323 301 833 353 692 27 690 918 779 343
64 92 226 605 169 40 600 126 374 954 285 858 694 688 883 285 391 963 251 360 167 686 573 581 71 456 543 716 548 193 296 397 549 14 3 748 323 607 809 268 224 535 43 476 183 866 232 791 794 445 125 288 845 23 211 102 171 840 261 907 836 847 858 269 303 852 494 281 876 143 430 423 726 727 50 818 947 574 887 647 704 385 92 658 511 706 925 120 574 764 913 486 652 509 623 823 156 497 683 257
611 661 44 695 652 316 345 723 304 200 811 41 790 350 272 819 633 255 773 348 124 117 463 308 172 924 839 731 822 800 910 167 735 868 9 162 334 504 474 157 672 507 467 487 331 968 807 270 670 667 509 162 533 415 965 12 391 825 300 462 720 145 563 498 494 16 365 969 918 84 422 355 501 926 604 990 18 673 18 437 184 181 898 186 826 732 117 779 905 114 359 733 455 705 563 455 492 129 463 118
453 510 410 315 926 850 512 620 565 639 698 861 965 604 606 627 375 449 384 777 219 663 739 579 376 647 208 476 429 347 185 903 528 915 789 215 824 127 149 119 955 622 392 739 168 711 348 471 94 568 568 760 961 940 890 864 191 566 454 349 972 203 101 834 495 653 335 908 609 905 908 850 38 950 47 28 391 753 76 229 127 291 904 293 507 743 715 902 573 499 925 254 778 177 493 927 578 732 959 722
76 846 582 665 764 789 776 536 527 999 866 204 621 547 544 29 57 494 443 684 74 398 384 520 714 870 774 1000 762 257 272 510 49 803 900 903 938 249 935 217 414 885 508 359 151 303 499 782 394 309 401 610 314 673 782 763 41 524 789 730 343 297 709 54 793 748 496 12 497 277 912 252 624 418 383 819 314 587 156 59 367 431 811 506 555 615 401 408 212 701 746 205 713 877 530 479 429 560 605 310
453 582 477 57 126 262 321 599 4 950 527 293 81 145 342 960 535 243 20 922 459 266 208 87 579 581 923 207 250 197 82 706 947 700 146 485 303 866 7 193 804 334 103 984 637 874 530 646 164 324 620 65 159 137 591 512 645 615 288 283 408 829 951 794 708 713 169 783 66 481 430 522 794 784 692 131 20 14 608 176 37 389 42 494 381 991 4 136 797 376 611 539 251 616 290 764 167 389 540 793
955 207 988 293 700 566 135 860 462 972 230 118 897 450 568 225 527 43 280 616 296 191 148 331 687 830 349 350 788 54 21 306 504 342 213 902 319 447 957 320 212 761 934 220 513 63 79 368 933 907 830 688 898 74 683 205 203 830 38 643 939 809 397 931 837 636 219 518 980 672 183 271 133 485 43 882 833 79 817 381 741 288 783 54 9 813 702 48 248 190 80 334 783 348 668 481 398 752 970 290
34 456 870 416 165 588 669 952 986 647 939 560 562 54 801 831 578 208 157 470 646 582 568 855 824 88 684 305 955 984 60 601 110 159 166 219 444 181 307 740 155 826 262 796 317 387 925 9 856 742 863 177 798 588 87 647 257 866 789 13 224 775 589 627 132 974 934 799 623 13 49 551 551 324 617 566 554 56 459 538 152 60 108 98 15 54 706 492 694 162 561 821 475 804 278 768 826 415 147 190
550 123 195 415 389 440 693 920 808 844 305 393 54 202 535 633 757 526 462 833 866 991 273 527 433 803 73 260 356 363 626 2 877 411 890 198 181 465 735 176 316 67 571 597 265 15 14 685 13 483 193 853 336 443 773 894 702 96 173 716 418 394 85 622 401 858 632 723 466 110 635 505 710 901 720 707 840 506 46 921 350 705 111 1000 666 843 84 275 742 172 553 2 490 760 288 363 541 717 841 395
698 485 705 330 509 47 536 995 697 405 816 333 645 703 394 754 741 854 267 233 782 40 982 951 25 257 405 690 965 622 23 306 770 803 487 409 422 686 287 873 236 240 952 516 762 33 106 509 785 304 169 588 510 537 762 977 622 446 664 862 540 528 708 431 774 378 750 597 39 687 904 801 764 21 740 671 332 106 546 618 196 713 903 620 749 566 567 992 281 381 821 606 221 250 809 993 905 356 71 256
462 135 303 66 647 954 482 395 794 514 120 813 182 566 591 115 712 584 964 621 896 242 212 385 960 842 887 816 58 228 857 561 353 777 526 954 691 310 647 372 780 478 664 433 64 456 86 595 542 59 376 912 223 505 320 831 927 715 985 174 694 226 616 686 234 627 826 23 791 439 283 453 124 503 132 437 521 193 804 188 439 901 108 644 90 921 610 615 282 355 174 733 225 324 453 864 311 109 517 373
631 81 459 561 895 590 429 462 214 522 75 222 482 547 810 62 261 76 887 397 320 856 709 44 118 880 423 529 235 824 535 818 108 959 364 850 482 933 457 786 285 189 182 125 336 763 38 893 70 47 96 648 543 453 352 783 512 270 699 645 271 718 366 158 652 523 215 546 103 379 249 595 970 34 287 321 754 161 18 686 624 9 22 541 882 632 717 920 39 644 950 578 310 689 648 710 241 347 171 489
587 200 1 231 96 712 415 779 743 261 190 764 485 529 20 567 753 190 618 180 752 114 226 665 515 405 627 540 518 687 800 459 171 233 706 597 66 913 530 551 826 530 261 787 125 70 129 751 493 782 412 249 133 884 919 550 285 834 942 142 656 911 61 340 621 444 329 482 494 86 737 279 787 399 27 964 220 254 488 964 390 174 992 266 376 989 168 7 772 958 621 915 107 120 235 717 347 239 989 819
739 569 349 743 248 557 149 369 581 937 685 197 790 18 675 525 818 969 759 511 375 806 904 68 528 80 726 824 537 105 132 233 806 746 680 260 850 139 738 790 620 575 445 569 398 206 863 342 41 100 517 448 195 976 631 893 329 518 235 868 701 560 503 38 219 666 502 530 647 419 93 465 57 78 203 341 927 469 179 14 908 858 63 445 654 711 14 206 126 484 544 175 639 743 698 634 816 152 140 12
256 901 904 411 709 684 531 826 991 111 299 562 391 972 328 662 920 487 310 144 997 4 43 486 675 179 110 108 671 523 800 125 928 284 637 913 122 262 229 777 458 138 626 28 359 51 877 184 937 100 547 685 108 345 466 479 166 438 867 624 543 293 834 910 867 525 963 893 425 126 144 635 550 95 16 450 925 764 579 549 140 922 401 886 344 399 506 464 373 775 131 907 597 762 61 717 374 85 750 324
383 331 426 73 449 990 563 482 544 146 296 73 354 196 393 442 356 808 594 328 36 550 961 248 206 572 530 728 611 107 656 484 289 140 595 191 907 624 241 155 982 60 915 514 219 973 483 37 706 783 202 975 392 540 560 568 457 492 452 64 378 18 745 100 581 88 1000 112 549 736 667 804 622 782 615 339 196 340 90 904 241 460 877 592 135 228 864 195 918 615 116 804 272 927 429 863 100 323 785 508
537 515 979 265 884 349 48 74 555 524 21 370 374 213 186 42 596 920 712 283 454 333 274 634 723 587 608 464 621 503 190 645 836 46 708 148 717 968 167 396 115 259 342 26 930 672 432 226 470 969 578 579 992 913 89 335 4 127 481 649 27 704 653 787 335 162 1000 449 311 571 770 127 62 22 495 249 33 612 486 782 315 769 172 640 493 335 694 976 91 648 853 775 821 646 533 138 38 820 888 34
291 132 287 359 720 539 146 360 955 758 706 891 837 345 615 203 667 542 268 299 773 125 221 977 893 968 527 279 139 779 442 88 543 394 216 913 523 831 297 503 500 4 668 673 101 636 59 284 901 799 681 58 234 436 364 389 544 826 415 442 910 457 268 646 877 725 699 882 934 49 244 469 347 807 185 264 396 558 460 136 440 734 432 267 198 484 14 497 729 350 675 198 887 680 594 638 810 625 227 930
780 693 452 603 948 14 513 380 383 285 407 609 142 93 856 238 744 666 346 328 98 132 814 69 530 492 267 807 591 647 156 50 923 604 216 520 654 45 348 822 38 4 397 411 854 444 237 322 751 877 677 865 711 140 528 187 132 745 536 190 474 487 81 178 448 291 41 158 111 687 202 0 440 899 976 865 400 956 158 883 690 724 60 376 654 76 909 224 307 152 584 800 98 667 275 870 209 355 148 354
551 213 953 696 874 785 599 655 622 9 372 307 740 329 753 160 858 774 394 297 605 718 594 526 186 524 511 61 921 557 160 994 918 940 0 114 255 595 580 999 744 348 189 363 359 341 418 232 649 916 409 969 946 109 175 848 880 926 585 794 495 951 330 236 822 852 70 807 666 168 885 51 798 384 595 406 820 33 725 197 374 752 564 300 964 240 576 298 549 735 424 612 248 254 630 1 483 48 972 183
0 817 367 461 547 41 875 668 227 654 70 936 170 181 737 746 930 516 223 773 631 501 10 849 226 373 594 779 402 350 311 495 928 187 113 977 45 745 970 738 62 288 829 946 839 204 745 986 58 601 446 785 836 286 751 960 646 453 482 661 867 572 73 434 993 613 873 700 5 822 91 243 734 609 255 506 502 493 865 247 74 179 179 63 852 102 75 74 932 853 89 852 384 361 662 60 689 561 134 835
448 368 227 891 279 368 174 853 979 873 366 417 243 615 880 216 155 853 605 73 851 744 983 614 40 292 558 581 782 65 130 38 807 195 474 405 559 432 917 213 623 845 925 416 925 124 161 201 620 555 599 455 796 141 476 950 896 294 634 548 385 131 10 985 961 761 39 718 661 344 74 255 117 952 795 646 520 358 408 248 147 547 136 827 430 306 589 247 597 590 738 577 727 895 881 988 697 668 960 369
246 761 612 565 788 259 186 147 268 2 177 669 118 113 530 810 583 565 526 322 780 401 728 875 705 647 876 323 835 472 826 858 484 19 655 37 342 613 281 308 495 426 885 862 550 120 86 29 515 115 405 107 903 406 157 84 293 632 195 637 821 169 915 22 72 744 550 410 603 334 644 559 925 902 473 422 422 664 360 971 735 982 816 614 7 31 826 610 343 108 11 896 73 832 69 74 736 981 627 409
784 694 777 688 703 73 667 352 403 358 128 253 305 449 229 139 316 915 820 412 194 395 1000 550 411 629 705 433 683 651 494 552 890 526 297 145 8 124 668 719 241 225 531 807 581 983 244 524 126 664 207 767 929 739 497 553 224 535 733 589 594 127 325 87 377 617 453 834 308 62 82 7 808 793 724 977 523 197 555 299 601 395 538 234 807 344 640 432 837 807 943 962 266 64 968 647 502 208 593 570
178 455 223 960 533 202 938 338 901 691 921 965 764 96 662 68 367 930 548 579 682 124 596 710 910 879 47 976 350 625 613 562 417 997 878 530 287 621 322 995 148 24 816 196 785 94 417 813 546 169 702 909 105 255 72 989 726 918 567 160 64 31 532 390 867 733 630 538 302 927 290 362 464 709 856 225 747 551 691 758 969 453 288 284 883 273 440 804 859 145 484 974 34 237 873 819 348 580 583 532
918 961 652 103 210 445 613 750 646 217 813 449 548 956 920 778 153 849 836 196 891 68 558 614 345 544 667 870 132 972 683 421 265 736 715 344 464 797 340 83 753 803 87 195 782 34 883 51 922 930 107 347 256 508 599 785 27 659 767 475 958 667 512 422 596 485 208 619 832 169 117 741 631 865 607 508 306 196 785 537 988 198 60 506 186 782 121 705 983 823 203 158 228 572 335 559 626 260 391 630
187 332 737 216 943 433 230 649 812 399 828 31 635 573 783 851 95 500 577 189 486 678 210 688 152 85 471 259 772 625 183 184 898 500 624 729 944 651 853 303 921 918 320 827 4 706 176 62 648 984 290 136 308 993 815 49 785 145 200 903 370 304 402 537 992 830 818 36 64 304 982 126 660 688 585 145 99 618 173 235 325 12 331 975 20 213 608 892 846 909 993 69 52 486 792 557 262 658 830 837
81 537 399 729 858 198 650 141 721 455 384 804 518 767 575 97 380 320 690 466 572 550 138 917 170 197 56 11 868 644 437 999 504 413 8 675 419 513 915 796 478 728 353 135 320 373 441 727 114 601 839 615 934 128 147 250 582 41 343 345 183 547 76 15 295 414 515 747 72 561 772 187 476 49 290 278 968 155 609 218 814 670 58 555 594 692 365 195 247 937 638 610 99 743 601 141 814 278 21 851
780 247 954 928 728 264 237 854 593 212 304 520 891 64 507 425 162 11 206 478 580 462 827 155 455 319 597 437 225 177 717 564 576 577 327 410 40 68 687 77 466 497 120 36 314 777 792 949 321 239 575 725 281 31 586 887 413 446 885 869 799 120 751 165 141 406 76 36 637 445 471 546 168 448 196 977 74 531 49 975 621 769 890 384 378 264 48 208 533 973 435 103 537 92 257 775 90 914 143 368
41 708 639 819 940 81 55 942 570 35 463 441 451 856 653 104 67 390 968 946 37 940 771 262 558 626 726 415 855 506 845 992 641 798 296 202 995 679 693 984 175 614 722 173 44 308 892 893 304 397 175 763 858 753 863 735 782 9 452 179 481 161 90 942 607 855 576 946 926 84 381 881 434 487 995 580 71 844 656 279 33 271 151 374 746 220 972 724 591 57 357 659 383 266 144 869 883 903 691 364
822 110 926 533 941 429 417 490 627 402 336 591 235 694 890 627 473 479 475 855 783 983 199 709 852 720 599 896 553 451 664 372 249 818 933 803 685 734 701 639 474 649 863 310 841 266 175 409 638 358 137 71 472 753 820 809 113 180 738 739 734 121 498 580 173 608 485 313 508 14 818 668 179 857 957 562 71 72 429 725 269 558 202 97 181 870 477 824 598 866 550 184 243 257 220 539 305 768 145 34
864 270 833 252 584 320 626 351 687 905 487 583 859 556 217 385 59 838 756 945 899 607 15 260 226 657 701 898 640 690 955 394 486 582 149 90 448 408 603 55 994 579 240 723 187 477 694 613 53 166 930 118 394 790 845 171 176 505 773 171 287 482 245 264 973 420 303 723 737 144 541 424 339 215 202 923 404 634 223 587 929 908 28 258 757 435 738 867 948 201 886 700 686 294 655 453 639 493 691 142
505 365 7 795 517 165 243 477 918 461 400 22 910 405 968 206 575 804 580 682 620 235 496 879 302 283 528 739 662 884 224 148 987 153 85 922 110 255 972 434 914 524 819 728 861 11 529 742 598 884 716 405 85 551 798 646 516 44 865 978 603 727 164 265 616 823 978 801 540 694 672 897 299 931 928 837 878 177 299 529 709 740 941 799 183 554 119 693 830 648 542 630 959 179 198 701 96 486 483 477
456 307 536 526 497 38 762 979 307 418 623 763 904 102 957 209 612 840 393 553 667 63 820 239 368 990 835 975 188 946 931 899 567 629 668 346 70 747 80 899 802 631 723 474 908 501 589 685 353 856 926 422 483 902 872 12 550 61 949 840 901 957 605 300 515 767 372 157 861 807 777 356 353 361 700 94 499 264 196 527 487 925 820 413 984 679 101 518 659 354 553 26 37 626 733 723 563 418 149 606
18 39 702 273 721 593 733 319 309 888 942 250 230 204 888 178 734 998 644 290 865 979 908 122 720 684 132 208 95 498 568 976 446 876 545 614 860 997 329 420 380 620 483 796 650 631 59 73 136 808 887 208 407 790 415 46 756 75 485 480 130 405 336 592 34 497 72 386 605 270 639 320 741 259 164 547 667 793 528 169 591 649 61 807 271 978 703 592 842 520 83 719 209 86 269 16 168 265 659 264
528 547 876 590 754 818 326 930 87 996 450 65 929 872 949 587 172 176 175 138 901 780 182 362 40 98 831 873 907 442 887 510 794 988 107 573 123 516 94 263 847 465 476 38 144 252 432 342 610 51 478 397 448 44 615 499 352 356 511 922 260 302 570 258 218 482 578 532 744 207 715 99 506 230 600 304 463 148 920 785 631 66 555 979 712 328 806 132 562 191 915 674 661 223 297 283 610 1000 766 603
508 847 801 213 876 384 836 719 312 506 79 588 979 422 120 140 939 63 354 952 107 110 132 263 698 493 601 406 782 331 285 32 972 463 357 317 364 157 251 19 915 493 560 918 798 470 158 386 469 295 53 367 171 611 657 542 301 394 888 489 585 247 243 747 449 565 436 48 354 255 729 368 514 698 191 288 689 945 911 112 880 103 787 481 0 767 677 362 932 291 367 240 451 173 379 351 699 140 848 209
76 480 944 597 365 521 116 868 17 680 297 859 695 3 242 947 124 351 541 408 495 568 293 193 272 170 488 506 535 125 317 996 41 553 13 660 420 819 334 866 901 298 129 614 915 258 846 308 979 76 721 476 987 191 450 529 866 338 963 51 92 106 740 942 29 486 235 272 965 648 547 970 140 83 558 535 826 270 950 378 40 928 878 831 196 110 304 452 39 666 534 167 975 569 330 542 615 652 51 218
600 599 95 177 731 787 168 967 632 55 468 688 803 953 731 243 889 883 782 869 990 714 224 618 626 40 954 581 538 674 538 111 489 212 195 584 703 57 647 632 231 85 678 550 527 770 770 493 940 788 138 959 563 83 590 670 185 19 733 874 549 337 788 851 417 119 365 885 54 631 951 522 171 261 346 405 892 765 508 996 854 146 118 424 364 944 683 267 563 988 187 529 353 127 784 408 287 717 44 113
187 867 1000 458 553 741 562 243 505 359 554 847 374 983 355 407 690 451 596 228 780 832 97 368 911 799 285 93 457 844 730 796 742 298 641 218 408 159 734 257 436 913 708 304 443 544 135 111 460 154 375 790 418 916 174 76 185 74 374 560 73 558 469 442 672 945 907 647 810 260 709 344 202 258 510 482 895 496 344 50 226 106 772 746 766 590 915 227 837 384 802 593 989 919 439 689 892 207 854 989
806 466 194 374 401 607 929 250 611 281 44 785 28 600 70 781 587 843 54 517 467 784 9 258 835 972 516 292 46 927 397 10 741 638 225 638 571 311 660 68 781 432 237 132 812 662 909 477 756 362 251 704 871 1 880 830 418 557 492 574 853 57 987 923 35 914 433 263 247 147 155 521 770 371 181 680 433 730 130 892 567 130 951 588 309 408 484 606 510 771 905 266 685 789 190 338 506 160 687 423
6 757 319 119 471 495 839 795 597 514 851 844 606 245 447 559 946 196 205 782 657 321 680 235 770 607 13 724 688 631 497 455 943 655 346 366 756 937 714 602 87 230 83 103 796 874 750 919 149 545 379 710 621 81 644 793 625 609 584 876 779 738 643 192 752 722 576 8 108 203 56 211 822 327 591 426 761 890 627 808 353 835 883 114 647 165 281 370 160 834 46 397 355 304 647 737 807 175 864 64
857 898 67 633 49 399 407 357 555 706 204 768 628 250 86 480 174 456 224 867 949 266 775 966 174 633 67 118 416 201 325 527 754 423 366 939 613 699 334 187 767 683 22 937 583 643 133 300 216 763 810 959 232 976 89 657 804 102 80 439 325 37 355 867 195 584 887 202 953 115 413 111 721 274 212 932 390 744 841 472 982 319 532 452 891 678 149 741 918 812 6 175 81 876 272 632 70 463 633 560
89 983 259 858 740 714 94 26 150 973 693 795 184 941 1 223 54 1000 137 709 718 861 651 629 271 198 964 852 529 182 956 598 288 813 81 683 339 204 471 29 153 666 967 840 238 190 426 122 673 967 549 399 781 740 967 579 125 849 217 457 41 707 439 936 805 464 472 817 592 293 472 804 573 420 345 780 510 958 865 635 956 123 776 438 899 94 821 949 270 467 240 93 376 786 779 308 919 951 922 952
254 600 789 922 350 540 143 691 489 789 156 513 935 727 702 572 85 615 807 759 603 232 686 664 310 419 936 276 26 327 835 766 944 471 474 609 878 983 822 210 167 926 981 791 705 589 633 29 305 842 841 429 268 501 477 892 358 157 708 238 512 505 652 781 400 907 89 413 926 683 921 732 431 596 291 816 710 628 502 800 58 97 511 499 490 508 910 958 343 110 611 561 237 989 992 219 190 623 707 0
580 416 16 786 310 402 959 64 745 1 274 780 203 147 107 766 0 150 756 378 273 608 187 990 864 581 387 340 935 698 474 853 424 910 130 879 586 339 316 213 448 534 499 183 211 527 789 486 960 452 475 811 28 946 642 691 682 739 471 228 864 571 28 656 538 641 377 437 390 349 426 33 149 966 79 72 453 985 967 0 503 44 581 581 721 136 126 276 124 371 65 871 103 942 522 634 509 577 695 647
890 674 665 446 512 991 810 112 652 282 265 709 140 57 326 601 749 780 329 841 99 296 2 682 22 279 772 264 773 848 380 37 198 112 991 134 811 23 966 321 991 493 212 729 205 429 991 19 436 619 864 843 324 340 277 43 143 201 995 551 732 652 954 875 833 822 910 2 978 944 212 663 87 131 829 760 544 74 555 894 758 378 9 719 492 875 645 480 4 703 811 200 797 61 757 14 484 651 747 761
605 843 234 608 490 458 406 900 18 704 451 446 83 212 869 146 120 709 276 249 152 146 441 40 291 338 636 530 662 856 434 992 425 776 599 699 105 708 924 917 244 456 821 83 810 224 939 6 928 971 645 280 695 794 344 88 193 194 228 320 929 774 877 17 68 662 985 25 211 766 763 662 512 428 11 91 419 586 635 639 968 891 336 722 455 124 937 497 296 488 64 873 592 523 667 536 772 341 370 355
583 593 824 220 581 674 486 875 543 75 815 95 14 481 689 568 891 910 692 58 28 291 822 429 94 700 509 419 837 968 569 412 889 646 716 277 800 418 875 879 59 403 736 17 379 879 474 574 852 180 883 304 959 224 536 312 45 573 848 477 992 514 570 194 631 574 827 924 663 839 800 197 137 677 270 474 851 676 837 994 565 333 835 860 2 898 890 401 602 964 738 526 886 208 585 319 358 708 428 810
329 851 833 801 676 77 892 413 624 167 237 716 792 674 383 261 688 752 777 111 562 156 451 615 608 843 880 224 316 169 561 237 271 868 422 145 94 918 970 121 128 874 869 61 336 213 503 997 988 736 604 466 972 405 54 997 605 561 203 595 851 295 484 287 914 71 174 399 922 114 753 414 516 469 518 102 198 542 327 209 484 768 529 120 835 359 114 563 376 157 68 796 496 959 876 674 347 623 810 166
883 464 868 364 229 314 615 614 919 359 665 779 285 124 2 10 593 39 130 590 520 621 841 721 290 177 268 688 960 456 917 857 214 5 444 909 688 993 397 610 937 931 578 904 72 656 139 792 570 880 322 903 264 752 207 60 252 786 750 278 271 347 766 728 784 242 706 185 126 756 210 40 977 33 470 306 701 687 963 9 771 113 599 298 557 309 639 732 418 14 757 827 588 575 704 847 44 212 971 571
120 261 137 674 625 259 484 622 960 78 365 368 375 986 738 682 26 552 619 234 319 762 879 758 603 916 91 209 730 995 886 272 846 908 811 917 572 586 461 518 142 119 901 223 754 288 192 985 59 867 133 283 766 245 499 482 810 995 604 667 91 992 505 19 124 935 570 60 303 747 958 681 716 291 701 350 378 240 751 967 188 97 468 237 759 218 343 23 306 744 448 7 290 19 137 629 137 765 320 322
244 50 712 51 959 604 204 725 94 13 64 205 972 160 936 425 513 847 261 284 761 441 758 410 29 447 838 833 535 78 190 287 575 204 628 620 193 176 27 845 943 682 665 493 138 162 342 118 535 749 851 769 346 92 778 658 850 113 589 19 655 888 755 177 187 295 189 97 546 379 562 470 655 700 750 369 618 14 928 824 752 815 402 59 694 20 68 640 839 617 20 489 177 536 695 441 238 373 950 725
840 84 370 152 985 629 607 825 197 332 960 300 959 333 188 339 855 531 354 491 798 517 159 908 550 854 774 898 403 286 680 823 92 327 314 119 642 993 245 548 359 576 625 625 349 957 848 525 334 537 916 21 537 21 902 30 919 70 211 709 422 776 438 716 585 229 724 364 948 763 201 781 51 394 278 378 972 524 249 628 6 291 753 311 10 123 305 226 716 878 873 402 844 342 965 259 85 300 197 606
724 4 244 697 100 105 713 730 542 513 325 435 715 331 816 92 73 817 484 917 58 192 192 527 554 49 424 78 192 415 473 614 236 829 459 984 241 434 522 899 532 764 643 688 906 361 793 271 109 353 809 443 753 928 217 549 6 229 78 902 76 850 82 529 285 614 370 819 248 860 502 977 340 47 764 169 180 570 548 574 654 838 838 209 137 855 904 744 554 370 463 554 151 598 838 54 143 68 986 23
137 793 334 993 492 646 834 545 279 786 235 648 897 413 778 533 514 638 76 977 924 304 525 356 243 189 808 70 525 654 12 846 959 698 501 341 308 291 72 297 982 328 817 153 82 311 119 234 61 173 177 688 334 402 331 856 72 482 522 510 346 314 719 781 818 295 920 264 819 209 684 620 151 838 592 681 96 621 525 658 705 236 355 711 839 702 126 893 778 93 501 355 284 563 602 735 802 98 822 200
264 541 304 792 98 627 211 955 441 449 825 150 463 72 169 792 370 952 570 123 695 595 593 708 514 999 203 306 571 874 721 839 799 140 367 811 678 76 316 3 689 314 865 906 228 954 509 84 280 921 675 238 967 795 331 537 844 129 95 628 784 336 296 109 356 907 590 380 591 458 258 235 234 798 230 462 349 733 527 605 456 0 555 220 266 193 35 160 538 775 520 382 464 77 742 475 278 149 941 711
417 980 457 511 307 379 588 287 156 592 393 461 282 879 221 306 614 948 268 399 370 466 948 67 346 367 945 906 907 76 463 183 335 115 370 151 175 829 322 783 875 810 401 226 525 461 227 181 128 823 879 456 633 580 757 369 711 250 488 972 535 546 446 86 698 544 88 446 119 434 412 53 807 433 976 278 33 728 72 172 164 474 38 634 998 834 55 194 392 592 45 579 331 424 929 989 468 894 953 390
337 207 524 680 271 980 642 280 779 113 704 507 431 626 607 317 297 846 519 182 832 219 633 53 33 983 686 412 460 213 606 921 494 381 46 29 539 915 826 425 171 677 602 813 394 248 718 754 733 97 236 159 423 934 309 542 905 100 550 12 989 896 646 154 392 946 980 670 521 849 329 392 829 913 398 302 485 508 260 570 470 764 208 800 364 212 247 275 442 149 456 779 233 108 588 36 870 956 406 729
467 586 107 580 872 635 294 258 40 603 885 164 330 419 630 355 33 719 614 115 221 461 988 124 982 37 803 89 535 858 706 261 946 997 47 246 947 731 871 84 539 0 681 625 649 318 507 70 789 474 121 906 390 768 822 79 583 716 537 532 200 196 905 453 370 941 46 399 232 817 677 989 305 730 830 479 835 524 749 374 452 968 990 383 908 226 902 931 566 937 826 247 213 627 686 972 366 472 827 111
677 380 803 659 359 43 958 886 70 521 458 43 527 722 511 423 388 463 310 243 357 964 508 364 843 620 721 48 675 75 291 561 547 323 442 788 901 600 933 511 35 850 908 589 56 313 37 497 577 761 337 442 773 254 711 998 215 298 104 872 454 542 85 680 427 74 965 88 746 273 658 952 720 588 684 809 741 127 413 259 313 96 490 573 265 332 507 914 827 347 557 543 618 837 718 366 51 855 4 43
289 247 391 947 445 876 747 328 502 113 701 957 283 630 466 995 19 576 155 858 489 436 499 722 628 945 953 205 258 23 126 646 291 801 618 246 787 711 395 360 231 647 696 996 995 162 457 759 196 888 194 295 223 555 595 75 557 222 369 310 180 888 818 974 607 629 494 717 979 501 538 181 750 628 552 696 842 63 0 459 312 630 30 467 732 923 738 517 928 813 591 261 384 89 738 154 670 230 168 825
391 37 117 672 6 618 569 755 289 60 259 452 101 741 592 430 290 991 874 876 364 404 542 988 431 722 481 655 875 892 366 777 189 587 892 166 860 455 598 141 840 375 382 53 789 310 809 657 855 998 26 788 724 387 949 338 468 31 759 754 473 766 336 677 891 541 548 490 963 555 854 13 593 567 119 941 38 217 96 496 700 427 558 847 425 811 373 600 532 854 917 122 176 857 699 305 642 229 188 772
183 17 842 977 282 119 720 615 261 846 328 484 195 214 82 408 826 254 482 777 793 199 855 535 684 606 672 443 925 339 707 704 458 970 256 41 863 681 922 360 843 345 1000 981 252 278 757 985 81 509 712 808 675 280 398 504 928 212 897 30 273 481 511 869 765 651 613 529 671 78 355 768 946 249 306 62 874 350 263 26 82 75 562 420 684 960 992 527 543 451 557 694 453 474 306 889 582 165 308 868
548 322 848 337 736 757 444 151 171 188 836 579 608 913 961 686 898 890 331 188 630 555 536 219 781 821 714 155 339 915 362 483 526 729 955 647 993 752 513 347 521 856 738 398 986 163 426 669 790 376 952 23 737 395 742 205 969 598 48 3 439 252 331 985 348 922 148 109 886 369 533 657 216 183 785 576 221 130 625 641 602 104 647 112 711 455 225 125 409 887 609 609 970 706 284 237 69 473 804 389
409 154 990 769 548 651 384 535 498 114 879 636 260 699 613 698 781 160 839 200 364 527 277 549 444 895 11 841 136 726 857 791 758 631 180 695 28 973 840 192 549 225 819 125 918 629 962 819 994 470 572 112 249 101 117 852 427 854 541 42 984 158 79 89 861 983 893 513 5 193 487 243 252 543 479 707 707 965 978 944 904 691 246 25 781 849 975 738 223 839 256 597 257 382 608 427 736 719 199 938
386 771 671 596 198 431 849 372 774 364 423 19 530 273 721 629 334 170 205 555 452 664 41 625 517 858 119 561 919 854 778 522 188 476 288 948 407 734 428 503 540 361 859 274 587 735 692 279 521 402 387 401 1 901 132 697 562 609 401 691 222 383 309 58 920 544 364 303 721 145 756 990 763 516 304 161 146 287 125 269 1000 392 776 977 945 874 106 206 677 199 144 18 482 507 741 920 750 717 758 568
271 754 406 864 122 925 384 555 573 511 426 73 409 840 57 129 62 743 498 38 586 521 98 110 280 330 781 935 681 772 500 591 407 469 433 817 373 550 981 600 378 77 181 309 769 307 248 729 56 841 636 352 960 234 190 699 271 534 688 364 458 984 371 969 446 153 793 740 84 50 481 11 633 470 20 968 816 654 84 638 949 616 83 541 340 643 407 151 459 874 762 1000 480 602 913 457 122 576 154 70
356 938 206 600 431 122 95 577 513 393 870 232 722 64 607 784 421 988 939 562 737 233 350 480 131 348 793 328 426 954 702 840 624 418 819 655 332 8 741 111 492 868 182 671 227 556 561 795 772 663 692 585 759 168 395 285 264 2 341 764 515 153 761 202 536 234 265 457 842 847 36 397 135 939 493 201 756 670 504 966 110 640 38 914 920 793 502 635 552 818 748 524 481 56 161 267 260 547 643 37
751 571 168 623 330 745 233 899 541 981 758 477 344 932 983 31 886 136 556 567 153 689 302 120 718 494 680 697 741 492 482 698 653 98 768 203 427 931 101 475 773 753 138 305 61 128 553 371 427 593 159 855 792 967 543 780 17 391 626 272 439 416 188 391 766 638 847 618 154 711 569 602 400 943 668 537 517 634 932 539 80 150 384 823 799 497 110 551 804 298 570 180 380 165 661 915 329 86 696 841
815 551 656 930 746 352 385 273 817 806 776 225 574 821 140 691 150 837 750 889 877 37 14 714 599 89 855 227 618 304 142 667 29 436 25 768 235 696 540 323 586 881 172 332 467 351 420 368 714 209 739 802 264 120 301 333 349 707 619 777 468 527 109 265 923 446 498 738 966 811 392 28 649 813 913 562 894 160 914 574 216 427 796 777 772 397 444 269 667 732 323 760 779 43 352 327 107 966 364 373
809 747 5 558 245 114 542 888 576 175 744 176 310 812 183 933 770 964 794 257 202 24 288 100 695 388 656 525 507 960 560 934 916 702 789 670 173 978 651 961 976 358 854 644 453 243 657 163 815 375 84 623 273 196 822 679 244 485 14 113 25 954 934 985 230 589 637 469 249 300 603 176 972 287 81 577 48 511 702 329 730 900 362 232 708 175 53 490 916 284 175 452 145 554 645 400 939 884 327 644
187 468 44 931 798 529 749 699 16 208 692 711 334 510 260 604 414 743 571 977 339 122 488 601 496 516 482 793 793 411 361 179 36 681 488 263 423 503 949 484 600 838 284 462 405 730 541 975 141 531 757 133 175 903 734 861 635 656 431 826 704 883 33 622 502 968 562 2 816 23 512 501 775 780 764 506 109 86 204 528 852 41 417 961 355 866 567 729 491 401 592 218 642 998 752 682 755 214 566 694
577 321 87 677 196 855 195 262 264 615 561 787 102 583 937 567 475 647 799 925 738 590 241 97 62 430 599 404 338 88 900 419 42 243 362 110 993 639 47 560 851 213 337 93 562 449 753 737 733 615 332 554 213 949 635 874 637 539 624 570 857 18 267 326 611 558 410 41 651 10 546 763 210 994 292 174 952 779 809 310 538 630 174 637 428 80 786 906 349 387 109 454 951 377 662 992 555 612 368 702
328 109 192 770 352 778 348 562 971 621 831 172 126 967 155 175 834 877 308 753 772 79 153 838 283 53 276 116 894 700 932 692 138 1000 355 85 635 204 760 565 148 650 882 19 219 491 865 285 735 663 930 64 35 886 278 202 335 908 122 756 354 920 149 488 613 559 947 731 450 729 992 440 564 517 237 97 246 222 100 632 882 764 810 619 499 404 342 41 710 535 320 963 610 468 622 598 92 521 929 426
108 400 831 770 45 529 714 678 719 633 449 323 86 544 13 823 363 382 851 400 60 51 370 238 346 146 584 253 470 642 828 825 82 141 839 378 782 876 72 432 172 762 855 867 802 195 398 889 997 568 586 51 672 925 551 411 204 870 358 457 94 132 798 611 440 459 107 794 483 531 474 783 619 185 250 689 182 443 646 593 874 160 150 625 465 263 537 494 951 364 965 478 814 791 162 983 272 387 873 183
368 66 496 178 692 301 705 601 539 715 284 265 594 78 135 102 858 380 603 126 237 363 644 74 549 318 912 399 485 31 652 903 802 916 640 760 599 153 700 6 745 95 445 186 434 603 823 211 440 497 889 13 86 622 844 109 406 512 505 349 226 711 337 421 806 393 847 404 797 237 409 228 758 657 781 183 606 836 821 130 899 730 997 417 666 921 985 868 192 557 22 381 524 663 733 718 373 654 439 674
119 5 9 591 83 918 309 408 104 437 557 125 75 819 898 602 984 538 812 80 358 664 348 276 225 491 848 820 382 911 415 458 39 832 419 266 658 695 44 421 845 68 447 936 818 305 395 316 312 395 700 813 674 505 409 807 801 732 944 242 811 394 123 784 28 901 869 728 226 963 384 873 611 320 583 94 713 930 268 972 339 395 810 587 448 16 521 176 709 575 991 912 172 634 425 19 770 367 768 842
845 695 856 846 633 748 551 967 997 997 738 286 297 701 695 912 749 638 119 363 79 7 933 358 893 137 11 392 939 800 273 135 791 864 553 839 702 169 265 892 157 830 784 88 463 966 575 85 192 932 589 520 249 298 76 255 658 606 429 601 904 697 108 42 732 817 444 675 18 948 753 886 470 743 646 23 294 724 768 130 686 188 884 176 722 713 766 888 848 855 401 492 344 25 725 299 7 85 3 18
581 100 710 968 459 438 807 455 310 170 918 349 25 164 112 182 796 522 16 198 204 232 998 871 217 786 346 720 961 790 418 279 282 525 141 514 574 731 113 291 947 528 860 783 354 589 694 144 353 363 842 970 172 378 454 875 687 874 139 852 525 150 726 9 876 910 583 17 188 658 559 555 523 416 675 638 200 707 947 93 138 263 549 80 666 893 78 803 95 631 499 85 168 218 568 728 74 214 949 779
626 689 634 81 486 728 33 790 55 539 956 0 382 611 210 342 762 634 790 214 643 312 63 188 672 534 561 83 790 767 829 398 621 206 565 224 841 921 53 879 390 129 818 756 144 960 20 30 910 317 342 585 200 735 437 729 690 600 134 221 399 660 560 6 114 321 589 918 766 563 277 155 368 783 494 80 132 622 99 135 290 280 364 334 26 180 707 812 686 296 391 964 852 303 767 843 53 487 95 238
772 276 212 399 889 200 344 407 812 911 239 901 623 373 156 839 706 332 858 318 100 720 774 429 908 364 303 559 525 953 20 433 957 942 285 823 798 630 445 64 746 813 47 267 302 237 302 622 548 167 287 855 171 951 172 950 749 138 828 156 662 649 917 258 947 410 254 200 844 991 627 344 463 9 804 34 860 372 476 976 664 544 637 850 848 202 120 902 6 795 291 23 334 362 372 305 143 136 512 707
56 707 224 309 3 447 76 159 678 199 286 851 612 152 881 805 706 653 743 633 989 148 804 936 913 939 792 60 401 906 320 771 395 203 0 174 586 327 190 172 246 432 931 285 370 403 808 37 194 398 942 985 518 259 419 818 389 376 500 372 393 201 875 692 316 900 2 518 261 904 183 509 140 898 893 756 225 182 654 79 220 206 532 794 78 655 915 709 267 1000 341 842 923 75 919 890 741 443 346 718
196 926 563 240 161 183 879 86 671 707 450 301 203 150 169 446 568 968 598 819 4 777 491 964 305 152 185 346 928 75 507 908 986 608 191 54 934 171 386 845 711 300 808 25 274 218 807 860 671 253 38 306 154 93 415 629 437 960 595 104 230 302 15 921 260 324 933 626 142 797 232 964 878 256 31 938 374 171 568 775 130 710 24 58 739 950 81 623 885 53 473 291 418 71 944 78 233 216 396 935
848 798 507 772 657 318 236 167 94 392 217 640 530 741 775 225 647 879 309 252 640 273 918 979 608 700 643 220 783 470 156 724 299 35 575 758 185 90 75 443 430 435 179 943 451 304 988 654 555 72 750 261 784 970 49 920 578 873 223 230 72 573 340 459 640 766 46 739 903 43 160 589 760 465 890 561 950 589 472 600 170 10 704 460 9 568 508 131 471 447 989 677 677 742 78 310 296 6 513 625
53 833 361 789 160 825 449 605 661 96 407 613 626 148 354 377 184 692 783 473 299 127 343 610 608 891 967 463 978 61 259 486 260 417 108 967 885 967 373 845 449 962 873 825 791 180 202 826 781 264 984 538 593 846 725 168 108 184 901 387 534 486 270 46 57 403 695 83 531 126 641 530 995 593 151 907 509 514 964 409 742 66 99 425 150 59 994 349 813 858 811 737 231 28 146 69 448 664 765 955
988 358 595 4 905 538 468 776 873 833 732 844 936 426 881 420 653 53 102 799 637 386 76 341 577 945 718 475 912 656 910 426 559 21 143 980 416 248 723 582 703 185 985 133 365 681 430 966 612 424 276 241 770 164 724 469 30 323 116 252 764 618 254 730 458 653 178 117 321 308 22 416 884 707 598 832 847 30 922 535 147 645 915 450 704 95 297 726 146 743 136 315 242 200 16 80 900 327 290 991
829 614 755 340 37 909 412 971 909 466 138 171 704 220 510 493 849 645 980 852 7 22 597 35 825 693 56 116 270 493 322 907 522 354 447 48 691 653 178 627 228 180 959 480 814 761 146 445 324 21 204 670 551 594 869 173 463 287 944 975 736 940 605 234 785 167 338 518 565 892 911 135 857 138 514 197 97 790 880 616 519 506 259 892 792 984 856 189 946 872 858 799 143 640 590 131 75 144 395 152
575 222 531 609 854 33 453 58 257 124 675 989 46 54 148 669 493 161 42 514 977 378 167 962 463 292 118 550 345 378 583 254 551 601 144 326 360 98 964 300 886 948 749 367 790 797 153 957 730 547 199 232 101 527 962 360 366 400 515 251 581 314 143 51 765 575 435 832 677 65 570 640 39 144 48 286 602 309 162 579 804 906 302 244 897 844 528 699 631 541 464 248 661 141 805 868 157 628 933 666
621 208 429 115 591 569 293 749 211 180 149 196 842 308 319 334 19 748 467 947 220 836 970 212 627 470 329 201 135 818 656 481 138 521 998 268 12 206 420 650 650 721 916 303 811 974 481 818 678 766 854 523 291 244 922 216 464 759 392 625 788 289 914 360 848 524 399 612 790 654 453 713 867 119 22 677 942 240 644 921 536 512 394 360 674 626 95 851 320 874 487 324 238 639 270 233 47 787 89 112
915 433 130 29 443 742 276 769 667 912 580 372 446 93 710 81 94 354 363 38 21 537 505 535 664 435 116 463 488 17 637 849 860 518 35 705 895 591 831 646 929 292 274 854 592 37 730 70 795 980 465 102 826 536 37 302 109 902 784 492 822 658 314 241 33 668 66 770 41 357 884 416 968 677 367 352 497 576 899 224 496 462 224 436 680 146 64 1000 839 942 300 186 626 809 397 303 523 176 614 406
374 434 909 228 664 906 426 404 778 401 29 902 641 374 185 584 573 204 454 172 117 413 367 341 35 941 305 226 926 332 558 789 166 880 216 698 615 592 313 147 612 184 328 115 593 288 149 655 864 474 673 703 173 68 808 14 484 659 771 18 151 704 670 8 796 950 371 303 157 996 419 123 378 658 414 53 25 112 802 295 732 625 779 742 756 275 84 479 644 979 729 465 608 258 841 331 548 157 272 435
770 91 908 36 482 376 562 811 26 850 314 271 476 791 365 915 787 290 534 711 530 586 870 799 104 210 999 267 947 959 773 959 492 605 867 559 274 312 62 697 953 13 585 979 784 57 314 483 850 286 1000 707 465 282 353 561 703 60 446 822 72 478 987 339 732 830 236 353 553 595 350 158 521 7 253 743 119 542 869 676 28 790 340 116 749 31 878 742 924 731 686 239 941 655 33 513 852 82 997 64
595 360 92 891 892 307 335 576 291 488 340 771 701 931 175 809 453 746 813 14 551 961 324 571 544 41 162 310 381 158 149 323 160 101 839 663 567 639 426 930 86 556 92 230 656 40 455 6 249 206 932 99 745 463 10 882 195 604 911 144 18 975 230 539 29 246 227 265 725 910 32 968 930 935 748 209 768 70 922 399 984 860 149 934 939 248 693 859 785 627 967 856 694 790 976 392 968 537 980 0
618 133 244 284 652 403 670 352 632 765 633 85 789 959 461 239 874 25 734 76 684 975 968 600 331 344 76 50 156 451 780 772 196 720 650 354 228 221 294 725 354 864 747 803 834 744 653 67 211 538 723 877 578 880 921 784 574 270 177 452 26 318 296 851 103 491 125 0 229 812 754 906 956 264 633 445 381 388 519 386 670 226 492 320 452 433 535 587 406 441 585 125 490 294 517 975 291 572 99 362
847 954 997 710 284 905 974 598 13 254 729 345 625 612 103 274 282 936 306 51 43 589 196 64 47 988 842 322 530 781 867 945 987 683 563 868 573 757 771 754 130 540 836 441 804 527 71 432 159 591 440 273 473 137 236 682 42 882 544 276 415 213 494 326 633 988 590 564 812 850 584 982 750 196 549 817 874 663 1000 186 989 212 893 421 37 246 821 949 167 113 808 136 455 198 790 756 300 453 717 889
283 395 267 728 703 247 159 41 477 367 628 977 271 396 442 596 624 200 827 43 306 895 802 6 8 127 535 107 590 822 470 680 180 189 814 285 721 389 838 291 26 162 429 686 573 44 341 198 664 243 548 713 684 643 521 586 922 333 779 294 437 630 86 692 118 372 228 199 400 725 828 667 897 782 842 29 919 910 753 955 324 738 966 656 519 707 792 132 994 408 539 206 239 527 170 600 275 599 823 299
162 62 913 548 813 266 99 354 195 887 136 927 861 986 490 969 713 796 733 332 437 98 802 134 325 901 4 533 345 518 967 242 149 286 519 294 640 312 600 300 633 455 966 450 493 427 449 756 435 994 10 602 376 217 734 510 148 649 290 181 512 625 197 9 250 155 52 237 923 373 556 330 630 830 897 11 826 561 75 539 471 985 237 308 968 90 386 799 971 78 800 216 229 199 583 431 962 429 33 826
78 33 32 988 263 439 932 92 985 146 470 234 85 476 637 704 770 189 525 256 521 194 872 828 121 127 765 317 652 157 632 116 35 590 604 735 285 183 532 773 738 679 737 767 766 919 257 89 488 307 282 351 51 114 754 471 39 707 700 327 266 307 181 59 159 540 947 296 729 107 89 32 273 674 743 778 837 237 207 771 649 840 595 696 683 686 483 453 213 521 418 869 620 73 325 364 518 995 763 370
