504	494	493	489	512	516	528	470	531	464	462	454	546	448	552	573	422	421	420	418	414	414	413	591	405	596	401	604	606	615	633	639	356	356	644	651	653	336	664	325	677	681	683	690	708	712	713	271	262	739	256	253	250	242	760	774	225	221	795	205	204	202	804	804	814	820	180	823	831	832	158	846	849	141	860	885	895	902	904	908	910	916	916	925	70	938	62	951	48	46	46	960	966	968	23	21	979	981	9	995
507	511	523	471	531	531	535	456	551	446	555	562	434	432	573	574	574	581	418	585	586	409	594	605	620	379	378	623	624	365	646	648	652	340	661	339	665	667	326	680	687	693	698	699	288	712	285	283	281	281	724	727	269	263	251	250	770	770	227	212	789	789	792	195	808	811	811	828	845	143	863	133	874	119	881	113	110	104	99	98	908	909	81	76	932	61	942	944	54	949	951	952	36	33	28	980	980	984	995	1
499	497	495	490	482	522	527	530	467	466	537	541	541	459	434	432	429	429	425	576	578	421	414	412	589	592	404	596	401	399	397	607	389	389	626	363	351	340	662	335	335	326	321	320	309	694	709	290	269	267	265	263	260	746	749	249	236	233	770	224	211	797	202	200	802	802	811	176	829	838	156	853	865	135	135	131	124	124	881	894	100	90	918	918	922	928	933	58	57	946	948	948	958	39	962	963	965	10	10	998
506	511	512	513	474	468	467	467	462	540	457	456	456	545	547	448	446	556	437	434	432	575	587	407	600	611	373	631	634	643	351	650	334	667	323	687	691	697	302	701	701	706	709	287	723	266	737	741	252	750	248	766	228	222	220	206	194	183	819	821	823	176	827	164	162	838	161	159	846	848	149	854	857	119	882	885	890	894	96	95	95	907	922	78	70	66	935	55	946	48	48	963	33	968	974	976	18	9	4	4
500	501	502	503	494	493	489	515	517	478	525	526	551	555	559	577	413	587	406	392	392	609	615	385	622	376	633	638	640	643	349	345	339	339	334	333	333	324	690	301	712	281	275	735	261	739	260	243	760	763	235	224	781	793	200	800	193	813	818	168	166	162	162	161	158	157	154	849	144	139	862	865	132	871	871	127	881	887	897	95	94	91	921	934	935	64	59	942	51	47	957	43	961	962	962	34	33	32	979	997
498	506	511	479	525	552	446	441	431	425	425	582	583	586	413	409	599	399	604	611	379	374	635	356	350	654	344	344	341	339	662	666	670	322	300	720	280	277	725	274	272	731	264	736	252	749	247	246	243	242	760	232	227	226	775	222	780	219	783	201	814	819	173	156	852	147	141	138	862	137	867	127	874	885	895	902	903	910	90	89	89	915	916	79	930	61	58	45	955	38	37	968	29	16	13	988	989	991	995	0
509	510	516	484	521	475	530	533	539	541	557	440	440	561	434	433	431	576	423	414	587	587	410	409	603	396	391	389	384	380	622	626	370	367	360	646	647	650	651	348	341	341	336	330	327	673	681	696	301	297	297	708	713	715	281	281	260	741	742	239	234	232	779	781	212	204	799	802	191	174	170	169	167	841	860	137	117	886	112	895	103	102	904	94	907	908	84	917	74	927	945	46	39	964	32	25	976	16	4	3
501	503	503	503	504	505	505	505	486	519	479	527	536	539	548	557	565	570	422	580	580	588	405	386	619	378	632	634	363	641	354	352	651	660	666	331	329	673	322	684	312	696	697	299	702	297	292	709	288	282	267	262	743	250	242	242	759	761	236	235	232	770	774	225	223	221	216	199	171	171	832	166	165	842	845	155	152	138	137	863	864	873	877	887	113	895	82	75	928	71	70	930	69	63	938	49	953	46	26	5
494	492	513	475	526	462	541	543	448	556	560	564	576	583	401	394	610	610	610	390	386	381	379	634	636	641	642	354	648	655	327	685	687	692	307	303	300	706	294	708	722	728	263	739	749	750	250	754	244	762	237	236	229	225	790	207	796	196	190	814	184	179	832	832	834	835	165	837	845	853	143	137	864	128	122	119	119	117	117	107	106	106	894	898	100	908	68	61	59	942	942	55	947	45	967	33	979	16	12	5
503	513	475	526	528	469	454	560	560	435	435	568	569	413	591	594	609	611	621	369	632	633	365	363	637	649	349	653	653	654	655	665	330	671	673	323	685	686	312	308	295	295	289	285	719	720	724	731	262	262	258	744	745	253	247	762	768	776	778	207	797	199	805	193	808	177	149	853	145	857	142	864	132	872	872	886	889	895	901	91	91	88	913	81	923	924	68	54	52	47	963	32	970	974	23	978	16	16	4	0
511	485	484	517	524	475	529	541	457	543	550	446	443	436	566	426	581	582	583	587	407	593	598	397	603	386	616	370	366	639	642	355	649	651	347	657	657	342	341	663	671	328	317	314	313	313	311	692	301	299	296	709	271	730	267	261	739	756	756	757	230	799	196	183	826	830	839	841	153	152	150	865	134	134	128	125	114	892	892	105	97	87	86	916	918	78	77	65	61	941	941	51	973	974	23	977	988	8	4	997
493	489	512	515	472	529	470	532	534	459	456	440	573	418	413	591	595	393	608	389	611	616	620	627	362	650	349	653	654	656	337	322	678	683	317	316	686	700	279	279	276	728	736	262	741	749	247	756	233	772	226	226	796	197	191	813	817	181	171	829	171	830	832	835	856	856	143	858	863	127	126	883	110	894	895	896	103	900	905	86	922	71	55	53	50	44	957	960	963	969	27	23	978	17	14	10	10	992	993	995
499	501	499	505	508	508	512	470	536	458	454	447	444	442	561	426	579	580	582	587	411	410	409	607	615	617	624	625	629	632	367	367	638	643	353	653	342	341	340	337	672	308	692	701	296	704	704	288	285	277	276	737	740	740	244	757	227	779	779	782	213	198	198	197	190	186	814	817	176	831	156	144	138	866	127	127	125	878	879	884	889	106	94	907	58	944	53	51	950	954	962	36	35	980	983	986	991	992	997	0
506	543	453	554	446	441	431	574	416	415	586	407	404	597	601	397	605	394	394	389	376	371	367	364	359	641	334	671	677	681	687	309	307	306	695	304	699	704	295	717	727	271	258	758	763	231	771	772	226	775	218	215	203	199	805	194	806	807	810	822	827	173	169	831	836	161	157	854	145	857	860	862	134	131	129	127	123	122	886	111	109	893	95	910	913	915	924	930	63	55	955	956	43	36	972	975	24	20	990	991
503	504	510	516	481	523	471	465	540	459	543	550	450	553	561	565	424	414	411	401	602	398	392	614	618	623	629	365	641	654	345	330	330	678	704	707	710	713	283	717	719	724	727	265	736	250	241	241	761	238	763	236	230	225	224	777	783	213	790	203	804	189	813	186	178	170	835	837	844	151	150	148	144	860	127	119	885	886	888	894	99	99	903	910	88	915	78	72	63	54	952	952	953	958	29	24	982	15	996	0
501	497	496	482	480	523	524	526	529	530	469	469	468	462	538	542	452	557	557	441	428	426	594	405	602	609	613	619	627	361	640	357	357	340	337	333	329	314	687	701	299	701	716	717	717	283	281	723	731	733	735	751	239	234	229	773	209	208	206	796	204	193	811	813	813	814	814	184	182	823	171	830	164	844	867	121	114	110	900	97	88	87	917	67	937	61	60	42	964	27	976	24	23	21	988	989	9	5	4	0
504	506	487	486	482	520	478	526	470	536	538	461	445	557	438	438	437	563	567	430	576	578	578	420	593	604	396	383	377	372	634	644	355	354	353	648	342	676	679	319	305	703	295	709	284	723	741	743	743	746	253	762	764	228	777	216	789	196	804	808	190	810	184	175	172	168	837	159	849	858	860	133	874	876	883	889	110	895	103	103	898	899	900	97	904	91	912	85	60	58	945	50	957	26	977	987	990	993	4	999
515	479	477	524	541	544	549	430	579	581	414	591	408	593	405	400	601	602	397	604	612	614	617	617	378	377	360	645	355	662	663	337	334	318	311	309	289	719	280	274	732	268	260	259	744	228	774	790	210	208	207	202	802	193	809	183	182	818	820	173	166	163	840	842	845	155	847	145	143	858	142	869	871	122	885	886	891	903	908	89	918	78	932	933	944	54	952	45	955	955	956	968	26	977	23	22	21	985	10	994
503	514	486	484	520	473	473	470	535	538	546	547	548	450	550	440	435	429	428	425	419	584	588	411	392	384	376	632	363	363	637	642	645	646	343	662	332	332	323	323	315	314	312	309	696	304	700	291	711	276	734	251	752	248	758	759	763	219	796	808	813	181	177	170	162	845	847	149	146	145	862	137	123	879	883	116	116	113	102	898	899	903	909	82	77	924	53	951	47	953	46	41	959	35	980	18	989	989	1e3	1e3
496	490	513	477	534	534	558	558	441	559	440	574	580	584	601	609	616	384	619	377	624	375	625	629	629	632	635	362	362	644	354	348	342	659	667	669	324	319	316	309	700	299	701	293	719	731	262	262	260	256	251	250	241	237	222	216	212	205	201	802	807	808	190	189	185	820	824	175	828	169	169	157	853	140	132	126	883	895	92	92	83	923	63	940	60	53	48	953	954	960	960	962	34	985	992	995	5	996	2	2
500	500	499	501	508	491	491	490	514	520	478	476	474	466	463	542	456	455	563	564	568	568	431	430	428	576	585	591	400	601	617	622	370	367	634	636	362	651	340	664	676	679	312	688	690	303	709	291	288	720	272	741	754	761	239	768	783	792	801	801	804	190	190	810	812	176	176	163	846	848	853	864	865	132	130	125	876	889	892	893	897	901	908	923	77	76	66	59	943	54	951	960	963	28	18	983	985	996	997	1
497	514	516	482	476	471	466	461	457	547	447	444	557	438	564	569	410	596	601	394	610	625	370	370	364	638	361	360	357	348	348	653	655	336	666	668	669	329	671	671	324	323	316	300	702	292	291	712	265	738	743	242	241	762	773	223	221	788	793	798	799	198	194	807	820	161	157	851	853	146	145	144	861	863	137	866	867	868	122	108	895	98	910	923	75	72	70	67	934	63	53	50	952	954	959	39	985	987	11	6
500	506	506	506	489	466	465	543	446	440	561	437	433	570	573	574	418	416	584	590	591	408	407	596	398	397	606	380	379	377	373	630	366	641	650	661	667	332	669	669	681	315	689	690	308	307	306	700	291	715	279	721	274	263	256	242	240	234	232	768	774	223	796	797	799	800	190	810	186	183	182	843	851	859	859	139	871	875	876	879	118	885	902	905	905	912	73	69	937	941	51	44	963	964	975	23	19	983	9	998
481	480	478	473	473	463	446	560	561	564	566	568	426	576	580	419	419	407	400	396	396	606	610	611	384	617	626	629	363	351	654	342	340	660	340	339	335	665	331	330	671	325	320	684	687	689	689	298	704	292	283	717	727	270	269	268	741	258	748	239	235	771	775	780	782	783	212	789	808	192	811	181	181	821	833	162	840	160	148	145	855	143	858	874	99	908	85	917	918	926	74	933	940	942	954	45	978	978	992	7
496	509	513	531	462	541	545	443	558	428	425	412	410	600	399	399	605	607	614	623	375	628	636	648	650	347	653	346	346	655	330	317	687	695	696	304	697	700	288	712	283	719	280	722	729	742	257	743	745	253	246	755	757	765	774	777	223	792	801	199	805	807	183	822	824	176	173	828	829	163	163	150	850	139	136	866	127	115	112	889	106	101	93	73	932	935	63	63	942	954	42	36	978	18	16	15	990	8	996	999
503	511	514	514	517	473	472	465	463	538	459	542	456	549	450	448	447	555	557	440	567	430	578	408	405	611	385	626	628	357	357	354	647	656	661	338	327	301	296	296	286	714	284	717	283	724	743	256	255	745	248	248	753	228	226	774	223	778	213	207	206	799	810	810	811	187	813	829	170	166	838	161	844	852	127	891	891	894	103	899	101	99	93	907	908	91	915	80	59	943	944	52	52	45	961	964	964	25	983	7
487	518	522	474	528	530	467	467	535	463	460	552	558	559	439	439	419	582	590	406	598	600	391	379	378	629	635	661	333	668	324	304	697	698	301	296	289	282	723	728	730	736	739	770	772	772	773	223	779	788	207	794	203	189	189	183	180	823	825	830	840	159	841	158	849	856	866	132	129	127	118	886	888	888	892	107	106	896	91	913	914	82	80	936	58	944	51	949	955	961	969	975	22	984	988	992	6	996	3	0
479	528	530	533	464	460	541	459	543	429	428	574	580	417	583	593	405	596	403	401	606	619	380	621	623	638	643	356	343	661	321	682	313	689	311	305	707	288	717	719	277	275	271	735	740	742	742	250	750	243	242	241	240	761	234	767	770	227	226	789	202	201	801	191	183	181	177	824	161	854	862	136	867	875	877	110	107	104	899	99	98	95	91	85	916	71	70	64	940	942	954	45	39	964	32	986	12	9	992	999
491	517	527	473	465	462	462	541	455	452	451	449	556	564	434	425	423	592	398	602	607	609	609	625	375	361	360	648	664	673	688	307	695	292	283	719	278	724	734	256	745	254	754	756	766	225	219	216	208	802	805	811	817	822	170	836	163	159	848	150	852	853	854	854	868	131	870	874	877	117	117	113	888	903	96	94	81	75	932	941	54	51	51	952	40	38	965	968	24	22	14	986	986	13	988	12	990	992	0	0
502	506	492	510	488	514	485	520	472	534	464	541	450	446	442	560	439	563	567	571	408	593	597	601	608	615	629	634	366	638	361	344	661	331	322	685	699	699	704	290	710	710	289	281	280	270	268	262	740	254	748	755	764	765	766	773	773	226	224	217	783	790	205	202	805	191	189	815	816	162	850	856	860	868	126	880	103	899	98	902	908	919	75	927	66	66	64	62	942	947	49	965	31	970	26	978	20	19	18	993
501	499	497	503	510	479	477	533	453	449	558	578	581	418	414	413	588	589	408	407	399	609	611	389	389	380	625	375	361	360	647	352	648	661	338	663	670	674	320	692	703	705	295	287	285	285	282	721	275	271	269	263	259	752	247	765	770	224	778	782	797	797	197	806	809	818	181	827	829	161	153	854	860	130	129	126	124	876	121	895	95	906	90	87	914	82	75	925	62	57	951	955	955	44	959	959	37	963	25	977
500	507	512	483	482	523	473	469	533	534	541	541	457	543	455	454	441	429	425	420	418	409	596	596	607	626	371	632	360	642	355	648	351	651	349	660	334	669	325	323	311	306	301	292	291	711	713	719	719	279	734	266	734	264	749	758	241	240	236	766	770	230	783	215	209	208	802	808	823	169	834	834	838	838	157	153	152	150	853	136	866	868	127	875	115	102	900	901	94	906	911	84	80	61	940	952	965	996	3	2
501	505	508	485	516	521	535	462	449	448	557	562	567	577	581	418	583	586	413	589	401	389	617	378	626	631	365	636	363	643	643	346	343	660	327	322	679	315	310	693	693	695	696	302	296	710	287	716	716	276	270	256	751	755	762	238	226	212	207	794	188	187	813	820	833	835	164	837	837	162	843	147	854	860	863	137	873	124	876	122	114	888	110	108	895	104	102	898	899	97	907	918	942	43	24	979	988	9	991	994
506	510	521	474	470	467	467	462	542	451	553	554	445	435	435	412	410	607	612	387	383	624	374	365	636	642	358	647	346	345	655	342	674	325	692	693	288	288	715	732	266	735	261	261	743	744	250	752	243	239	231	216	216	785	790	795	801	198	806	193	816	826	173	830	830	165	161	843	849	850	132	872	127	118	106	895	98	909	917	79	74	71	69	934	938	61	58	44	40	39	962	963	966	29	25	979	982	985	13	10
500	501	481	529	534	462	538	542	545	454	548	451	552	441	441	561	438	431	426	584	587	412	407	404	388	381	624	376	629	630	353	351	652	348	655	343	659	338	674	320	316	311	690	710	287	286	282	731	268	734	258	748	250	758	762	766	767	232	228	225	781	217	214	205	811	812	185	181	820	820	825	166	837	156	155	150	856	129	129	878	883	107	896	99	902	86	923	926	72	62	941	949	51	952	42	959	38	33	27	989
504	509	511	489	475	537	463	538	458	449	560	428	572	578	581	582	417	584	586	408	408	593	396	385	616	616	618	620	368	632	362	638	645	647	656	340	668	669	331	330	676	320	689	310	299	702	297	281	720	279	724	274	741	251	749	761	222	201	805	812	178	176	826	828	829	167	837	841	848	152	147	146	144	142	859	862	132	107	101	96	904	91	922	922	922	78	72	931	933	955	27	23	20	980	17	16	984	15	986	14
500	490	487	484	517	480	479	521	476	526	472	471	468	455	455	453	550	441	441	566	568	569	573	574	424	423	579	420	589	590	403	626	370	649	343	336	668	332	320	685	685	293	286	285	282	722	276	732	268	733	264	248	247	754	764	222	221	780	220	787	787	203	202	802	197	194	809	810	180	177	177	825	171	161	159	845	864	132	123	120	881	104	90	89	80	76	927	66	936	62	54	951	43	959	30	972	972	972	26	977
504	495	512	485	517	520	472	469	466	536	461	456	452	548	551	449	440	435	433	426	426	593	399	399	396	392	612	615	377	376	372	628	356	649	346	655	658	659	661	337	665	323	313	287	720	279	269	266	260	747	251	250	764	233	775	781	208	823	823	159	842	852	148	860	135	129	128	881	116	885	112	894	99	97	96	93	908	913	85	920	79	71	64	62	61	939	46	40	35	35	35	967	969	30	973	25	12	7	995	995
501	495	510	512	469	537	459	458	453	444	558	432	571	418	590	407	403	597	605	610	618	620	621	626	369	633	357	341	334	333	667	331	673	302	702	710	710	280	721	277	737	259	750	247	246	241	770	228	774	790	794	796	199	193	815	180	174	169	834	165	163	840	157	153	147	147	143	136	130	129	127	880	114	114	112	890	107	105	902	913	921	921	926	70	935	939	942	946	948	46	38	36	30	972	22	21	15	15	996	1
511	477	531	469	466	534	534	538	457	455	448	437	569	421	582	585	585	587	406	404	601	603	378	372	633	639	356	355	646	345	663	328	311	691	302	706	287	287	715	716	271	267	741	246	759	766	768	227	227	223	219	214	797	799	806	826	170	168	844	850	148	139	865	869	125	876	878	120	118	882	883	115	892	105	897	88	914	79	73	929	65	64	941	946	53	948	957	40	961	31	974	976	978	979	980	982	984	12	991	992
498	489	487	486	483	518	481	480	477	473	529	535	456	451	549	449	442	433	577	578	582	408	404	602	613	613	381	622	624	626	373	362	639	640	359	355	648	350	344	324	322	321	680	318	315	688	705	287	715	717	726	259	742	256	247	245	242	238	766	227	774	775	215	201	801	813	815	182	182	180	822	174	149	851	142	141	867	880	891	893	893	104	104	899	91	84	77	70	68	938	951	967	970	28	24	14	9	994	995	5
501	493	493	520	523	525	475	475	532	466	542	458	543	447	554	445	428	573	576	581	593	397	385	616	361	358	351	653	653	662	671	681	683	694	697	698	298	292	711	718	281	281	721	742	253	747	240	230	223	781	785	790	792	792	794	206	796	196	193	185	819	181	826	832	165	842	842	847	853	861	129	128	873	877	101	96	905	915	918	930	934	935	64	940	940	57	54	948	51	952	40	39	39	31	14	988	9	992	994	995
501	507	511	488	514	519	468	545	547	452	443	562	567	572	576	576	584	412	405	601	385	621	621	622	624	369	366	634	364	359	646	350	655	655	339	321	705	291	714	286	270	268	738	257	743	754	755	761	769	770	217	214	786	206	796	200	193	192	188	186	181	175	828	169	835	155	862	137	866	130	126	878	883	884	109	895	908	911	85	935	940	55	949	949	51	50	952	48	952	43	40	39	965	30	19	10	994	4	997	3
510	488	481	521	473	461	539	545	553	560	426	575	586	597	401	401	602	387	623	631	633	658	660	665	669	671	328	674	684	687	310	698	699	713	714	286	714	718	277	727	731	257	748	751	244	242	759	761	763	231	775	778	222	217	793	195	808	810	190	817	826	173	162	844	154	848	151	150	857	134	875	124	124	123	880	118	882	106	903	93	89	912	87	917	920	80	75	934	938	56	55	53	948	953	957	964	966	980	11	998
498	497	509	510	511	514	481	480	472	530	542	542	547	447	555	425	422	591	407	606	606	389	611	372	630	369	366	638	645	353	659	339	664	664	335	669	327	679	317	684	297	295	715	716	282	277	726	731	269	263	263	263	746	248	245	755	773	777	777	220	790	210	205	797	802	815	182	822	160	156	155	850	142	139	863	136	876	118	115	112	110	895	98	96	910	89	920	944	946	948	39	970	971	28	15	985	988	11	11	991
498	497	492	487	515	480	523	476	474	468	533	539	540	554	560	568	428	574	574	414	407	599	610	386	385	616	617	382	382	378	626	374	373	371	640	353	648	351	661	327	319	684	302	705	289	719	727	730	732	261	745	249	245	767	770	227	775	783	783	215	210	183	175	832	837	160	852	147	862	129	871	871	128	122	122	886	887	888	103	101	900	903	93	89	88	934	947	49	962	37	964	34	977	16	10	994	994	5	997	997
509	509	518	525	531	533	534	462	447	445	556	435	566	433	432	580	414	587	411	406	602	392	608	392	611	386	620	377	376	368	362	361	646	346	659	339	334	333	669	669	328	327	325	320	684	315	686	311	310	289	713	280	278	722	272	730	254	748	753	242	239	238	772	225	221	786	212	212	799	197	175	166	163	163	160	156	151	142	125	105	900	903	904	94	86	918	74	69	58	942	53	950	962	26	25	977	22	21	18	986
484	518	524	529	532	453	451	570	425	423	419	417	416	585	412	595	607	610	614	382	380	380	628	628	371	632	357	349	668	685	688	301	708	279	725	727	273	272	268	736	738	740	740	743	743	752	239	235	771	781	218	785	215	792	205	201	814	171	845	152	152	151	150	851	140	861	863	129	873	887	109	108	100	100	901	95	91	90	918	920	73	73	933	933	65	64	53	45	43	957	965	27	26	980	985	14	989	993	6	998
495	494	487	481	470	532	533	535	538	547	421	591	408	599	601	609	386	381	376	625	371	366	359	646	354	345	332	331	671	675	676	322	682	317	685	315	312	689	303	299	299	291	291	290	716	719	732	263	742	744	749	751	249	765	232	231	776	777	218	783	215	213	787	212	798	179	826	173	838	840	843	156	848	151	865	135	866	133	873	882	884	890	891	909	912	71	931	936	46	42	41	962	964	965	970	982	16	990	993	993
498	495	492	487	481	473	529	530	469	462	539	539	459	452	548	447	553	434	566	433	570	423	577	583	588	591	604	392	610	387	616	618	377	627	361	352	659	679	314	300	702	283	722	722	733	738	741	753	760	762	233	231	776	777	780	788	211	791	793	204	796	800	801	195	185	179	173	832	843	847	151	849	149	141	132	129	872	124	117	112	905	920	920	921	921	926	63	62	942	948	48	952	47	47	957	972	26	21	979	988
510	541	542	543	430	429	428	426	423	581	400	400	398	398	377	626	630	648	340	660	337	667	319	683	315	309	693	694	697	704	291	709	289	718	274	273	258	746	250	245	765	234	772	225	221	214	213	787	213	204	804	813	814	184	819	179	178	825	168	835	165	165	160	151	149	863	865	869	877	118	116	898	899	908	909	91	91	913	85	919	81	923	929	68	938	57	950	952	954	43	41	40	964	30	972	982	17	15	985	990
491	484	521	544	549	449	562	433	568	429	423	423	421	415	409	408	395	605	393	613	376	373	366	638	355	650	349	652	341	662	338	336	334	333	328	315	314	311	301	301	301	291	286	286	715	283	719	720	280	279	274	730	268	244	240	231	231	226	779	219	784	207	207	795	202	802	802	186	825	160	157	156	155	150	144	858	863	132	126	117	113	111	890	108	914	921	925	73	73	936	940	952	961	966	34	17	983	5	997	1
498	509	490	490	486	480	522	526	457	454	552	560	560	577	579	414	590	400	600	600	602	381	366	364	360	358	357	353	339	663	665	331	327	323	321	316	684	311	690	303	697	299	711	720	278	252	251	751	756	757	763	229	229	223	218	788	791	804	811	188	184	184	821	175	833	165	164	849	151	148	855	138	136	134	134	130	125	879	880	113	887	912	926	72	931	69	54	950	955	42	40	963	36	966	966	976	977	979	983	12
508	508	485	484	481	479	523	477	477	527	472	536	538	455	448	443	565	570	430	427	577	408	595	596	596	607	391	613	386	619	361	653	655	344	663	665	668	331	679	692	693	699	709	288	288	717	718	277	724	741	746	750	755	763	231	209	208	187	818	828	830	830	162	839	840	158	157	156	851	136	868	873	880	120	89	80	75	71	71	938	61	945	55	53	49	955	956	43	43	957	38	33	28	981	982	10	994	996	997	1
514	517	519	529	468	532	545	453	571	427	580	582	589	410	592	399	604	607	607	389	387	386	384	383	378	622	376	626	628	631	651	662	672	322	684	316	688	308	296	710	285	284	284	263	740	741	743	256	763	233	768	775	217	794	199	804	194	191	190	187	186	183	818	163	152	855	866	866	121	883	887	890	892	893	105	897	94	90	89	79	922	938	60	942	58	948	48	957	32	30	971	972	24	977	982	988	5	2	0	0
493	485	516	482	521	527	528	529	468	534	465	538	548	549	558	565	568	569	573	574	576	410	403	609	384	372	629	370	631	360	644	650	331	326	677	315	687	690	690	308	295	706	707	284	279	723	725	739	744	234	770	223	781	784	213	210	794	206	197	804	192	809	811	186	815	182	834	834	835	143	866	868	132	128	115	895	906	911	89	913	922	936	941	942	942	50	950	40	36	965	971	26	975	976	21	18	14	996	3	999
504	513	484	516	521	476	531	535	457	447	559	569	570	577	579	579	600	393	380	621	376	375	631	640	345	658	659	337	335	667	671	674	678	689	696	301	301	704	296	705	708	286	285	716	728	269	731	735	258	744	249	248	757	241	241	240	238	773	225	219	214	214	792	797	200	194	806	190	189	189	815	826	171	163	840	143	862	863	128	123	879	117	111	894	897	97	908	64	946	950	38	968	29	19	981	16	10	9	9	8
502	513	514	485	481	469	465	462	461	454	447	437	565	567	579	413	593	404	600	603	392	384	369	632	634	640	358	642	354	340	680	305	698	292	288	284	283	719	721	278	726	273	271	731	261	744	748	749	749	243	759	765	224	776	778	796	198	810	813	186	184	818	819	181	175	841	157	157	150	852	144	858	859	876	122	878	119	118	886	108	897	101	911	914	84	921	73	69	932	65	60	940	977	21	20	20	985	11	999	1e3
508	490	474	458	451	450	552	560	560	439	432	410	592	398	605	606	394	393	609	386	618	618	382	618	624	625	374	368	358	358	643	354	352	652	339	339	662	333	332	327	677	321	683	315	689	311	694	306	299	297	278	735	739	740	260	258	242	760	240	237	234	222	222	216	205	797	801	806	807	192	826	837	839	145	132	126	875	120	113	894	894	905	86	77	923	66	934	936	63	51	961	35	35	31	975	14	989	992	994	999
504	490	490	482	522	473	536	457	547	447	445	559	438	565	568	411	592	405	601	398	603	396	395	394	607	393	383	626	627	635	354	352	348	348	345	331	678	682	682	700	298	292	709	716	720	273	272	272	731	735	260	259	746	253	748	758	237	227	776	781	212	211	798	802	195	172	832	167	153	142	140	137	133	133	130	125	882	892	100	92	85	76	75	70	70	932	66	935	63	942	945	54	40	36	35	968	973	979	19	12
495	509	519	469	534	455	551	438	567	579	419	583	597	600	387	384	637	362	645	647	649	350	654	346	343	335	665	330	327	319	693	696	706	709	288	715	282	267	743	743	743	256	746	765	767	773	218	214	214	207	796	204	202	799	799	801	807	186	186	820	178	828	836	849	853	134	866	872	127	880	120	119	115	886	109	108	107	101	97	904	94	90	89	81	76	63	61	954	955	42	36	35	30	29	24	979	18	985	986	994
517	482	521	475	473	535	457	453	450	553	445	442	561	565	434	430	413	411	409	407	600	386	384	616	378	622	623	625	627	628	631	641	643	645	352	652	346	345	342	679	687	308	307	286	278	269	742	742	745	751	247	241	240	238	766	768	776	778	779	779	785	800	820	820	823	824	836	837	158	146	131	129	873	120	117	109	92	909	90	923	934	934	65	57	49	960	33	975	975	18	983	15	14	13	12	993	7	6	996	1
504	516	483	479	526	468	536	456	451	549	440	568	572	580	418	586	591	592	406	401	605	615	378	377	627	628	369	631	637	656	337	333	669	681	685	313	692	699	702	294	709	286	720	273	728	736	264	741	745	252	757	234	232	232	231	800	801	196	195	809	811	188	824	176	173	167	165	840	159	855	855	856	858	132	868	873	126	122	883	103	907	92	89	938	59	942	951	49	45	45	956	39	37	36	36	966	969	983	5	4
505	493	507	510	513	521	524	467	462	554	442	439	438	563	436	435	574	423	583	586	412	589	409	599	400	609	387	376	631	365	636	637	361	358	645	354	348	337	670	671	674	319	314	689	307	695	697	302	698	700	705	287	284	280	730	730	265	263	261	255	254	254	246	242	236	226	226	221	782	783	202	198	193	193	189	188	186	814	823	173	836	839	151	850	879	887	902	77	76	68	935	62	942	57	948	949	960	30	987	992
500	497	508	483	478	530	531	467	459	453	447	445	442	568	432	587	408	594	378	378	628	637	648	344	342	661	662	667	670	688	306	698	298	298	709	286	722	277	277	277	276	724	727	730	733	744	256	256	745	747	750	240	238	226	214	205	205	800	199	805	822	839	147	147	143	141	859	126	126	115	115	885	886	888	103	905	905	94	907	911	915	80	921	69	936	64	54	50	46	959	967	30	973	24	20	982	16	9	997	3
494	492	516	517	481	519	475	526	537	459	541	545	549	447	447	445	555	555	563	579	420	581	417	415	411	590	406	597	597	395	394	611	614	614	615	618	618	366	645	649	338	674	681	296	707	707	288	718	280	727	270	269	264	258	756	775	782	215	214	205	202	799	807	813	815	816	820	822	171	171	842	154	129	875	110	895	904	79	927	932	938	56	944	54	952	952	953	956	956	44	42	961	964	967	31	970	27	977	17	998
513	486	483	478	476	474	473	470	532	533	536	455	546	547	449	551	448	555	557	563	434	426	420	580	593	401	602	604	608	611	616	617	619	374	628	633	634	635	635	638	352	348	348	658	681	689	701	295	707	712	286	278	722	278	275	732	736	759	765	776	783	205	798	201	193	193	809	813	187	184	183	179	825	175	169	831	168	836	161	160	155	147	864	871	105	901	904	93	912	918	923	931	64	63	939	58	41	36	13	11
500	494	515	521	535	538	540	544	545	454	453	453	451	552	560	563	570	418	588	406	399	399	603	609	378	368	635	640	654	320	311	311	310	283	723	275	738	253	747	245	244	761	223	222	779	218	786	204	199	802	198	804	810	186	814	186	181	820	169	166	156	155	153	849	148	853	144	865	133	869	871	127	888	890	898	905	909	913	87	915	80	920	922	77	76	925	65	935	938	940	18	15	10	991	9	992	996	3	2	1
496	495	524	532	467	458	451	557	566	567	574	575	414	588	588	589	590	590	592	406	598	390	387	378	372	362	643	655	341	660	663	330	672	326	324	676	681	319	688	694	303	303	700	289	717	270	262	260	243	760	767	231	770	229	226	224	777	778	785	213	209	795	205	204	201	802	805	182	819	172	830	169	162	160	148	142	139	137	132	128	873	881	883	109	108	902	90	76	941	56	55	45	44	970	27	974	22	10	991	6
507	491	511	482	479	478	523	475	525	474	528	462	460	458	550	448	445	568	430	427	419	583	583	599	399	602	613	386	385	374	638	640	350	350	665	667	673	674	677	689	306	702	296	705	287	285	723	729	253	747	753	243	761	766	233	227	220	218	217	793	808	191	181	157	157	156	156	156	151	851	854	144	860	865	131	876	880	881	116	112	916	82	76	927	932	934	59	54	54	947	950	956	963	37	964	973	974	11	990	1
499	504	491	488	517	480	521	479	477	527	465	458	455	445	555	555	441	563	568	428	425	420	605	393	393	609	368	368	364	360	651	659	661	336	669	316	690	690	300	288	287	285	722	276	275	734	735	736	257	746	251	751	243	243	758	242	765	231	226	785	213	788	809	181	822	175	826	171	832	837	854	856	865	872	872	119	887	892	902	95	908	90	85	84	79	928	928	69	66	947	46	955	43	37	33	22	984	988	6	1e3
495	488	512	522	474	531	532	464	538	540	541	452	553	445	562	568	431	579	586	413	595	603	606	387	385	621	637	361	355	647	650	659	334	327	674	320	312	309	302	703	291	291	282	281	721	275	269	252	754	756	761	232	783	788	212	206	800	199	803	192	823	825	153	146	854	857	140	861	138	864	135	868	127	874	878	121	119	109	894	101	902	98	919	63	62	939	50	950	50	955	44	958	36	971	980	980	17	12	11	11
497	507	509	476	526	461	437	571	582	417	590	593	405	600	604	617	625	374	635	636	362	360	355	350	344	339	335	331	327	318	689	690	693	697	301	292	709	290	282	275	729	734	738	740	260	742	742	754	754	755	238	235	233	768	768	231	226	776	222	779	204	199	185	819	180	178	822	174	171	831	846	849	850	144	138	137	136	133	881	883	893	893	100	98	94	907	914	59	958	970	973	26	975	978	18	983	16	990	994	2
495	511	519	472	469	532	533	464	540	544	552	444	565	567	571	573	414	595	403	600	610	619	381	633	362	640	645	352	653	347	656	336	323	317	698	292	284	273	273	269	732	264	737	262	740	249	767	770	773	774	225	776	777	202	801	190	813	814	816	182	823	829	832	836	161	851	132	868	128	885	891	96	905	91	91	90	914	919	921	928	70	70	933	936	945	950	952	41	40	963	965	35	965	32	31	970	971	973	24	979
498	506	493	493	526	530	461	457	456	552	439	563	434	579	579	579	587	592	405	402	602	603	605	619	378	373	641	645	647	353	655	344	660	663	335	334	333	332	326	679	313	690	695	699	704	294	294	707	710	720	735	262	254	250	752	764	768	216	792	193	815	179	179	161	843	147	854	860	863	869	125	114	892	103	902	90	910	912	914	85	925	75	70	69	931	934	938	953	956	37	963	35	977	978	21	981	982	10	8	1
495	512	513	485	529	535	543	450	551	442	576	421	421	581	583	415	402	399	603	610	388	388	387	385	615	377	372	633	637	639	360	647	650	346	663	672	324	320	317	684	315	703	294	293	289	270	735	265	736	262	740	740	251	758	774	778	786	205	201	199	803	184	818	825	174	154	859	139	130	872	120	119	893	899	99	96	94	85	84	916	81	74	931	940	57	944	53	949	949	963	967	31	973	18	13	12	9	993	994	996
501	499	504	505	507	488	515	479	527	470	470	468	466	462	461	547	444	443	442	560	439	568	572	426	584	415	414	413	597	401	601	602	396	605	393	608	388	386	382	620	623	372	372	629	632	364	682	684	685	688	692	300	297	295	285	717	721	276	752	760	766	223	788	788	208	207	203	190	183	172	829	842	853	854	855	136	867	129	879	884	114	113	110	109	899	97	914	83	77	930	66	943	46	959	960	30	971	27	22	15
504	505	494	514	467	540	446	442	567	431	430	425	597	602	605	394	391	611	377	376	631	651	654	344	343	659	663	334	334	668	329	329	685	696	696	304	299	281	724	726	731	265	743	256	747	756	239	763	765	230	777	777	778	788	789	795	205	796	204	197	195	192	818	820	827	828	829	162	871	128	120	113	888	890	102	93	92	915	81	74	63	937	60	59	943	945	52	954	46	46	954	961	969	975	983	15	15	13	998	999
506	511	518	527	465	547	550	555	557	440	436	435	569	431	570	580	581	584	413	602	391	613	387	619	623	374	370	369	353	351	350	658	340	334	671	673	688	311	700	300	298	706	707	286	281	264	741	257	745	748	240	766	768	230	774	775	216	214	206	205	813	184	180	168	835	164	838	842	844	845	846	852	144	141	140	866	134	125	895	98	910	89	79	925	75	930	62	62	62	59	962	38	28	27	973	979	979	989	9	1e3
506	513	528	467	535	545	453	451	450	557	565	432	572	424	420	592	600	398	396	391	617	382	381	620	623	370	637	648	334	669	677	693	303	697	291	709	284	717	718	281	276	275	728	260	255	252	751	760	767	768	212	790	199	197	810	813	181	176	834	165	165	164	838	849	849	149	147	144	858	135	132	875	118	883	111	889	105	896	899	99	905	905	93	911	927	68	57	56	45	44	27	974	25	986	987	11	990	10	3	999
499	494	509	514	514	484	518	529	468	547	444	439	430	428	417	593	596	601	393	392	618	626	635	638	647	347	340	327	322	317	684	315	311	307	695	697	302	712	713	286	286	286	727	732	258	253	244	240	761	238	765	768	771	773	775	775	777	778	779	202	201	807	811	186	814	815	817	180	171	829	167	838	845	146	858	864	865	866	868	123	116	114	887	112	111	105	896	900	911	83	43	958	41	38	31	974	13	10	3	1e3
495	510	488	515	516	521	522	524	526	472	467	534	536	464	540	456	454	428	573	576	578	579	587	410	409	407	604	609	611	611	612	380	625	628	630	368	641	358	652	662	671	673	674	324	321	319	310	692	307	302	297	286	718	728	737	255	752	762	232	224	222	778	222	216	787	210	209	208	794	796	799	802	802	811	187	821	825	827	171	829	169	161	157	152	857	132	103	103	91	925	61	945	950	963	36	979	15	10	998	1
507	486	483	520	480	478	523	475	529	531	461	451	443	559	441	566	577	579	580	419	586	407	406	594	607	608	387	614	615	616	379	625	630	633	639	643	643	351	653	345	678	322	318	315	689	691	694	304	296	283	270	734	735	738	256	255	746	244	224	223	791	203	805	186	818	819	181	177	828	163	161	160	842	157	156	152	151	150	144	136	867	122	118	116	893	100	901	96	909	925	925	74	928	930	67	61	948	49	5	998
498	497	504	508	490	514	516	518	477	523	474	526	467	536	541	458	454	547	553	554	445	445	572	572	576	576	418	416	413	589	592	597	599	602	602	394	613	373	635	362	357	352	653	660	332	669	329	673	682	683	309	306	296	713	283	734	261	260	259	259	744	256	251	750	245	237	764	782	217	791	794	794	200	198	186	185	817	839	138	862	133	870	126	96	94	911	919	81	81	927	73	933	55	968	973	984	6	996	998	1e3
492	511	481	479	478	478	528	472	465	538	540	542	550	448	557	558	561	436	564	433	428	424	414	414	596	599	601	387	376	625	629	629	630	368	635	635	355	347	330	681	315	687	710	732	264	260	258	256	255	246	755	233	232	770	229	775	793	199	812	816	184	828	171	835	835	164	840	159	154	849	863	134	871	877	882	882	883	115	110	106	896	102	97	911	76	67	933	62	945	54	45	962	37	970	970	21	983	989	8	4
507	493	518	481	472	539	461	460	457	446	570	427	426	574	577	423	586	411	405	395	394	392	611	612	613	386	379	622	364	350	344	336	667	333	668	674	324	320	314	306	306	705	290	282	278	271	729	732	746	254	748	251	759	766	767	770	230	229	784	211	814	182	827	170	163	163	857	143	865	870	874	875	119	883	112	888	889	893	105	105	905	94	909	919	75	929	935	63	61	953	957	36	976	977	979	985	989	11	1	0
489	486	478	474	535	465	461	554	441	429	578	580	414	589	396	395	386	618	381	620	377	626	371	632	639	360	642	642	664	666	326	679	687	688	311	309	691	307	697	698	288	713	717	276	724	275	730	263	739	257	247	246	242	762	767	225	218	218	218	217	216	204	823	831	157	846	847	141	140	138	133	125	125	881	102	98	904	905	912	79	71	934	935	935	942	48	954	45	44	36	31	971	975	24	980	19	981	981	994	1
499	497	491	479	478	473	467	539	549	557	559	438	574	420	594	401	605	394	393	384	623	627	365	637	362	646	647	351	649	650	343	657	342	328	325	676	682	316	695	701	295	724	270	266	265	261	740	742	747	753	235	234	234	774	221	779	781	789	210	794	201	200	801	819	820	828	170	833	837	157	844	140	137	129	111	101	900	91	84	81	74	74	934	934	64	939	951	958	965	33	967	31	31	973	975	23	21	986	4	1
499	503	504	504	496	508	509	511	472	468	543	544	454	451	442	564	573	418	417	410	402	402	601	396	608	608	611	611	613	387	371	367	641	651	347	655	342	659	335	330	326	321	314	687	688	303	300	703	703	716	276	731	251	758	232	231	772	779	780	780	218	213	787	210	204	805	185	181	829	839	846	154	847	853	144	860	862	867	871	875	117	104	897	899	903	909	910	88	922	923	70	59	945	959	963	976	17	9	991	8
482	478	478	524	457	545	546	555	445	442	437	436	568	573	574	426	414	406	604	392	382	378	624	373	368	632	636	347	342	658	338	667	668	328	325	325	682	688	693	698	298	297	712	274	731	735	737	255	251	246	245	244	762	762	768	229	779	219	788	789	209	206	797	800	200	184	820	821	179	174	828	169	831	834	844	850	855	144	877	879	891	96	906	81	78	75	933	67	942	42	960	33	28	18	12	11	991	993	3	0
503	514	485	518	520	476	459	459	458	543	454	553	555	556	439	438	420	620	624	374	628	372	632	636	637	361	651	348	672	325	676	676	323	677	704	714	714	285	716	718	719	280	731	731	737	744	757	759	791	791	206	203	202	199	803	807	188	187	814	832	166	161	159	155	861	869	131	870	872	873	876	119	118	890	897	101	98	90	86	82	75	71	936	62	55	53	53	951	953	47	46	41	960	36	34	31	972	974	13	997
495	510	486	514	516	521	463	540	458	456	555	441	437	430	576	423	422	414	591	596	404	600	398	607	610	389	388	618	619	621	621	624	373	628	628	630	353	341	666	331	324	692	692	305	718	276	268	262	262	743	746	248	244	235	234	217	785	786	788	808	189	812	187	821	822	176	827	832	840	865	131	115	105	92	908	91	82	79	78	74	932	940	946	52	948	52	950	951	44	41	40	965	29	972	22	19	988	989	6	0
503	493	508	490	510	471	464	464	460	550	550	443	435	424	415	406	594	402	401	601	602	395	395	395	391	387	385	377	377	375	631	632	366	634	634	353	648	656	656	342	335	330	327	322	318	685	689	308	708	270	268	737	740	744	255	748	749	769	231	770	783	216	793	201	196	190	182	824	827	829	161	159	155	153	147	859	140	869	125	876	880	888	888	108	102	95	79	921	928	70	951	45	963	964	30	23	23	993	994	1e3
492	487	483	521	522	463	444	440	430	429	426	426	591	593	395	608	379	376	374	628	645	647	348	657	659	663	665	332	668	674	677	678	317	317	691	307	303	705	293	713	282	274	731	733	734	735	750	250	248	245	758	234	232	770	774	784	213	200	198	802	189	813	813	817	821	177	826	171	170	168	166	835	162	840	153	848	852	144	140	871	880	117	116	888	112	898	914	914	83	82	82	928	62	939	59	946	46	956	980	983
497	510	479	527	461	460	540	433	431	572	420	590	591	594	598	395	389	611	388	618	376	368	368	366	360	654	341	340	661	664	333	331	325	676	680	687	313	310	692	305	702	287	716	281	721	731	262	739	256	746	249	756	227	227	784	213	203	200	195	811	187	187	183	178	175	171	163	158	850	150	147	144	143	141	139	884	108	897	97	907	909	909	919	920	67	64	939	941	941	55	50	952	953	45	34	968	973	974	26	998
501	509	489	514	515	536	451	445	557	559	427	423	399	395	393	392	388	618	619	627	640	358	354	647	335	332	332	669	330	328	673	676	321	687	311	309	309	304	697	303	701	295	705	293	709	720	275	725	268	739	258	749	754	246	756	238	235	768	769	229	223	222	222	792	207	802	188	817	176	830	859	870	872	124	879	880	881	110	103	97	906	92	912	85	917	919	78	926	928	933	937	61	951	33	27	975	987	990	3	998
495	492	511	516	518	480	475	535	464	539	541	456	550	560	428	574	418	416	588	592	604	396	606	607	383	382	626	629	370	630	631	633	364	339	662	671	678	679	316	698	703	705	287	717	277	268	257	750	243	239	763	235	233	773	775	215	787	798	198	191	811	818	823	828	160	845	149	141	859	859	132	130	127	879	117	115	886	889	106	103	913	85	918	918	920	924	930	930	65	60	56	42	967	32	974	22	8	8	993	997
499	504	509	487	514	521	472	529	462	459	553	554	556	429	576	581	419	582	409	398	605	605	394	391	612	613	617	628	365	647	351	653	660	675	680	317	700	293	293	708	708	714	716	270	740	248	754	234	767	227	219	215	788	795	802	191	187	813	184	182	819	178	177	176	833	159	159	848	150	864	867	131	870	128	122	887	113	888	107	898	100	917	76	75	926	67	64	58	957	960	37	966	977	22	981	18	982	16	9	995
497	509	484	517	483	473	471	529	463	459	457	548	549	553	445	557	442	428	420	581	418	585	586	589	591	398	606	393	391	390	613	627	629	371	631	635	358	338	337	664	665	681	691	302	293	709	720	720	266	263	738	742	744	245	242	768	774	221	221	782	217	785	204	190	186	818	180	822	838	160	145	856	862	129	877	119	119	882	886	114	887	112	889	900	907	93	87	914	83	918	71	61	51	952	959	40	966	30	974	3
499	505	505	489	481	472	471	529	529	539	456	454	453	549	550	441	436	568	418	415	413	602	396	394	609	609	614	386	378	373	629	371	370	640	641	651	654	344	664	687	310	712	284	724	731	736	737	261	261	743	254	251	758	764	764	765	230	224	777	778	782	784	211	189	168	838	841	156	847	147	145	145	140	862	134	133	884	110	893	106	92	910	917	918	918	922	935	61	943	948	48	47	968	29	986	14	989	7	995	0
