496	486	514	522	476	467	464	463	463	459	455	554	436	567	431	571	423	580	419	582	405	404	596	599	394	606	391	391	613	374	372	630	632	368	355	349	348	672	673	304	696	697	698	297	290	711	717	718	724	271	745	250	249	752	247	240	235	228	222	217	208	200	803	179	827	167	166	161	153	850	856	143	861	861	132	870	877	123	884	112	909	86	918	920	68	934	940	941	945	54	959	966	967	32	32	968	30	27	20	9
505	495	483	547	553	556	558	434	571	421	583	413	596	597	602	396	612	387	613	617	620	377	626	364	362	361	640	358	646	657	663	669	330	671	328	674	682	306	694	301	294	706	285	729	270	259	745	237	765	766	234	776	220	218	786	214	206	803	804	808	818	822	822	833	834	162	854	136	865	868	127	885	888	890	894	91	914	915	920	78	928	71	69	59	53	50	41	960	968	32	971	972	974	977	989	9	8	995	5	0
499	493	488	514	479	477	463	551	448	448	444	436	424	419	416	416	415	592	593	596	402	399	604	605	611	611	621	624	374	628	631	353	352	348	660	338	309	304	301	299	701	297	289	723	728	257	253	246	757	242	242	765	232	794	205	801	801	189	174	174	167	161	153	854	141	139	128	879	881	881	110	110	107	100	88	88	918	924	75	929	937	939	939	58	56	50	954	957	957	957	39	30	29	28	28	974	976	23	977	20
500	496	493	486	522	475	534	534	439	431	428	422	581	585	589	403	598	399	604	386	384	382	381	380	378	367	364	341	341	666	330	671	327	326	321	681	684	696	300	292	714	279	724	731	255	747	751	247	754	244	758	242	761	768	229	771	228	224	783	214	797	812	816	172	170	835	835	846	856	861	138	863	872	126	876	122	888	100	905	92	91	911	912	918	921	921	923	926	72	931	63	61	49	954	967	12	11	10	993	993
513	487	483	481	480	477	528	528	531	466	538	459	542	542	553	556	441	441	437	572	427	426	574	411	592	408	405	596	610	616	377	626	632	361	358	357	351	351	342	665	335	666	319	681	688	695	302	302	299	716	724	737	262	252	236	230	229	775	784	211	203	200	801	193	807	813	180	823	854	855	861	872	873	873	885	885	111	111	109	917	918	927	927	70	58	943	945	948	948	950	951	40	961	963	964	964	985	13	988	0
499	493	478	524	539	543	544	546	452	550	551	552	560	435	571	407	595	598	393	631	634	637	641	659	661	339	669	327	692	695	303	297	295	286	278	276	726	745	253	230	775	224	219	217	784	210	790	792	208	201	198	802	803	807	809	190	190	817	182	823	177	176	826	170	169	158	156	147	146	854	143	861	131	876	124	113	111	897	95	911	89	913	917	72	928	931	69	934	934	953	44	44	33	31	22	983	985	14	990	995
488	513	481	542	542	456	554	443	442	440	561	562	429	417	410	407	406	595	598	599	600	620	379	371	367	359	645	646	352	653	334	681	319	318	686	311	304	295	711	278	277	725	726	273	727	268	736	263	252	749	234	767	774	776	220	789	210	799	805	814	185	184	183	182	159	157	143	859	872	872	886	100	909	88	913	916	83	918	81	79	922	77	72	66	938	946	49	953	955	960	963	36	970	27	26	981	996	4	3	1
499	497	506	487	475	525	553	572	572	575	425	418	582	408	397	389	621	378	359	650	650	347	665	669	316	310	693	697	701	295	713	284	718	279	722	725	726	732	732	259	255	250	247	231	770	772	227	218	784	211	791	207	202	200	807	812	825	833	837	844	849	145	858	141	861	869	129	874	121	121	118	116	885	105	99	903	908	90	917	922	923	925	937	944	56	48	46	955	37	35	29	972	26	22	16	986	12	993	6	2
506	488	485	520	474	469	533	537	462	539	541	545	555	567	430	428	581	417	587	411	409	593	599	605	605	613	385	385	619	381	380	628	633	363	637	638	646	647	668	332	680	689	695	698	699	701	710	282	720	728	737	741	259	742	750	751	754	240	237	764	236	765	773	790	792	204	181	181	820	175	173	164	161	149	146	855	139	133	130	126	885	895	93	921	75	929	937	941	943	47	954	954	38	35	965	970	25	21	987	4
498	508	510	486	484	530	467	538	460	547	445	440	437	572	421	409	407	610	612	621	635	365	642	658	658	341	659	326	674	325	311	695	705	284	722	723	274	729	265	265	263	262	739	257	745	746	252	251	753	242	764	769	231	218	218	786	210	209	208	799	199	198	198	195	190	818	821	177	836	160	156	857	135	874	126	123	121	113	900	900	901	97	911	86	86	78	922	63	61	60	57	946	48	48	44	964	18	18	985	0
505	494	491	486	483	482	520	477	462	538	455	454	551	555	559	561	436	434	432	575	590	397	609	613	642	352	351	657	658	337	665	333	328	327	675	680	692	693	306	695	697	302	301	298	294	289	715	274	274	729	263	261	740	257	765	777	783	797	805	193	809	816	817	832	846	148	853	865	878	118	883	886	887	890	110	897	898	95	94	914	82	921	69	941	58	56	945	949	963	965	35	978	979	979	980	981	981	16	10	9
498	479	529	531	462	541	457	456	570	422	582	415	407	613	379	626	372	634	651	656	338	664	666	329	328	679	680	681	313	313	308	306	694	304	699	299	298	702	288	715	279	269	269	733	735	739	256	249	756	756	243	760	240	239	238	774	225	775	224	776	782	215	213	208	795	802	184	170	837	145	857	860	864	870	875	120	885	114	888	101	899	97	905	905	88	85	82	68	65	64	64	64	63	52	49	957	964	22	993	5
497	507	513	513	516	519	477	530	541	542	456	548	445	559	560	561	438	430	426	405	612	385	381	375	370	633	639	354	651	348	345	674	674	322	313	690	696	715	728	732	736	740	742	746	253	747	247	244	756	769	227	226	220	200	804	193	811	811	817	818	178	177	176	827	828	166	841	147	854	145	858	142	138	138	137	134	122	121	879	882	113	107	107	901	96	79	79	932	938	57	57	943	47	962	33	21	20	17	16	988
492	492	510	528	471	531	461	540	458	544	549	451	551	445	441	570	571	424	423	420	410	405	603	394	624	629	370	362	341	669	673	327	325	677	680	689	690	690	306	305	696	700	295	705	283	276	273	728	258	257	251	245	762	764	771	225	776	224	777	779	783	787	791	801	198	805	813	813	186	816	180	836	164	846	148	145	860	869	128	126	120	116	887	111	107	912	73	948	52	950	951	47	955	38	38	964	31	20	15	998
500	500	499	511	481	478	525	530	534	456	431	429	579	420	416	416	606	386	620	628	629	370	630	632	634	637	356	351	652	653	654	345	335	667	667	698	709	709	715	267	266	736	737	260	745	251	755	242	241	239	779	215	794	204	799	199	196	805	193	193	190	186	823	176	173	829	831	831	832	165	842	842	158	848	849	849	146	146	861	866	866	872	879	117	117	907	60	943	55	960	964	29	971	24	978	980	18	999	0	1e3
505	489	513	471	530	541	457	455	547	553	435	567	422	581	415	415	414	589	592	592	594	605	392	385	379	631	638	362	648	665	334	672	322	321	316	315	313	293	714	284	283	719	281	724	272	266	265	737	738	250	752	247	244	757	770	229	776	218	782	216	203	800	200	800	200	802	807	809	187	185	162	843	851	148	136	136	134	124	123	116	886	108	107	895	95	95	85	77	925	928	64	937	938	946	956	957	988	992	992	2
506	507	507	492	488	484	529	467	459	454	452	449	557	441	568	428	421	420	583	589	593	596	604	611	618	618	377	376	368	361	356	647	660	668	327	325	680	313	304	697	700	707	286	284	283	720	727	271	267	737	260	753	246	245	242	760	238	234	224	793	794	794	206	799	196	189	814	180	820	176	834	843	153	851	147	869	126	890	891	899	87	927	932	63	946	51	49	954	955	955	41	40	961	969	970	23	978	980	11	9
502	494	510	512	519	476	529	465	536	545	452	452	447	437	565	573	426	423	577	418	407	404	397	604	605	392	609	619	626	634	640	665	667	333	672	683	693	301	300	705	289	719	264	257	257	751	760	765	766	233	767	768	771	775	792	201	198	813	815	826	831	169	160	840	843	151	855	141	137	863	135	131	131	871	118	886	886	888	109	106	899	98	96	82	80	70	933	58	942	55	947	948	950	951	953	43	40	9	9	8
498	488	524	475	530	532	448	445	444	566	566	428	416	411	400	602	397	606	391	612	618	381	375	629	632	633	633	365	348	653	655	655	342	339	333	331	319	295	706	292	714	281	723	728	265	259	253	252	752	761	762	762	776	224	785	794	795	796	201	193	808	183	182	180	179	173	171	840	860	870	871	879	879	885	103	102	898	100	96	87	86	85	920	936	59	53	53	952	955	957	958	972	25	979	981	985	985	10	9	997
499	502	496	488	484	516	470	534	463	451	551	445	559	566	433	568	430	424	578	415	588	382	368	349	347	657	341	337	326	324	695	696	699	705	295	291	710	271	267	733	257	256	757	242	241	765	230	770	219	216	214	211	204	189	814	182	173	846	847	147	146	142	140	862	863	131	125	881	116	885	902	904	96	907	912	88	924	76	927	927	929	930	932	66	66	62	944	945	54	42	40	33	24	17	986	14	9	991	992	2
505	486	516	519	522	527	470	531	466	461	456	545	447	555	562	567	429	428	577	415	589	406	404	396	604	605	612	379	374	372	368	360	353	347	326	676	314	686	306	721	725	275	262	255	746	253	250	250	237	230	218	214	789	207	794	204	202	201	800	179	178	838	839	157	851	146	856	144	864	131	125	880	882	882	884	890	109	107	103	901	912	927	938	942	51	51	952	963	36	969	31	30	972	24	19	982	983	17	13	1e3
502	502	486	522	477	472	529	534	538	461	541	456	545	553	434	578	580	581	582	404	399	398	606	607	387	386	385	618	619	620	362	647	647	654	655	336	333	333	672	677	323	681	682	690	309	299	299	702	293	288	279	277	730	270	268	264	737	262	740	759	238	234	217	786	185	184	817	170	833	833	164	836	844	149	867	127	877	878	883	115	114	114	890	105	899	97	909	909	83	77	930	63	945	39	965	26	990	990	8	995
503	477	475	532	536	458	545	452	450	435	574	426	582	586	587	588	615	617	383	619	377	376	374	372	629	630	634	634	357	646	651	654	341	341	337	664	670	671	689	308	692	693	694	297	294	291	713	285	285	283	719	276	725	269	252	246	233	778	219	218	217	216	785	786	790	806	808	190	185	825	826	843	153	858	859	133	874	875	121	120	881	884	890	107	86	919	919	939	946	962	967	972	975	25	17	985	12	988	10	994
519	475	467	466	540	460	453	553	577	580	415	415	409	603	395	386	614	622	624	625	365	637	362	351	351	661	336	335	335	665	669	672	326	678	321	315	302	289	287	715	717	282	723	745	751	759	761	765	234	771	774	219	782	214	193	819	179	826	828	844	848	854	854	140	134	128	873	874	115	889	897	898	898	92	92	910	915	921	76	74	943	54	48	47	964	968	970	971	973	973	25	21	981	983	11	11	991	5	996	997
499	512	476	473	472	530	536	536	545	439	435	421	579	584	416	415	415	413	588	590	410	408	611	387	613	386	381	621	357	355	348	656	344	660	663	670	315	307	695	697	299	704	294	717	719	719	280	723	727	730	269	735	250	751	752	241	238	232	769	230	229	229	227	785	209	207	813	829	160	160	153	848	848	151	145	144	872	126	880	884	112	899	911	89	923	76	924	934	938	50	48	45	963	36	971	979	986	14	996	999
493	492	487	485	478	528	540	553	562	429	574	583	596	606	606	392	387	369	638	359	354	353	647	352	350	346	344	657	332	330	327	676	317	311	690	306	694	303	302	701	713	280	275	728	270	263	737	744	749	750	249	752	755	756	760	237	236	233	223	786	205	803	195	812	182	825	172	169	838	160	157	152	148	870	873	126	876	887	904	96	95	94	93	907	91	911	89	912	74	930	942	945	55	49	36	966	27	974	25	977
502	503	503	506	506	492	508	487	478	544	454	549	448	559	564	432	429	575	416	410	592	592	408	383	621	624	627	634	360	357	647	351	652	655	336	327	321	689	306	695	304	282	721	730	267	736	740	260	255	745	255	765	766	766	231	228	778	221	801	807	187	821	178	834	162	839	158	846	147	146	137	865	134	875	889	894	894	100	99	96	90	916	918	81	924	930	70	68	67	61	43	39	36	36	35	25	976	980	16	992
501	501	503	491	510	473	531	469	466	534	538	538	449	567	429	427	574	425	577	579	416	585	410	591	594	595	598	599	400	608	381	621	374	626	374	627	649	348	346	330	672	319	318	687	699	699	298	705	295	709	710	716	716	278	733	267	263	259	256	745	745	745	243	761	770	783	787	203	195	819	175	175	172	169	833	834	164	159	157	847	152	144	870	122	886	110	103	904	62	941	942	947	952	957	966	979	983	992	3	1e3
505	494	490	481	520	476	525	525	467	467	536	459	456	544	547	571	423	414	410	590	407	596	400	624	630	632	364	354	352	348	342	339	334	327	677	322	318	311	696	696	697	299	295	706	710	279	268	732	738	256	249	246	243	237	770	772	785	791	204	801	802	806	817	830	840	142	862	129	872	127	875	878	118	116	112	892	107	107	100	900	908	86	917	929	931	69	54	958	41	962	966	971	27	977	23	978	17	14	8	997
497	507	488	519	521	523	524	525	528	533	539	549	552	565	580	415	414	595	596	400	398	615	375	363	359	642	355	650	653	343	326	319	682	692	305	299	706	717	282	281	279	274	736	736	747	245	757	760	761	236	768	775	786	794	204	797	803	809	815	816	181	822	831	167	834	166	839	156	850	142	860	862	133	132	873	120	109	899	900	901	903	903	906	907	912	914	76	67	935	63	60	46	960	37	966	968	17	995	5	997
495	484	519	475	525	455	453	569	423	421	410	591	597	395	389	612	370	647	656	657	332	673	674	319	682	317	684	312	689	692	300	701	296	707	292	290	715	265	265	741	250	754	243	758	234	766	776	778	218	791	795	202	802	183	825	826	173	831	167	834	163	161	841	847	848	140	872	873	884	115	110	107	98	905	93	92	86	918	922	928	60	942	944	949	50	45	43	963	965	23	22	980	19	982	18	988	988	11	998	998
508	489	485	484	483	469	467	463	541	551	558	442	437	573	423	580	583	416	585	414	410	591	409	408	407	608	383	382	374	637	362	351	656	343	657	660	339	670	330	327	682	312	301	706	290	285	277	724	734	735	742	747	246	245	240	773	776	220	781	787	210	792	208	207	201	802	803	195	182	819	176	831	838	861	130	875	876	884	885	887	901	97	96	907	909	916	925	69	933	940	945	947	979	987	9	9	992	8	8	0
500	504	510	511	477	477	476	475	467	466	462	543	457	456	545	447	583	586	587	412	405	605	392	383	380	379	622	624	625	633	645	353	654	345	336	665	333	669	672	673	325	319	684	685	693	307	696	299	704	294	711	716	716	719	280	257	257	254	253	250	754	763	229	227	225	777	219	197	804	178	824	173	170	164	159	148	146	144	857	140	139	138	868	129	877	882	883	886	892	108	894	894	895	103	907	39	27	18	15	14
489	520	479	474	472	471	532	467	465	540	450	449	448	560	564	571	428	426	407	405	604	395	393	390	386	384	620	380	627	627	369	367	360	641	643	351	651	652	655	655	678	679	320	687	309	699	289	289	713	730	269	750	247	243	241	762	765	228	208	207	805	807	191	190	184	180	166	157	844	154	861	863	866	867	867	870	882	888	109	891	102	94	93	914	83	917	921	930	64	63	61	50	50	965	971	23	16	16	988	992
496	505	506	509	518	479	541	552	554	441	561	429	571	428	574	426	425	584	586	591	405	399	392	390	613	382	628	638	362	355	645	657	658	659	336	665	668	672	675	680	689	696	699	288	287	733	264	253	748	251	250	249	249	248	755	757	758	236	771	220	216	785	788	789	207	195	812	187	819	827	828	169	836	843	154	860	862	863	864	864	126	124	122	880	116	112	893	908	88	916	76	925	62	61	940	941	941	39	972	977
499	503	496	507	511	511	513	523	532	466	549	549	445	556	557	443	435	565	568	426	423	597	394	373	638	644	355	351	349	344	342	341	660	664	673	323	312	692	303	702	287	281	721	276	725	267	260	742	744	251	750	753	759	225	222	220	785	788	211	803	194	182	176	165	164	157	851	856	136	135	134	116	116	892	897	898	906	94	913	85	73	929	69	63	938	60	941	57	50	953	956	962	967	27	18	17	8	6	998	0
500	500	499	498	502	503	496	492	490	513	483	521	473	472	529	538	456	553	441	560	570	429	591	402	397	606	393	392	390	610	613	614	383	620	620	379	625	625	369	632	366	657	663	333	676	316	313	688	692	695	286	269	731	734	262	741	744	750	248	764	235	783	784	795	796	203	801	804	818	181	174	169	831	834	837	157	150	145	139	138	128	124	893	103	93	92	908	913	83	72	939	952	959	36	966	26	979	982	986	3
484	477	525	526	533	466	536	463	455	442	437	563	564	567	431	427	423	586	592	593	407	405	403	598	600	397	628	369	632	642	656	343	339	668	329	328	679	316	686	696	702	291	290	287	713	281	735	742	255	253	750	752	767	778	780	220	212	790	800	198	807	810	185	177	843	850	147	146	862	129	122	885	886	112	890	110	104	104	91	91	91	88	912	916	72	69	935	949	954	956	41	40	38	37	35	23	22	20	7	996
500	493	493	512	484	519	473	532	467	534	536	460	459	452	548	450	553	563	425	421	419	409	404	403	598	390	614	620	379	626	647	352	338	664	674	323	322	313	691	305	304	300	300	700	300	701	292	291	286	718	732	264	739	745	251	240	237	764	236	235	765	777	778	217	788	211	790	792	207	798	190	823	830	160	854	857	866	867	870	870	873	111	110	894	899	903	913	927	929	61	55	54	948	955	37	23	20	985	7	3
497	503	524	473	471	552	441	439	571	572	573	411	590	593	406	399	393	608	609	616	381	647	648	656	673	325	324	677	691	694	306	301	297	291	289	287	287	286	286	715	283	727	730	733	749	754	765	234	225	224	222	219	217	213	788	209	793	207	201	197	196	192	809	191	819	821	168	160	147	140	863	868	126	879	120	884	115	104	898	906	907	92	90	915	71	936	936	46	33	33	968	27	22	21	981	19	18	14	988	995
500	483	481	519	521	532	535	459	548	451	436	568	428	576	586	413	588	402	599	603	382	382	376	631	363	638	362	344	664	332	331	328	326	675	683	308	694	305	304	725	268	264	739	259	255	250	751	752	753	245	757	241	233	231	779	780	794	795	202	803	188	182	179	827	835	163	839	153	150	853	144	143	142	859	140	861	864	878	122	879	117	891	892	899	99	90	915	921	78	923	60	943	56	52	953	970	25	10	996	998
503	507	523	526	466	536	464	538	541	543	549	437	569	426	582	584	408	594	599	622	366	634	362	360	643	644	648	653	343	657	659	662	336	322	315	313	309	309	305	304	293	293	711	712	280	721	276	724	725	272	730	733	247	245	242	229	225	222	220	780	214	213	790	798	803	808	189	813	185	817	821	825	829	164	158	842	157	843	848	146	146	142	871	125	877	123	113	84	60	956	43	38	34	968	30	971	979	980	10	998
494	513	514	518	520	464	462	545	545	442	559	562	438	438	436	567	570	580	585	595	405	403	398	603	605	391	620	621	627	633	360	640	359	358	652	653	347	346	342	342	336	334	332	310	304	702	287	279	277	737	745	756	760	762	233	770	777	223	787	788	805	808	810	814	816	817	178	174	828	166	836	152	851	146	145	860	137	867	130	881	111	894	897	91	83	83	76	56	56	946	949	51	970	971	28	981	983	15	10	2
502	494	478	474	470	530	467	533	538	458	549	560	563	566	429	572	427	581	408	598	605	395	391	611	615	382	620	624	372	632	635	364	343	669	669	327	326	680	680	682	318	308	696	299	284	735	737	744	253	749	249	230	230	770	216	205	203	801	192	809	813	815	172	166	835	839	842	843	844	155	148	147	860	137	864	866	879	102	899	914	82	76	924	932	63	49	952	958	962	32	27	973	27	977	19	984	986	4	4	2
501	511	514	483	473	532	461	542	549	450	428	418	412	400	395	607	384	379	374	629	633	338	665	335	671	328	327	322	318	687	700	297	708	286	273	739	740	744	247	753	763	765	234	218	218	216	216	785	203	808	816	174	831	165	835	836	162	841	842	848	149	860	138	866	866	876	878	879	119	118	882	885	894	106	106	105	897	101	903	908	91	911	914	86	86	78	926	67	933	58	54	949	40	961	964	22	979	982	985	999
501	502	513	479	537	462	543	546	454	547	445	559	438	435	430	578	390	612	614	384	375	372	371	356	352	349	657	341	338	663	666	671	327	325	677	302	705	292	291	287	278	745	252	751	753	247	247	245	240	239	766	766	772	774	224	219	216	212	792	793	199	193	807	188	825	168	841	846	861	862	136	131	883	112	102	99	97	95	913	87	81	922	76	927	66	63	946	45	44	40	961	965	972	28	27	26	983	11	996	997
507	514	468	540	543	550	558	560	567	568	432	570	418	417	413	594	399	399	398	610	373	360	640	349	342	337	666	324	320	319	682	318	688	304	700	298	705	292	290	712	286	282	719	734	735	261	256	745	252	749	249	248	757	770	227	224	222	221	220	218	788	788	790	210	820	824	832	167	160	160	154	134	129	873	123	878	882	118	883	109	105	903	92	910	89	914	920	79	65	55	54	51	950	956	958	974	979	18	13	988
497	513	480	530	531	538	456	545	451	558	558	584	592	403	599	602	397	397	389	385	621	628	629	356	353	653	659	659	341	663	326	679	321	685	315	314	304	302	701	710	711	714	723	273	728	733	262	742	744	747	251	751	752	757	236	767	232	769	771	776	223	222	222	221	219	211	805	194	806	193	186	822	178	827	830	148	864	129	873	876	110	890	893	896	101	912	913	84	76	934	61	944	52	953	37	28	972	16	984	2
497	505	487	515	484	482	533	461	546	548	447	442	440	439	563	437	573	425	420	418	417	596	601	399	396	608	616	372	631	640	641	656	673	325	675	323	316	314	690	304	699	702	294	291	712	285	725	273	266	266	254	750	244	763	236	230	770	223	780	787	790	209	204	195	810	811	835	835	163	159	847	151	853	855	137	130	873	874	878	119	111	110	895	895	898	902	903	903	93	83	955	45	960	966	967	971	986	993	995	4
496	506	494	489	513	518	473	534	445	559	565	431	571	572	573	426	423	580	585	412	595	402	399	606	392	615	379	373	363	356	647	347	658	341	667	675	685	311	311	691	307	302	302	705	295	708	289	287	281	276	276	739	256	759	241	236	234	772	227	226	219	218	216	784	793	170	835	848	849	859	864	873	123	877	878	882	882	890	899	899	899	906	932	933	935	950	49	48	953	961	36	964	971	26	974	979	16	988	5	4
493	511	524	475	530	534	462	540	543	547	549	551	555	555	444	441	569	572	577	581	594	404	598	601	379	379	623	626	636	363	355	355	350	655	666	325	301	299	706	289	284	281	274	271	267	263	236	236	231	231	769	227	775	204	803	803	806	810	181	820	180	830	163	839	155	846	147	143	858	137	866	867	131	875	875	876	123	880	902	96	91	90	911	913	68	64	941	52	49	956	43	962	963	963	32	30	972	977	977	6
499	494	507	511	485	524	526	472	452	450	448	553	554	446	556	569	578	415	593	394	394	613	621	360	648	651	343	663	664	330	679	320	319	313	690	308	299	289	279	278	278	736	736	261	256	747	239	764	228	783	213	210	202	194	187	186	182	174	170	840	843	844	155	845	848	848	857	134	133	868	128	876	123	123	878	883	116	891	107	895	105	896	905	91	910	83	82	921	921	77	924	66	935	946	947	947	947	959	968	972
498	496	486	514	515	517	532	467	534	535	460	559	564	564	566	569	425	420	417	408	405	598	615	381	377	626	646	354	647	649	346	655	334	673	318	314	314	694	703	707	707	288	712	716	720	278	268	249	757	229	778	779	220	786	787	788	210	207	204	800	196	804	819	175	163	159	156	850	852	854	862	137	133	124	120	881	882	113	893	103	898	99	94	91	910	911	930	70	935	54	53	49	952	38	965	970	25	24	992	1e3
506	491	469	466	466	535	462	541	558	568	574	578	582	599	601	381	620	621	628	357	646	652	669	330	677	319	319	316	312	312	307	299	296	292	709	709	287	713	714	285	273	270	732	259	748	755	766	767	232	771	775	224	220	217	217	213	211	791	204	800	802	192	190	186	183	821	178	170	830	164	147	856	137	132	129	129	875	122	120	887	88	85	917	81	926	935	941	52	46	955	957	961	966	34	34	967	981	11	995	0
505	490	489	515	477	466	540	459	541	543	544	456	452	448	433	577	579	580	584	415	408	406	598	602	396	606	390	389	612	624	640	356	657	341	659	668	676	323	320	316	687	300	707	287	716	722	722	276	724	274	735	264	745	250	764	233	231	785	211	208	204	799	800	803	805	807	814	816	816	818	822	825	848	152	149	146	141	139	864	135	869	878	884	116	111	105	911	913	86	81	80	77	936	944	951	48	975	979	11	0
499	502	494	508	508	514	514	515	524	528	530	461	544	453	549	438	573	576	407	406	402	394	391	389	613	383	382	378	373	372	370	343	664	328	672	327	676	316	693	700	297	294	290	289	282	272	267	735	744	254	757	241	239	764	227	788	210	209	209	194	180	825	828	168	834	162	153	850	149	857	143	869	870	129	125	124	120	881	112	891	895	104	102	98	905	917	82	81	78	924	72	72	69	932	57	944	54	956	956	958
493	491	488	467	540	546	554	554	416	411	591	409	407	406	605	606	610	611	387	618	380	379	377	627	627	369	367	635	639	360	640	644	649	345	656	311	691	302	301	301	703	705	292	272	731	734	263	742	251	756	240	239	227	778	218	785	210	210	796	201	809	185	818	824	175	834	834	163	163	842	855	861	868	870	127	126	878	882	883	115	110	892	107	898	97	97	84	81	920	928	928	938	60	948	959	36	968	976	12	990
507	508	490	475	464	463	541	457	544	451	450	447	553	430	572	423	581	583	416	584	600	396	614	382	379	627	368	632	349	666	328	691	691	697	705	284	730	739	257	758	758	234	775	222	221	220	211	210	794	206	795	811	813	187	816	182	821	167	166	837	154	850	149	149	852	148	852	147	855	140	139	130	871	123	878	886	114	887	112	894	96	94	94	87	923	926	930	939	942	52	965	34	33	23	13	989	991	991	2	998
491	490	489	520	522	473	530	530	470	531	462	455	551	552	446	435	569	574	424	577	579	585	588	409	597	398	606	610	613	383	622	371	367	634	643	646	353	653	677	317	306	289	288	715	716	281	279	274	274	729	262	261	259	744	745	747	250	751	242	758	225	778	783	790	209	191	826	832	166	160	841	848	854	858	140	865	873	120	116	110	901	89	922	73	929	70	930	70	57	53	51	46	42	42	36	32	981	11	5	997
500	496	493	536	536	462	539	456	544	447	439	439	426	424	419	583	413	410	409	403	398	604	391	612	613	621	378	373	628	368	363	637	639	351	347	655	328	327	682	685	309	698	300	702	710	712	741	258	746	254	751	763	767	768	226	783	788	212	211	799	802	193	808	819	819	821	835	839	848	151	855	860	868	125	123	115	887	888	898	93	911	88	915	918	927	64	55	54	42	960	965	33	24	20	984	984	986	987	994	995
500	501	503	490	513	485	523	472	530	459	544	544	455	545	546	548	436	434	566	431	573	573	423	420	416	591	407	396	394	384	617	377	627	629	635	636	355	651	653	342	662	670	329	678	316	696	709	289	286	723	275	272	739	750	248	759	766	777	801	804	809	821	178	826	835	164	163	846	854	858	864	879	882	110	891	891	893	897	99	94	906	906	909	84	920	931	63	61	944	946	40	967	29	25	21	21	9	992	6	6
499	518	526	527	468	534	465	540	457	454	452	549	557	557	559	437	433	432	431	574	581	416	409	407	598	399	603	623	628	371	632	367	356	646	649	652	347	345	343	338	666	672	319	318	317	691	697	699	293	724	274	740	258	207	808	189	824	825	174	173	173	830	170	167	160	841	157	850	150	148	853	868	131	870	870	127	121	112	110	95	914	918	919	921	949	949	49	43	960	38	966	34	967	28	973	976	23	23	16	988
502	504	508	488	483	519	481	480	477	527	473	461	457	545	455	547	451	551	553	561	437	571	426	424	580	409	595	405	596	598	399	617	617	378	355	350	341	661	338	663	334	323	312	689	696	700	707	290	711	724	729	736	736	262	253	749	250	247	754	767	768	226	775	220	783	794	203	198	814	816	837	837	841	158	845	849	143	859	139	862	137	864	134	869	875	124	123	103	904	915	919	73	937	56	955	958	974	974	985	988
501	497	491	488	528	464	456	456	448	442	437	566	427	578	589	593	597	605	393	393	364	357	650	661	338	662	329	677	678	321	680	319	691	692	306	703	293	291	712	281	721	277	759	760	770	228	774	780	213	212	792	207	794	795	798	185	179	174	172	832	836	838	842	843	846	849	149	133	132	868	104	898	98	902	97	909	912	917	78	70	939	54	53	50	47	954	955	43	959	959	961	964	33	984	14	12	992	997	1	1e3
497	495	506	510	514	483	465	544	456	550	551	446	556	573	427	425	578	416	589	596	396	612	618	381	378	623	376	374	368	640	652	343	658	330	677	318	317	684	314	307	697	299	701	703	292	290	290	710	288	274	266	736	254	246	245	762	232	795	795	799	809	187	186	184	180	178	176	825	831	831	833	158	843	847	147	854	145	143	141	865	871	121	880	95	911	86	923	69	948	52	48	961	31	971	971	25	979	989	992	5
509	487	481	520	521	479	522	533	536	464	461	459	547	547	452	556	438	578	419	402	601	386	381	624	626	632	357	650	659	660	336	331	673	316	312	312	308	298	297	704	708	291	710	276	270	746	246	757	232	772	776	789	208	196	193	185	822	829	171	834	837	162	158	154	847	148	858	863	133	869	876	118	888	111	890	101	92	89	84	916	919	919	77	925	72	933	966	33	30	30	29	27	26	975	976	20	990	992	1	1e3
507	514	449	448	445	445	438	564	433	431	571	426	425	576	422	414	588	411	408	598	394	608	391	389	613	384	382	379	621	373	641	645	351	343	342	340	334	670	330	328	686	312	311	703	297	707	287	286	285	285	720	724	725	274	255	752	245	764	767	209	205	799	192	192	813	180	177	175	168	166	153	851	146	138	863	126	882	116	109	903	904	95	907	922	76	928	948	51	42	40	35	978	20	18	15	986	7	997	2	998
502	514	514	480	536	542	544	550	550	445	441	562	437	433	433	433	575	576	414	593	607	387	616	622	376	375	632	360	359	649	343	339	333	674	323	320	684	684	308	307	699	703	707	291	279	728	728	271	732	263	746	752	755	243	760	231	230	778	215	209	204	202	804	804	185	181	823	823	832	832	851	853	858	137	127	122	122	889	108	893	893	899	903	94	89	87	80	63	942	57	55	29	974	978	22	985	986	13	11	998
506	509	510	512	477	526	471	465	458	542	544	456	547	551	448	440	437	434	431	427	424	418	582	417	414	414	409	409	402	601	399	605	606	609	623	369	651	652	654	338	333	322	681	693	305	704	289	287	725	731	268	268	245	235	771	227	777	781	218	214	788	793	205	203	193	808	809	811	821	826	829	171	842	156	154	850	150	146	861	131	871	872	886	889	897	103	900	918	922	928	929	930	66	936	945	55	49	22	992	0
508	514	515	481	477	528	462	540	548	555	441	439	434	433	433	582	584	585	598	401	601	601	610	387	618	377	373	361	359	645	648	650	660	661	663	666	322	318	317	695	696	708	292	283	280	274	728	736	260	746	250	248	244	240	237	234	223	219	784	212	209	793	796	805	810	813	817	820	827	163	160	154	149	134	876	121	107	105	94	909	84	79	924	927	932	941	59	57	944	54	948	957	33	969	970	29	988	994	996	997
505	510	512	515	518	471	530	466	450	551	447	574	423	420	580	414	413	590	593	612	386	384	383	623	365	349	660	333	330	327	682	312	691	302	704	712	287	285	281	722	274	273	271	729	731	266	734	264	263	262	251	236	236	776	223	217	210	198	804	807	811	186	180	178	828	832	850	855	145	143	139	861	124	876	877	122	884	886	893	99	902	97	909	91	88	919	923	71	936	953	46	961	962	21	20	16	991	8	4	998
500	497	494	493	510	489	489	513	519	519	523	468	545	453	547	555	563	432	431	427	422	586	591	402	395	605	392	611	623	374	633	640	354	348	658	659	329	675	677	679	321	681	683	316	691	306	300	708	709	715	718	723	277	273	737	262	262	739	742	743	252	761	764	235	766	767	770	774	785	212	789	193	815	817	822	824	175	174	828	830	833	162	853	853	143	861	864	106	906	926	70	69	67	933	944	965	34	973	15	990
501	502	518	480	522	522	477	539	543	456	548	423	579	415	403	392	624	624	627	372	370	637	644	353	346	340	333	329	671	325	684	299	295	708	292	280	728	730	270	731	263	744	750	247	245	756	242	236	225	223	790	210	203	201	800	200	801	804	804	190	187	183	833	165	838	160	842	848	851	148	853	864	128	873	877	121	888	890	891	892	107	904	78	927	61	947	951	954	44	42	959	39	968	31	22	980	981	19	17	994
509	490	515	483	522	522	477	475	474	460	454	450	446	567	569	431	570	429	576	584	595	607	608	610	387	627	629	369	357	649	651	657	660	660	662	325	317	304	302	294	720	721	276	724	725	726	729	258	744	748	251	249	240	769	222	221	780	781	217	208	794	803	810	189	179	177	830	837	159	841	842	154	153	147	143	138	874	101	900	99	902	91	86	86	85	915	921	78	944	949	950	958	964	35	33	974	19	9	993	2
498	498	493	489	486	516	518	482	478	466	460	548	551	437	429	424	577	582	593	400	389	383	382	618	371	639	639	358	349	653	659	678	681	313	689	690	692	305	696	290	711	283	726	268	733	260	743	749	754	760	237	766	766	232	225	779	220	213	212	795	196	190	181	175	175	168	834	839	155	847	142	863	122	885	885	886	887	888	897	102	903	918	77	936	937	47	45	44	958	39	33	981	986	13	11	990	992	7	3	1
506	491	490	512	514	472	529	467	535	547	557	562	435	566	577	423	579	579	580	589	592	601	601	392	383	622	374	360	354	649	651	653	347	670	328	328	318	691	693	300	299	296	712	713	285	273	272	733	735	261	742	258	745	249	246	757	758	776	220	784	785	213	790	819	831	831	167	833	162	846	848	151	146	133	129	875	883	110	890	896	88	85	78	922	924	67	60	55	951	959	960	961	39	979	16	985	11	992	1	1e3
509	509	512	476	475	530	530	462	541	455	546	452	452	551	422	413	412	411	596	398	610	390	624	624	364	360	351	348	653	660	338	663	673	675	318	687	688	698	702	704	710	721	272	728	729	732	736	262	738	745	750	751	249	248	232	222	792	794	797	201	803	197	184	821	824	834	839	146	139	873	125	878	879	882	886	111	890	110	897	99	910	86	921	76	68	943	961	961	37	36	34	32	28	974	24	979	19	989	993	7
510	485	538	460	454	546	550	442	439	439	438	437	566	569	431	422	419	417	414	589	602	392	609	390	615	379	622	371	641	644	645	353	662	333	669	329	680	684	312	311	303	697	704	706	710	723	274	733	264	262	260	258	253	253	753	760	761	767	231	773	789	809	184	816	172	831	833	158	143	861	870	874	876	119	884	893	105	101	99	98	97	96	92	90	918	80	925	928	72	71	70	38	34	977	981	13	988	992	993	5
495	491	463	540	551	552	556	561	566	566	431	423	603	396	605	608	613	383	380	624	376	632	368	634	363	637	359	354	647	647	352	345	657	659	334	671	674	675	319	687	689	288	725	735	736	262	742	742	257	250	250	250	752	247	242	758	759	227	223	220	220	781	782	214	788	212	789	203	202	805	830	168	833	836	837	158	137	868	873	124	122	881	115	895	897	99	97	904	910	916	918	953	41	963	974	980	14	989	990	990
496	508	491	510	490	490	516	517	518	472	540	444	557	439	433	421	580	583	417	584	586	587	589	410	592	406	390	386	386	623	626	630	645	645	353	650	660	670	329	684	689	692	304	697	297	706	709	721	274	273	734	739	260	255	249	247	756	238	765	771	218	206	794	801	816	831	834	160	157	153	146	146	141	140	129	129	871	875	877	878	118	885	113	107	107	105	897	897	75	931	933	62	60	950	952	962	32	970	980	15
503	504	495	478	522	524	469	533	547	452	555	444	442	579	415	593	600	601	617	382	381	374	629	632	356	351	346	678	318	682	690	309	706	290	715	719	277	724	732	258	745	750	757	236	227	781	785	788	208	795	796	194	806	194	811	818	820	821	179	179	163	843	858	142	859	863	864	135	134	871	122	882	896	98	96	908	914	915	83	917	77	73	936	944	55	54	51	954	46	963	37	970	29	973	23	981	17	983	992	993
497	496	506	484	519	478	478	477	476	532	542	542	458	448	557	560	438	436	433	570	429	429	420	402	402	605	393	622	622	623	624	629	365	638	639	642	351	649	652	668	330	673	678	679	318	696	716	277	262	765	769	770	223	218	217	216	214	793	795	204	203	197	194	191	811	185	174	169	835	164	841	841	158	847	151	850	851	854	859	859	861	862	876	123	892	91	911	72	930	934	935	65	61	950	49	44	30	972	973	13
500	495	508	491	509	511	488	516	516	481	479	525	541	455	552	553	557	442	568	431	430	428	425	580	418	417	417	584	590	408	407	597	390	381	632	360	643	645	652	335	668	327	689	693	301	289	714	733	260	754	759	760	233	769	227	775	780	219	211	207	205	197	805	194	811	177	823	172	851	144	862	865	134	132	129	871	124	878	118	883	115	890	104	899	923	75	74	929	939	48	954	41	961	31	971	973	21	980	15	996
488	521	539	539	461	542	454	548	550	552	556	442	558	435	566	567	569	423	409	407	616	617	640	651	346	341	680	682	317	684	684	314	309	694	698	302	704	289	717	719	271	268	260	244	756	241	239	239	238	236	233	775	775	791	794	203	806	809	187	183	822	176	175	173	170	169	831	835	164	836	163	160	843	153	853	141	867	121	119	884	887	112	894	100	908	908	78	926	68	64	941	941	55	49	33	14	988	991	994	1e3
486	514	519	481	530	545	453	548	440	561	565	433	430	426	424	586	588	408	592	402	399	602	392	609	614	382	381	375	371	636	360	356	644	647	654	342	341	660	662	337	325	320	316	691	303	301	702	713	281	279	728	254	251	749	749	232	226	775	776	779	213	793	795	196	196	809	819	170	167	150	150	853	857	857	869	874	876	876	882	887	110	894	104	103	95	93	907	88	76	926	930	57	950	49	46	30	978	990	6	4
481	481	463	456	448	444	557	560	560	560	562	436	565	565	434	430	572	579	410	597	612	388	386	383	618	625	374	628	368	362	360	646	353	647	349	654	654	667	667	332	326	326	325	322	685	687	692	307	296	278	722	745	747	750	757	225	779	220	217	785	787	209	202	198	807	809	187	814	825	172	833	165	842	846	850	150	862	136	874	882	101	913	917	82	920	79	926	942	948	49	48	47	955	41	37	974	975	978	20	14
501	496	505	513	480	521	474	541	542	448	445	444	558	558	440	563	566	566	567	567	571	575	419	582	587	588	409	402	603	611	381	628	364	654	342	342	678	695	302	699	700	701	706	715	715	273	729	737	261	260	253	761	237	763	235	771	229	208	206	794	796	204	197	197	193	192	814	185	819	172	170	831	833	833	158	144	861	861	867	131	121	110	916	916	916	917	79	921	940	52	956	41	39	962	967	970	21	979	12	998
512	488	513	481	527	537	538	461	458	456	553	557	560	561	562	435	570	429	427	573	422	583	415	415	395	392	388	387	380	378	375	629	632	633	361	352	650	339	662	338	665	331	314	687	312	305	295	286	717	723	741	748	751	245	755	759	238	236	768	229	209	208	794	795	796	810	183	820	823	177	826	164	159	846	858	858	141	862	117	106	105	105	900	76	74	72	68	62	939	947	948	38	23	979	12	988	11	990	6	996
495	505	506	508	490	488	514	483	474	474	542	455	455	454	452	548	551	447	447	556	558	437	435	430	576	423	580	410	597	402	600	399	609	618	621	628	365	642	657	657	660	339	674	315	315	296	705	709	715	276	275	731	266	735	262	260	249	249	246	757	241	240	226	225	224	779	780	214	212	211	211	210	791	796	841	842	842	849	856	140	863	876	122	114	113	98	93	84	917	72	941	58	944	949	956	38	969	22	17	997
498	491	515	481	476	534	461	455	441	562	567	431	428	425	417	401	601	395	607	609	620	622	373	629	364	336	330	676	319	302	295	280	268	268	735	255	746	253	751	246	755	767	225	223	781	216	787	789	793	794	200	802	804	194	193	807	809	181	179	824	841	843	156	152	852	853	854	145	145	856	864	134	133	123	884	884	890	96	92	915	918	80	78	76	926	73	936	52	953	954	960	966	967	32	32	26	976	977	18	8
499	496	507	487	486	519	477	475	473	529	533	432	572	579	414	594	608	392	613	619	374	634	634	644	347	340	663	669	680	685	311	310	691	692	697	712	715	718	722	272	731	735	737	753	247	755	242	242	240	763	222	211	795	183	179	173	838	847	847	150	148	147	143	859	862	136	134	868	875	119	117	106	103	901	906	90	90	910	915	921	75	929	946	947	957	40	963	964	966	31	31	28	977	981	17	10	992	6	995	999
500	515	476	526	469	469	467	538	538	544	451	450	561	423	579	420	582	586	411	591	596	599	398	603	606	393	385	383	617	381	624	367	361	644	356	660	661	668	671	671	679	688	690	694	302	721	278	723	725	272	732	265	736	261	257	744	766	767	773	783	215	214	792	201	813	179	831	859	859	868	875	113	889	897	899	99	98	96	905	92	85	920	943	55	52	50	36	33	968	30	974	20	18	17	986	9	5	5	996	1
504	506	494	517	517	477	476	455	449	560	562	589	410	597	626	626	366	636	640	359	656	664	669	673	678	678	681	312	304	698	301	706	280	276	726	269	252	247	244	241	241	760	761	234	229	772	219	217	785	790	209	206	795	802	194	193	189	814	186	179	178	822	823	172	171	831	833	164	839	844	845	850	145	861	866	867	129	878	879	118	883	116	890	101	98	98	909	915	79	75	68	56	955	36	969	976	976	987	12	993
496	510	516	482	481	480	478	476	524	467	462	547	553	446	557	564	427	583	410	599	394	615	382	378	373	628	371	632	639	357	649	650	656	338	338	669	680	316	685	306	707	710	712	722	725	732	267	248	244	769	777	777	215	795	204	796	190	810	812	180	180	821	825	825	828	850	146	139	863	867	874	877	122	121	880	890	890	891	101	93	915	924	76	73	930	934	65	939	952	952	952	45	958	967	32	969	971	987	995	4
500	519	479	478	468	533	461	540	459	543	543	451	451	438	573	577	419	585	586	593	596	602	626	368	639	647	352	651	340	334	331	671	328	680	686	695	703	295	706	710	713	713	720	262	739	742	748	247	231	229	225	209	792	795	198	197	195	195	810	185	182	827	835	836	838	838	158	139	862	862	871	129	128	126	119	118	111	894	106	106	900	94	909	916	82	920	65	939	944	47	36	34	29	25	24	979	19	15	9	1
499	498	496	495	487	518	481	467	456	553	444	436	566	575	576	421	421	411	408	598	401	400	602	604	377	376	363	355	354	654	655	657	342	337	336	691	695	699	707	289	283	277	724	275	737	744	254	249	248	754	755	781	782	787	788	792	795	799	201	196	184	168	844	150	852	147	144	873	875	124	115	112	110	107	105	900	901	95	91	91	74	73	73	65	937	944	945	51	949	951	957	30	28	978	979	19	18	13	7	1
496	518	520	523	526	531	467	455	452	448	562	562	435	575	586	587	603	614	373	371	363	637	651	658	339	336	672	672	326	322	681	685	695	300	286	723	273	729	245	762	764	235	767	767	233	232	769	216	790	799	178	825	830	840	840	158	153	854	855	143	857	132	869	131	871	875	879	880	881	115	893	905	94	88	912	84	76	925	926	928	929	930	931	63	62	61	939	948	955	956	958	40	34	28	982	985	988	991	995	997
501	527	529	538	460	545	454	547	554	445	440	563	434	431	569	576	419	418	583	414	414	414	589	405	404	403	396	387	613	382	624	372	636	353	353	661	664	670	671	672	327	321	319	308	699	700	702	705	705	713	286	740	259	744	251	251	752	758	242	241	238	766	772	785	214	796	800	197	805	194	193	810	188	186	814	185	182	824	824	176	826	156	846	148	864	869	130	129	128	874	110	106	96	926	942	37	15	11	10	0
511	487	476	528	539	461	547	551	436	429	578	422	587	408	404	600	603	390	614	615	384	382	381	624	376	625	626	369	342	664	668	672	326	676	302	298	291	712	719	723	724	273	260	255	754	239	236	766	780	218	794	194	807	187	182	820	823	173	834	836	158	156	846	847	150	851	854	854	855	144	143	138	870	125	883	886	887	111	897	902	904	90	82	920	78	924	75	934	65	940	42	958	37	968	32	977	980	15	5	999
477	527	468	536	553	442	558	441	561	437	430	425	576	422	579	580	590	608	381	377	376	370	632	367	635	636	655	343	665	327	324	322	682	683	694	699	301	287	287	281	267	744	749	244	761	770	770	771	220	786	798	805	808	818	834	164	842	844	155	154	851	148	856	143	862	868	131	124	877	121	119	901	98	95	94	93	909	912	913	914	85	84	82	77	71	930	68	58	57	38	37	963	31	970	28	27	989	990	995	3
