442.652374558886 413.313256700472
576.29090531076 882.14245835744
502.846612481903 847.874952723159
470.946126704599 277.923286698719
628.362672770749 727.190098837453
530.743581698757 576.694799089417
471.026058716373 515.924578360985
548.794024218097 363.088219487491
558.505975606573 587.604044507198
550.528394667246 501.25106781578
590.985111148465 446.732713384304
460.923888744491 157.033154309705
501.900751036364 454.831992787553
631.376456298584 645.891592751242
505.885565420817 625.927351538051
704.767490019661 539.693455885228
599.888088989844 661.272429192258
614.357956331125 340.933389391349
499.265598084536 523.545464001621
536.337461581837 -110.370179244429
371.34618536527 607.735127262528
502.192823051536 723.034065045561
388.677275389815 -47.310966286236
473.341996440246 374.831837531972
477.923150204043 359.745903081564
592.335475454266 403.584296411151
552.066230779672 131.525823252043
405.943261782069 679.422417454496
398.209443266801 310.6636008924
614.258658753738 376.721756939912
390.552497630059 283.098200591268
472.882537781873 470.862759773308
460.521969429557 373.311145733272
303.281530155131 390.748259121692
467.268630299219 445.653072535172
434.359355152983 293.651006518848
492.330801254951 576.539702768077
470.323918766056 680.900461718065
455.145127272224 610.037824459176
505.924657297879 224.844007660085
302.880527794426 505.591276095314
552.467317501833 454.95303552334
602.651267971417 324.683282062012
460.145262974393 388.361926978673
524.880703214626 220.193122054782
444.362497532233 621.009500573883
448.420939686405 565.358095482908
518.538983235632 395.748283537058
439.229528907733 829.850112955345
512.165774307964 689.34169324995
432.85595287893 653.753207703679
590.016746163158 489.441615921051
590.930720743781 367.169075313967
570.74533863881 704.078663324344
530.936986579246 432.385393346392
505.113663570256 603.253215242682
561.146068580595 579.659428895024
467.21804572107 590.620278697478
475.470713592446 786.938016460063
442.949534487714 484.41622352349
559.960437439699 550.7166280661
480.939973916616 517.212275063806
669.382444057188 496.804394438184
534.003378412442 523.623867180097
472.189329592164 373.778756324572
451.96493104748 738.997090450538
580.686157101645 181.752347104192
339.742440440869 186.976642645433
381.763357491229 599.000873394587
547.36141563117 402.224672800356
340.362807360285 837.393652920219
497.914974565705 700.930077220099
615.3972052345 596.674507734091
339.715453779071 546.752346623301
534.281035705259 428.743035860852
322.340049795011 603.743740304287
636.882111323752 432.796368937443
528.974309961997 595.132854310699
456.755112147845 464.662308562659
602.13927517808 681.352194856493
329.061070863953 727.811882403661
432.049823240306 451.103804680726
407.595884433741 488.074549316
371.980472086391 518.551923221486
537.620362700845 548.767864805683
529.073513190398 507.542937367584
569.23609993143 419.481547346281
398.778996355033 587.128458635575
589.194916413061 570.349090200527
523.702276232771 186.574887762117
602.971360870423 377.520185697345
473.064984447918 510.485142860265
548.910777450527 432.889796213868
449.547380564523 272.444853650319
362.694621566724 671.694605857348
407.372336734615 281.481904813101
400.577377034197 357.022787353431
453.611467623899 325.443127746112
450.877540502544 442.76452070927
448.607154774042 390.002564619184
465.252338834178 541.654289484787
531.51152360638 370.59905707698
532.874112569525 523.807873686776
581.516977026787 307.361009774796
523.162582515072 497.59901242978
456.587432136921 555.665769645418
492.548690524689 446.869895062787
498.63839468416 801.281694359234
535.879792862217 589.22055293158
552.822327643776 364.058275319001
478.207340524599 474.312776871415
488.609079045748 611.158704037689
566.407867207883 483.263547369263
562.695309245138 153.585055818718
438.631486017786 506.580962252241
470.155898575842 702.362480164404
522.989822854206 297.174529041149
482.020266227226 310.637320782678
435.660968006134 412.472751700544
512.778842445172 778.857485061849
497.722768517731 731.471351009441
508.4229112544 696.047993288052
420.745551833891 702.17882195082
519.808471251244 462.647815104182
388.017225997218 911.689620060844
578.749343763959 555.24239844786
485.226057467373 525.272437283876
609.719794558352 425.944940336386
483.164162336602 385.675472222212
589.608348618945 599.358456909621
449.246743343443 567.983157067861
644.961928434966 471.775189520078
437.961384245019 615.246433763961
552.137556402774 398.272737697376
595.023248353987 631.439356894437
494.8832666883 474.595545138814
454.747057568469 465.494834510583
439.343690669052 382.548216383798
551.50490063128 304.579086505219
346.590555181113 212.274573876955
471.996336818836 592.99415384019
561.769960863639 555.144683695943
445.77472377994 598.81775293826
583.196841324743 470.77115266916
405.79474067933 509.976747398337
536.396614369356 331.321773134406
487.357829689421 686.726082914446
533.725450068406 420.882791822905
522.397370635635 652.181328229732
549.93812244356 633.755393511003
327.177977390065 411.469062795647
422.824332311777 694.051702104052
360.40362037128 528.382393008005
538.269797309282 504.08807274462
331.332658469392 858.281460514291
496.558472435855 468.5057431171
503.118983081093 548.576092062761
574.996617236073 579.28821055159
416.306750880936 503.375328065858
392.572699739937 136.030805450342
493.312721972713 441.913638607658
383.789142923445 711.287956385089
352.839844989166 615.834326814781
570.196615981677 475.019341699888
496.166114723433 610.016201397071
496.090700945931 545.113376548618
443.649590963426 330.255566032244
491.565360882729 247.987794561983
510.033288333584 666.965425475932
540.648091530415 706.676175837581
324.131985625919 338.709745376007
520.65962256541 474.387419562329
484.330038448906 363.524109810667
482.361007601274 616.295372947129
489.899099565509 486.362571552633
473.950029111538 386.127668127098
590.125160476771 590.331868165289
452.046871299415 350.696318393973
443.092458471291 406.429796761577
573.911894337455 577.340598839575
530.399213056494 440.973010936812
511.803214424613 460.809933411126
347.913949356111 408.888421909133
502.363274082304 510.159149255256
603.482420827215 694.773312281883
544.985211669859 435.301334852883
305.146531175305 779.057413209121
631.879430940357 704.76427475396
462.496181032125 521.373619927331
659.026568074706 558.700602913113
621.683502369348 602.941358791586
641.007726407193 750.689541728861
531.273998944883 410.110978350937
356.635336637912 453.978225390771
541.79087250698 415.902359503998
484.482310501581 311.449993310723
467.598183111183 362.665352938444
434.419506012306 809.777233902424
575.854055740464 507.722026543551
411.810885018398 677.703152090356
500.348289273686 526.767619950514
396.860227760205 622.119997537442
562.905657607251 406.334074771397
468.992449691465 792.461799909452
449.987270223037 269.13871522607
476.036161884675 540.335622957228
511.511676244328 609.835578036281
463.688661612567 759.880004871578
545.30338422617 667.13979937854
491.490784453748 497.719231266613
634.766013163198 527.171754260885
466.097690789955 539.502590225542
532.495040330742 686.440942195252
386.320229076393 205.19290540981
585.257113870552 712.961225815082
609.327130341539 634.472654662531
395.903186380975 298.721062680681
635.160062425613 487.6255728614
542.071149698836 706.217751235501
526.09028221654 355.404706499497
496.072657600318 418.479797704812
385.855511158843 504.643931054506
571.027224966299 462.127819714504
434.086808734592 672.581868383533
572.603635000953 562.110954220544
475.459815579786 465.556092469443
675.986717980073 639.995698100688
475.376857158176 488.929373380135
429.055140855782 686.414976348301
496.512698037994 584.683757739445
482.438195639126 408.577256656713
582.781568896135 391.100232601363
438.115267666574 543.232010290754
539.749307114438 547.248068014444
338.22497255866 715.126833166282
540.688924898023 714.040360144044
422.732600478683 698.474948178408
489.361228116578 390.030028280774
499.930949935195 283.169933959406
535.892513465183 434.533938449821
647.665267327181 328.039228454126
535.130850455117 566.533749334113
542.817134130221 690.624305692792
516.362641243762 417.181807305927
594.441232582617 559.337970485077
382.450506184089 392.563056714738
584.160390105651 354.612001561062
581.27700169931 549.260723271844
443.801570801971 230.887139907577
391.281314827887 620.917174090113
417.012498302247 433.000832635749
479.967335130028 715.172125699933
478.231310009327 759.072287061129
594.457923967246 500.160517681412
567.861186190146 432.615975342774
685.533775873619 223.590640758499
469.935640782569 383.630400224153
502.94054469981 460.832902411571
483.515331562858 303.198091904119
538.437628947935 246.768603328128
464.357013570154 633.266163127233
555.217671464416 545.248909329869
553.888178763856 266.679522347446
531.908597692729 259.605340561321
482.92352433002 767.554800263129
528.52980913855 533.380811638648
568.536119328542 703.961132739477
484.832593110179 504.958801414983
535.530825596048 304.364404752174
453.559428557531 644.338466048748
460.675016994124 644.425440742698
539.334984232627 636.313015074005
518.124970432376 533.660264360601
442.856232836782 578.569968049004
514.295033629226 44.0520273926686
543.80561009105 115.612615160769
421.14226753349 833.775724012615
494.086772353494 868.457347115828
487.184964577488 228.876418246864
439.682942805039 202.518583047793
609.696423979175 246.093621393745
577.174912653454 511.350161191078
436.178665733338 303.960083875801
446.695832056707 535.049954845995
553.449049174596 861.671202465586
452.520304267587 176.480218993966
501.140398509573 604.273244134567
470.45607134892 342.159119225267
557.920791912388 538.245873650593
471.304609782453 359.446544923904
545.915333192851 880.796156751835
469.724989314084 631.836490845662
472.515138175016 501.388080674469
392.347562485793 354.45193479719
418.241519107154 716.316142044976
573.109455454382 502.334044095747
553.071510482105 753.081583278188
505.864406456942 311.423730031764
448.850871125096 482.3667965409
534.203357144892 354.502538909697
642.507276189918 479.614142515086
573.725956028412 265.421395597317
429.488123814427 637.565728350299
499.879814494433 400.849594257773
644.647303780608 505.264104160695
561.481697832344 522.210512609904
573.978729674214 639.731066956263
512.50874958022 21.6232933020469
408.374204413728 606.485472101031
583.033769750286 720.130517099932
571.895869967095 391.680195123664
405.55480325053 392.93743014119
536.246744425615 338.156318608196
528.480032158729 543.419124737892
497.905640640773 291.374198832709
452.215240400088 373.885334768251
480.612273796049 363.365817036
517.859760368848 572.604481013684
525.924609901273 583.053723421416
492.010683910857 327.182106203157
523.336244542642 482.663668637479
400.886004521947 289.105994877479
664.698368025511 471.168050989113
631.619263962217 530.223762138083
461.608594927388 334.438153941769
538.784135816218 493.715909738293
492.950388621902 433.768912974847
447.209974126541 506.247074682516
597.805939009804 607.134376148474
529.810691818427 378.319063305451
371.970447287175 146.058897676309
450.720157587135 264.328628429242
472.650091539845 532.900736140712
485.980229766809 675.682045133336
570.220790968458 595.103408997344
457.930441258836 556.347366515474
517.795165118539 686.741201764071
526.007430778008 405.371409190606
518.706519569244 742.839256211036
440.07157196319 383.860699768928
412.03063942021 372.415145413912
380.911117757569 401.729293824515
621.043951055922 205.708880040708
487.462061866713 222.389993500465
459.460708106266 269.384532309569
440.17038984643 242.480489983391
487.788513876569 652.899253111629
510.978440441385 229.009512064363
498.60351854793 290.756965717655
574.326583101893 293.036554916617
395.146146488972 686.66173778669
495.400806442824 625.108140241838
551.635805594201 755.30292615368
451.775175925449 467.576469376478
547.242864562772 464.770735123165
436.361497121866 509.958604071095
424.898899194706 461.166340929518
588.792978669695 613.872450697742
570.275232510437 422.004597129879
486.153143383778 512.63879359315
456.375074725801 371.023266533751
511.552152666665 695.026052570663
428.828281886608 660.319684125117
488.145681956182 642.545741723551
534.824611291675 549.216650328219
464.645642636389 277.059094140378
445.743683518558 537.57881466066
372.938258653279 651.16490116747
487.51610022936 416.496193148795
422.954336426614 769.874565995381
387.391217255633 359.376128952255
587.899714862563 513.158683184929
553.977963424483 622.416447492445
506.854980516083 360.712840292292
453.118571036912 740.988629090024
441.638334367885 622.140737202076
566.626795548103 568.179896454277
567.608627893886 708.155751769336
482.903208076843 474.057456353895
437.555266819763 665.432100505077
448.555683210177 674.069517044924
457.660611486658 373.183333296403
390.863974504758 541.328911629248
644.491042760084 722.268931697165
390.235178972454 419.723733361263
547.722024539795 392.061775686981
599.863880181636 630.819525275057
671.79790889938 272.20010912447
474.707184656196 519.104113352783
567.491961632931 395.125882612802
553.068354319383 369.24274027173
592.713707207731 685.151611454549
556.773060532444 270.292925529255
461.645323744093 477.075781429869
481.569393837004 743.427603638849
620.581930448795 559.603128291756
473.606093224738 607.341548578802
490.979484405669 415.695719454001
513.020441338189 614.832371188456
530.205488889528 682.328237724379
