446.775973699937 615.481750833342
543.937559315244 343.051945019075
487.576782751186 494.751223936941
490.024852344629 595.391837877478
535.292005819031 284.885673578536
420.632817658527 610.615310452244
491.050848036482 550.8768123307
563.686350545714 311.320259302817
312.682283456198 517.773570429025
609.713243105535 396.364715645661
503.094168790742 237.510198720874
590.093204147591 503.496506258127
511.540293340508 731.440644055123
603.341156058097 614.554088585669
437.578729393929 498.816415466113
513.15206125366 541.61623876119
452.192345628758 201.976872001352
517.709612783497 574.110152804139
554.7796511054 533.704956908073
636.926552402058 742.278421612063
588.465469309191 583.920114573797
554.087860848408 611.892342370411
453.345892984842 174.05963065083
461.476934188444 490.528916785941
452.419740692143 491.042896167008
505.066134699149 579.098160928635
708.587613873912 731.441890658724
453.439182111694 540.750420446774
534.36304184492 415.472892340826
486.869811070876 398.069066819384
485.139418937001 572.786675315457
634.753413317603 569.601782005221
507.024688982413 715.530621377767
452.225709761713 623.374389779351
605.09673237329 361.211020650755
473.884093853959 437.63033515031
479.603239519553 259.028308802436
556.404309051338 581.333801751264
503.246836864176 577.35634526817
557.53059450411 675.758875919572
524.634245172216 434.76858800814
732.661808507646 403.943878004689
722.96596999998 639.928124427246
460.141800309386 355.433812005102
569.426666691801 566.953623481097
389.928981938853 575.985150321327
452.018642761181 530.159162585354
322.079578329728 276.843673027445
332.388061748253 535.492783223057
321.431925472505 554.857910186429
504.332401850887 525.401405596363
402.062992587021 403.603294009614
488.223763448236 454.284892686959
439.254504441461 257.144810065468
551.718043439015 404.790967257298
625.933410144635 734.342544425
361.765995224514 280.232807840398
502.738312413229 304.667745875034
458.981156945656 703.765536758826
474.179848910181 440.912054935518
529.501829839311 462.89095658907
593.691436732829 609.557800011853
383.916517111633 465.156258758927
437.394353881041 441.896980671691
515.433543502813 382.322186802691
548.636803876426 784.958909130162
561.620257362513 755.050286078477
557.526804675253 321.140562286048
503.042798644646 305.979355102066
646.651040934062 699.365683448111
519.701979803295 705.08927445772
517.102515617484 616.747789223146
609.876483467242 360.161622217522
368.392531396756 696.03598777968
407.589406149812 617.151550204457
503.028921831084 807.426804830921
407.064113825233 490.556718028296
498.354156733079 428.02407470311
499.718697064086 842.398279265133
633.872822697238 553.143335244369
529.144576247044 755.776445530876
614.664350295325 529.965040332715
567.482140721651 489.5827075863
594.108855095293 425.985589397481
502.585516713324 424.701248893322
683.31749808457 603.924134979519
549.795331447663 649.41946156311
537.804469020622 624.777186990646
563.669552859737 849.741585213881
552.802770687633 365.415643427148
528.336583601005 533.469842885712
449.594109513259 432.98038168149
430.359756841899 546.40318761477
566.808095786888 788.089768016809
510.921245407402 759.49198312643
596.786549751976 419.675567404621
455.757153098065 545.029921969526
351.101731547966 326.646438318419
545.452871960792 189.673881406632
501.034468391911 421.057309799893
492.518649741243 454.746581662116
440.690319103145 714.237248083282
494.404744986852 378.035233078313
497.97250766416 586.771247495912
575.619432407491 769.939492616591
497.200023660522 375.764154870998
501.370922625371 542.629831069424
327.976206954643 601.917132498725
465.570644725048 593.558361507836
587.707021210313 330.199171615922
408.573898762047 346.709025785121
401.120851459785 401.874261875646
526.572810311343 796.105891192681
521.024941800242 183.23089861292
599.638055462802 620.564406435368
522.954945431765 812.791211155433
381.926553582321 447.912282093405
435.570569590888 340.347410115823
627.27633390533 563.67028726052
449.722561188438 576.107461044462
388.74405416574 677.426000235454
569.795253048712 535.290524304019
356.198976625371 417.206777276882
482.095345329697 455.728193601608
589.460524097473 627.394181156556
545.002852985981 379.986954197433
498.696660848476 576.091791466597
371.427942019386 408.030381380092
503.442720150871 410.61850490713
613.192647580708 600.463181552479
579.104587793753 497.867774980237
445.699283869619 329.536830468811
494.96874046871 407.282928317243
528.785844095909 177.293627663005
708.348917096778 17.2222347263546
564.66189695581 659.775708772167
546.247705188174 117.894539936664
438.022136623403 753.828908784349
564.748113069653 525.269698472551
554.740657177072 681.204250674658
499.681933211464 467.223968577925
449.710630459911 365.350056464344
515.487346405686 410.86007574323
564.931614095535 694.991838934122
490.914907893111 364.888485263562
551.166514981446 408.205434495185
508.449233860361 528.881031652959
562.819451877273 491.8593998643
542.126416428704 741.016041924212
504.433057467116 581.505695495174
435.165823477158 558.025184006311
459.378977347284 394.918960389551
526.932531378414 578.203920380007
511.196212632041 465.373905503972
593.939632256862 677.118044850354
487.397526139389 512.579011035159
435.611855731961 590.575781266001
489.425295385593 481.094340212759
420.956409617871 510.097743001646
548.648718404847 483.20485998061
437.520377228673 310.726521432389
550.660562017619 332.154464924143
419.189092296686 331.826476487497
312.91388389276 488.595819793073
455.33278994773 404.37341971651
540.752263254376 887.77887997714
585.218535932687 260.00664458108
498.072436436296 544.736228314445
464.844162431609 690.749530037382
452.132389908593 480.12402956436
486.201771793154 412.790798140635
545.941846069646 401.653290181648
444.02547687438 354.245004338226
531.488027471272 438.704619085134
428.48115181983 296.007402226353
461.971780923923 451.381113591529
527.47711086831 284.335263458994
522.937137110023 427.519542699561
584.709622984486 505.667300869682
706.730180788079 232.15966275903
499.093952851285 939.143581686766
530.870615619977 458.35520882497
272.573478631936 443.324070032131
329.578867775537 551.85183576741
571.40639000883 426.230593490905
481.444732571595 350.616939069748
338.482049294817 714.281190544125
457.671997463417 268.950408774624
640.100104174001 298.456725335702
442.764788026451 540.430675573239
555.482583937826 666.849256097101
418.566002620387 563.090566672607
426.393611483965 468.058580372973
551.94942738534 354.778135719302
477.509075177148 388.986496956879
583.786015547798 113.063523616291
571.42513432271 428.458241846321
681.339031971262 489.060885862366
594.589677587739 360.780825469786
557.718979725209 556.909057628594
482.845705927359 577.474686559395
476.820877197606 632.838671461687
399.726264884146 502.983280568918
448.365144207564 591.865674265459
411.184006864544 471.286882739928
554.159921836605 625.174936897281
540.336329082241 305.40074695525
460.138062780211 299.184785547966
600.138560415097 578.74868311088
501.524553498747 739.485375463433
524.456988337777 443.174986535356
737.431058372425 307.67292266259
449.505315862488 635.582619938503
421.961061551143 385.288384293465
360.29950048959 897.988181463389
638.390932724061 346.971021043173
535.611498910771 609.101985281635
428.878890324111 329.583943284077
479.020394745321 682.222033985383
439.356310241438 320.320309053692
388.263855332035 555.5925489522
335.144308834928 879.166965062396
506.025667477657 724.628909428657
503.106913584554 696.521548881675
486.07238762315 434.896020647432
433.790590863877 620.328345887024
556.725383491765 545.187736082059
534.063004172483 397.910169941072
647.081741607337 662.840392507104
609.011106624597 505.974459948029
463.893002459715 94.0771066557179
302.74221861791 449.931801984293
572.5824383649 197.510085166619
530.615047372517 264.322095220937
511.674106594754 683.3714599802
594.932158339787 350.623196377054
483.74308764957 553.086821196533
486.350279060897 656.358038124443
506.60365333175 511.28514288312
470.599313872551 494.111910788266
621.490809445946 812.384435239419
457.597785979804 532.515018076428
502.040674412156 389.588483493815
447.757668303226 363.923411195584
320.526803110348 297.60921439777
410.367415933939 378.137472649886
444.301641686477 552.705126485796
539.029666630022 473.976281516991
498.472746255307 394.961952719546
358.245971045788 567.384042411566
465.490137836763 496.642755143944
466.128152303896 674.210400119461
390.146626233449 271.607385930459
507.366743628745 301.338443052222
508.81249671506 448.597384863072
604.001473291597 516.691007497104
486.705779937585 763.049111272622
632.260296884933 642.259454907709
605.682281700331 425.128016282399
387.526489294942 348.255234795884
473.055573607572 676.10865465059
591.155069691069 705.301225213367
466.198305390505 466.953875596732
451.628355728811 494.954927804715
407.296057329143 552.673135557211
426.186247037256 428.377222795808
543.641528049993 365.28196263623
399.1678481866 304.334794038647
316.850174022625 540.735087528166
531.897632554261 211.460296098525
294.830260101575 451.125382559524
486.842163730861 636.130182919448
600.354906801106 360.723659846136
608.340845764277 493.591638964498
587.237507218343 539.976848021571
406.023939639595 300.816118531869
519.17883351519 677.432845162041
572.299257437389 613.738209538789
405.154900237973 597.991034217721
488.062373304752 548.231129766993
512.786633112564 233.985327227441
484.092018998493 469.072044611824
453.662634525265 379.985081574103
396.295024236478 295.796047284967
528.942530406005 446.23696785675
464.883212562451 573.883198057759
687.693660104045 651.5536844478
413.271658829305 545.007378922804
518.430279342344 509.952678660223
652.028755989019 475.379216013094
359.841467325127 369.495667088615
608.862409844324 318.244645489902
606.470548309829 604.086874185253
562.323948144547 254.219955696871
608.735633644757 473.945564161459
517.082284739595 541.757930765149
448.42023153112 701.827497935239
485.297502273129 356.597882763149
437.279155587759 381.35990597331
464.34849001404 575.12800745669
579.242134624855 303.838155854575
313.240027774533 851.65462293819
541.102729045765 446.733978994334
633.182310694679 526.952711488324
550.813466967727 519.356477889965
368.930970215147 496.75353838262
563.931297954756 665.432547098002
516.201168818798 809.371241643284
504.244299388775 245.594619607547
559.588862339771 743.843276734165
421.753348067012 605.311425893779
606.470828847875 453.992626270229
396.96879480632 149.713428363237
434.57938865877 376.613947886153
514.096908425894 562.696259211289
474.992006749274 601.304234322388
499.340261446324 220.36649845696
487.310762662285 472.543551101315
302.885970204772 673.07772219769
421.118838872778 762.712021446483
424.63063009517 529.969621478125
508.256191262653 308.131043145699
408.819037278554 534.72042208153
592.605097250328 675.592402563674
470.019708088986 445.918932845415
477.497501852062 359.320427181561
446.778860949813 276.77871403272
378.333048675471 872.882662656322
561.790111934088 619.283141339109
459.51449951892 264.196419300284
238.955982482493 818.086343518936
622.628773581893 594.700527817964
392.39062411771 577.018755129542
583.372705183483 484.439791571898
570.809397136878 351.851185975722
407.095978687767 617.897266754133
412.897136547832 692.462654410475
616.579519963222 431.493950743003
393.762068830494 580.89987537609
534.227965587747 390.348667089301
518.402767170642 285.90304396948
493.957757217329 563.291125022188
456.493317575547 485.514852512749
553.199660184521 652.414068062573
715.935274345457 450.297166466518
555.028407384896 559.5651470983
556.944955128872 304.455149957334
460.640010459985 749.310479595055
512.090710425641 386.795167699193
515.889174919474 634.866230731608
560.58764734895 652.496817380425
540.74753231634 430.933197068376
533.372859491042 796.193436774795
449.535370833398 588.841811077455
540.880453262574 625.542681515286
377.920169758762 409.799310372271
601.499312058516 591.78150608117
665.431383271134 660.988912864003
491.315239195649 670.843008806383
611.264001187759 753.961969243921
580.616718185374 520.064997970621
464.133701731375 459.527614341778
551.421787291706 697.217056987394
501.208787716402 421.865367129947
527.787967031623 425.586635891231
456.653140421511 380.627706413056
496.837514502652 558.259014354481
594.628229217937 513.610484794774
511.069858947997 856.992377782058
493.252795319593 245.874500021844
534.580301229254 662.03083936082
438.49578972563 587.540457130881
588.11909760733 443.37634608087
490.112733160653 617.367323917386
483.622958348381 431.98455896456
481.563522475316 722.55672036608
418.991252507032 362.845098294514
437.918366810003 421.493731138511
544.97416914776 824.672803449193
539.311807398907 451.56559323694
332.925475763835 394.660120590843
490.453364431415 386.726563108302
568.314847329303 473.116308054708
531.503328781836 365.177243902754
601.490284441968 292.235825042455
418.51311501639 417.701821166783
532.573108285271 484.451307159766
479.777578626975 295.752562645119
512.831106850729 310.34357306617
642.761870611668 455.600082639528
613.507928384211 604.738706096954
519.936319685931 625.580974958892
513.935428649421 699.921984005721
516.823691083523 353.880950139567
433.186388028853 384.54287893667
427.798080817775 659.5094550922
458.848060843285 761.927944165151
499.743067404494 565.605706010065
639.099855077649 725.520468294737
548.678333003996 220.373276339174
