605.728002202519 61.5244601136746
624.235943528032 529.608336081081
540.729382493337 541.657986555457
524.843181073785 426.792040927218
449.280743457804 575.539589958753
528.442253126031 542.114496849579
602.315568910466 384.135506917194
623.519625539239 489.335786485499
436.467322804426 546.802115785646
464.287885794101 564.491230700628
516.125603163705 355.426311654554
538.708299588504 749.550834049735
358.626515373977 711.25503751172
468.611812635096 607.252905724775
500.545581519137 414.705378849175
460.189077799191 800.5851580423
663.309298488712 130.250798950699
530.378669635705 557.051615176506
409.748914975749 473.016259043022
584.827761969641 627.616172117718
403.165384986363 480.273069555791
476.163325281676 411.184146779465
503.88468475329 516.603050856275
553.991910541032 671.20837422219
445.627203550479 376.552516033013
413.631481289705 296.590412702353
598.009980263099 582.323983765311
515.591310758683 591.352898518092
473.607496937446 543.714843685006
582.863352776682 373.696491169903
539.967284985907 793.195075937695
419.00777315749 307.861428181039
456.864183852601 441.35294337139
567.009596788209 198.940861720206
411.981036763918 323.78875348203
619.963679719223 593.497463631472
386.153744991354 587.866959028751
406.862552660715 430.278956512653
509.562979281441 427.975088430371
479.829374416412 214.824399579473
464.450247545873 863.41333126362
385.710386704559 347.648148343272
661.689451572865 416.285140762291
615.039179313306 722.363205424143
551.95047572433 342.055885253226
619.073748654959 261.851537142774
429.358370411519 642.671487365906
444.0136678694 762.89168476183
495.327348698297 555.307449294506
549.850480479746 410.264351975872
561.93226977764 563.035541681539
519.825676385454 501.161226459847
465.997836419407 518.1777104019
507.335901164658 495.970582128122
482.863494019357 799.525560701374
611.711335894649 248.107093209164
656.093170447623 403.098323099708
467.727343649997 438.04917827256
547.845109521439 170.290558670394
399.81807215004 349.48191652145
566.835786817638 441.006907103059
424.531178140742 593.425369325982
449.254605734672 288.857753128338
508.571222195897 476.288446892615
564.175345633564 502.47107830156
525.070791156785 223.06710669766
481.624318665917 588.722220592964
390.327077592616 325.104680857606
588.16934413467 386.789130523947
522.192634080504 477.579162777748
526.363455643053 464.435145418493
697.50734628003 548.278033485576
491.608920353095 587.967004525658
498.019298871172 683.130419703291
533.278162277706 568.444795077989
517.865839236089 116.406769582699
525.220012182976 571.610061198152
390.258100468651 426.232820140064
550.628579980487 400.254405723994
600.535506497316 692.018016371353
468.555516851389 145.161164219366
464.309359587144 424.603255616726
519.469103672957 571.153182359972
596.049442879855 223.514938669562
502.50095324111 311.619478642626
446.756988186798 466.925330620655
753.663498660494 491.356345921987
575.8217053532 274.659949375606
459.993715340192 500.646737935076
308.300232254647 353.052104801337
546.100124876288 650.830985781552
546.673737600825 711.44512719057
410.642480278608 535.71349579787
560.652702730578 577.601344477651
489.083752182012 695.787941042273
577.390145531813 301.365833030649
476.750908179758 209.117927663954
625.41625380431 460.055192161118
548.021688240237 630.421101337868
517.970780821333 737.295901392475
622.780400691961 474.670110714072
470.643148135339 531.073228387245
483.2182484545 468.029475832983
521.164730086541 583.108400346614
384.078089621483 498.869119084064
499.01974671221 620.906905392748
417.958837350825 424.701685618771
412.832064230069 385.006159899941
473.769364339367 546.112319050909
556.716123656648 523.045606385672
505.882992425998 489.802573202261
668.816929286824 530.319442704638
508.90912655464 538.383909566949
431.654348299933 793.750514154987
437.551369286419 350.218757377156
564.070295223582 548.445512904846
463.815969413152 528.453041032019
609.283019415765 303.011430200671
430.352675795821 576.826651146575
607.21102403591 499.371795710241
399.91644920003 579.606407387983
638.910221591549 96.0849999947413
606.620353926332 343.503914992093
435.810950398961 719.565990338259
502.657257997714 324.727118391659
463.105438751707 670.447347994378
456.701282189353 565.550258335509
316.173638917841 434.929056584804
386.613891387275 247.8922877893
589.227434082303 522.993501956408
521.580907265344 605.467459877739
502.442276389374 434.712674856494
485.927816989335 362.140163983205
519.306714826786 697.579851190494
639.68946553761 303.678657543166
363.934405984268 447.782221407647
565.936059218182 439.684994529311
520.456727016892 870.71891469394
529.732722863391 306.426710262182
473.137146436671 559.038493283855
636.228854085813 319.697047178083
554.106349661546 259.664601580504
443.667011817365 504.283613236639
423.49408270326 702.1463905949
546.743460663736 506.831945787135
348.300561093457 540.8884034181
489.986523981258 710.108178744975
483.250578780819 379.477118385657
495.356454535887 778.389558646455
418.025477829399 457.460466225174
593.376137940653 525.829848738438
478.00111484187 489.053645670341
514.464066920384 468.595171396698
578.908080342759 623.432358033412
543.22597291244 616.260095667151
600.291204450603 546.932603770801
483.979100324068 577.515594305428
341.935625667564 220.559383220067
457.320190810546 951.71877958455
629.173713986119 465.572538645877
631.80784987694 795.412976412121
456.279505686301 692.92710326831
599.99846718202 357.591739240922
388.738226201791 524.379162339472
413.600390285976 608.949231412502
496.367760977595 714.887928215066
505.311649840203 723.787011098799
571.953410619265 496.968710258581
619.896278921389 558.447474361896
577.906138166354 614.644564954064
498.933852766985 602.84279377492
548.219774600626 540.936030734561
571.380500676472 714.917884429705
482.390701895844 775.791485593865
665.005294297749 520.37230972374
532.66715415329 527.920351310168
474.122520824181 614.658870471841
512.987576285033 50.7071145929975
464.544502389743 690.483182008901
617.769062492908 152.460775679494
405.449933249644 163.619530338467
408.855324219268 381.114648696195
600.429806138921 829.395148063315
612.948627904898 633.648692470302
506.118469598825 584.562992023823
519.011362179118 458.716003001993
568.96988772715 545.1882069837
557.434626444212 478.347400837751
399.753308138848 520.921529469897
559.551628509493 730.21248665014
580.428002783899 306.659336615482
600.980554903661 564.581781981206
656.730990836517 664.97279528802
404.81835694897 644.479606198131
519.417446135947 397.40873240474
440.756579057759 318.007012252266
481.910001380884 592.075859417945
578.818710922817 464.686593338762
446.607558331805 245.017416909526
498.183767450888 533.048748239537
600.449457230629 372.249550786572
438.136773472776 660.675725173382
507.895091409374 246.415944786791
525.003731765717 297.674996516968
599.653747970962 273.902923612244
464.257951507197 1022.64688978776
512.086394986236 462.639334747048
534.921180568375 247.515325697889
300.865569109179 374.156982319691
464.963457478577 667.493537992542
502.655460597861 548.721495657693
570.33599288651 522.488095167059
551.359387217383 546.120285220215
469.655221250358 424.924743852867
393.061516028453 351.186518006548
469.999911559736 386.472604575335
534.126866081928 689.233475025493
446.410058740643 381.042815246307
609.553297206833 548.707727377112
542.389911576428 533.126330421089
624.935433500007 409.376706665058
495.438361819822 438.887703941048
551.691372263183 513.42112712377
549.012049674361 624.832593341794
558.736240605658 409.289600837275
484.767499742958 508.722046525237
586.823944407006 549.286926280926
243.640868465108 421.010634014527
521.744147737254 645.826641522875
455.83644918336 94.0103557419292
498.404224058863 438.720725268621
489.339906701507 423.651251168141
555.235817042714 243.672531102676
413.953521027388 715.020222954289
542.36510011636 560.428685979299
414.100524028941 542.106007211998
583.354126469496 589.878280334829
436.774551747546 486.939833187409
637.409824585052 735.820437082691
426.150356774121 559.121639378537
404.249484797903 441.29194308278
518.352304523745 774.620240164426
412.805077987442 449.234214413261
527.463126339264 435.356464868944
509.550160955923 403.4103509849
603.956215251038 325.081953108913
590.684826945 778.442925089674
422.734801786699 803.466819783125
475.293990290947 386.259924887727
476.523329301602 646.814952031667
526.10409680009 651.402097643232
608.071648702729 362.981155095139
553.68125148035 631.269746362206
338.313893575022 439.485993643706
480.050413393165 200.898231314657
448.774999745373 480.651416231656
591.695445629095 335.765629123494
516.830046217325 482.052119869336
525.780293873599 359.994562940778
493.52134669336 589.520630363136
469.07391732838 525.048497244826
522.58263571803 337.561849274451
554.470028662011 689.030044802541
592.885092768607 294.734136535243
487.053765385843 582.838229565573
562.871413645636 471.665748266336
519.508243089025 543.529324059995
627.429633173594 522.690094510238
470.102155566174 522.667175231307
650.662019935107 784.794929535523
539.132591629527 586.915579373671
591.855279794013 857.221533030831
548.747282013875 649.214920170929
530.085694159766 775.439371227251
488.440658166092 511.811844115692
588.121165321957 547.12564046281
468.952748443503 269.588692317339
418.504467818763 693.4388318072
514.630246269918 718.382258306696
588.793754127814 411.825996903601
600.939620612917 490.429487106595
435.955008191399 149.729110119303
374.481649980419 635.049698290993
679.856944292052 361.947485091914
553.549411427073 553.845898739559
415.965394506612 511.533364204215
557.648936319845 511.958309279171
428.800377582829 651.217735382091
418.596438303868 517.959657493383
540.703780707366 738.529112867787
433.230035217604 459.924298289604
583.528616945073 311.152528139632
516.626925580073 843.818210091342
467.13800535067 321.291168402804
434.743910938669 625.460150913803
460.408962483798 675.759663028889
511.08781404711 876.341272269305
507.340921538167 279.141609078048
459.838015259113 273.613548613076
546.325532099215 446.846795330925
500.004013829237 296.266660717063
479.483576023013 346.863132610822
412.019655264895 585.930568361531
360.012601321377 548.389524309093
660.569669119117 527.562617594205
493.803829167866 531.798975276499
470.410561869636 541.824982652556
533.311995661398 575.881901140864
604.232203593113 487.832579235237
425.885461230937 867.677182973897
462.31576297658 571.328410119008
380.399754541694 541.938982804103
486.065412587228 790.171605662423
404.688549236994 454.312570683142
726.379280051578 372.466392170658
541.478549442727 226.511407624662
495.329069224376 109.04095165452
426.337208514595 571.253813728035
345.030892910719 378.29358887423
469.464271764978 835.757291020593
521.143891662032 725.975916743179
334.580600726852 229.447951380946
531.169559136416 674.402028336047
606.805995786513 434.087588657511
588.981588016486 552.823957076519
529.179232744789 416.781229906674
337.766911432807 403.287245406633
542.179669687249 113.926487639935
506.238225521377 467.605810249707
556.844654594479 423.634212887307
424.998690479062 466.596317657637
453.593361365332 300.905912990738
468.539539059438 350.023034016657
527.738863457389 197.044411780362
498.742129764439 312.796751783003
357.549554639643 439.644639119972
518.765923034062 608.378806550819
642.524491234795 484.720006226893
639.448329402486 262.304121984104
382.394675876264 335.367648914624
703.434349592944 312.391432779393
419.877672657832 233.280372628849
410.727451151148 632.997393928225
481.646881463061 534.221045254462
480.185021463145 701.074117745432
395.518949168344 427.964493781851
491.168508054744 636.475485253408
327.871674333342 424.754164508349
503.533187056745 291.20184376454
458.802930878979 651.824333375895
397.246687664341 605.860316353681
379.11601770291 576.508184220102
335.798743152429 400.204078305715
628.518837915104 332.301729683109
527.071876346084 425.160797521832
532.732965206366 696.040676101289
475.703397020383 284.771175040226
642.421949377366 786.312282079231
540.573073454138 753.449007947143
538.754132223087 426.387420603729
440.835747717729 630.923070340519
596.628775726628 -18.7023815594617
434.832483322649 597.904260185818
466.237385432903 483.990497790055
512.266200886563 528.730565716367
432.086063093944 312.343110289144
420.596066832912 661.981428000263
571.303647474025 937.941749021071
588.127574416134 333.714978880337
599.206087657023 685.121388177815
461.941950761874 121.229045521201
537.306543936864 408.554166729805
660.112899934203 552.219549256157
407.337096718401 320.650908463052
589.279950225461 701.944986222874
513.949689551043 550.836929318624
422.690589097267 383.810063892265
499.066047333078 429.934827209815
364.191828696861 603.774604826366
347.701828695515 557.586009154942
553.879602859649 718.824723421545
411.873945357292 452.651892010893
384.47105524238 630.195651887615
744.210443633183 286.601987382596
479.243441456941 455.702055131619
410.330061451828 977.882114791617
478.941672459516 127.222989681064
574.739335390217 768.617793357229
653.551725758644 512.789725154067
658.042716744093 641.220689140779
517.417540875337 748.046083839945
413.049137530655 734.495224988891
516.557610894385 421.461819132449
331.920440290938 422.064066356713
558.859155106827 400.128650942318
619.154882641341 451.700755795597
549.997417015977 465.853756575375
464.858041342054 609.360704335977
477.644729744067 608.16318843222
541.981362605271 665.521723932313
