572.101908835199 519.192623647628
694.334088495702 1006.52903238791
647.979444711474 695.387558861766
572.432901815686 230.680317244858
495.317447135316 349.230620285993
544.253003882055 281.148619290411
399.33894661997 760.955142774242
516.043845062886 329.611314386226
413.961243043266 420.945605681455
554.688169039089 571.020174030973
382.892481424775 336.249435583376
497.783505587493 650.15501176409
425.018527297011 548.297377968009
422.490420867944 391.423702363227
491.594498659234 801.91767482341
490.674393023783 663.481154550529
527.753155629081 504.895796501447
524.955332006295 557.968829557707
444.854738117002 633.752842045723
613.834536525645 528.886719380417
343.717525124813 576.527905782971
434.908884463399 654.059496363762
461.535105381873 541.343702725969
532.440393668525 435.324485568493
326.826707397909 383.408127617327
453.436542119023 243.801168835145
406.999536768355 593.131339315828
524.086685854439 430.572686062224
392.972326620683 380.300308044566
694.976846660721 651.693182061366
478.598103473005 476.176353411537
505.964609799993 606.311855134318
485.519230396059 431.833680505783
628.400009453061 382.290934072766
424.526862415655 562.877188006867
417.668745673332 363.17887467072
610.469988118873 584.198170258459
350.288479389854 534.295166060493
449.573196598962 581.764570519211
494.219908646294 665.74127924351
600.704687910349 209.352350451104
529.102258184219 510.647158150895
534.812935269602 639.726515848424
501.929171976664 576.316981175032
430.433381517159 534.08133714391
656.610781494672 593.993207190067
473.643510091503 119.29354616183
455.67465728952 714.713120797805
638.908083336191 266.321995089888
399.242450360027 314.562536677372
508.657585217364 573.629186625159
508.671503763525 295.153423281209
659.463321894482 832.642996268781
461.035672774411 694.738525115728
553.34469599778 526.155007338859
489.939895565046 114.067521881074
621.301942238626 338.707705614869
478.754777071651 270.622344187186
467.362923836197 585.201624518948
424.271802340928 400.333264248307
435.521900886494 320.077261027055
599.330813806482 371.577517619024
521.196418323471 373.399150794303
512.70776360928 446.421343412574
526.873580663138 371.337231756389
470.886538835242 744.721753472556
543.134742699237 516.973182186643
395.547502645934 401.575628151964
582.065327660182 504.19870816633
447.682108706158 391.53149450499
537.479393944227 811.611667721566
478.365066103315 455.518306229101
541.751439615235 543.152843201513
435.370410946545 532.336188180709
456.820285053035 587.675410085324
518.992948507136 461.989041918928
588.09698683664 704.364956276561
439.385810102265 536.059477129933
607.567534362589 756.933726069237
405.495907202105 417.53703303012
469.527600559383 864.76983532875
586.536646675184 401.467389913517
498.213771741904 303.317708471086
414.140184014853 588.922360705514
424.058927287891 275.906025376482
495.38327612406 561.104980607413
495.414484501088 414.159774536192
515.808650874426 430.542597838319
453.610229566496 536.491897662781
527.613339347224 551.706458914779
429.397061884033 555.942014580195
415.694620837439 607.14122771434
601.531018343561 502.830712961781
516.701613388751 192.962451103716
478.690486128482 467.09127059953
484.77944338008 683.746691792311
559.203663507301 941.224588263694
537.191488594064 631.153772396733
458.646398656683 931.530999259847
505.064887608137 743.396720350371
474.70463423031 822.951787543137
375.201294622901 698.579780626018
379.249616780289 646.761051979535
482.689238941407 87.9896925419463
483.185278364926 573.945799455657
429.133531522841 369.263329063615
372.173879041724 766.228010923454
474.156259737154 355.430656914572
539.634102889901 650.336959905984
546.093858047492 655.71519677955
509.531801726477 357.51151519592
448.541935753778 227.722458958728
529.191002527928 530.309699714151
525.820898456416 546.524520833173
519.307994201878 475.283845345608
445.586373856766 669.146536599949
521.619903967887 346.178333475405
482.29744377646 595.28222085266
482.530598892277 291.295738639794
365.335774689855 895.913018768498
626.762391334648 311.749912331512
606.845857647608 399.447433202806
619.850786372989 774.677663286299
493.832367666104 557.969938044405
619.496099364722 763.742910890051
519.646300586954 702.850733579288
452.306143113892 771.150595556831
456.345331517869 305.592797121122
462.036515320255 743.761925001105
359.810925221189 121.208199102463
611.431423322652 597.582988018303
357.14502420455 493.924063975226
505.627796651012 579.100351089483
606.031027251792 784.456557043784
429.953517195052 502.862883788482
449.932417017031 586.010184270682
429.460626466011 424.437678745318
636.969364628585 688.674275699308
664.002009918084 206.383676285393
397.54676316303 186.401097860985
406.674473482502 489.845958793714
366.291955427078 697.154945337891
624.277616177247 682.742446396136
474.526655142333 426.043500923733
390.260736230413 629.640704536543
506.159501658111 533.979220144017
580.751520890505 314.619076456475
456.318213693064 456.112643019829
452.998321012462 197.631452920917
420.216012129296 656.235369732556
669.036786493184 507.794291653796
578.468558723254 513.785045431769
435.545229040073 702.294243764215
368.386542123143 638.947508761296
473.080529199716 718.173358397982
504.15911212586 698.004541622563
356.628112332075 345.483640488466
310.74369170777 611.851942079668
536.445773872761 226.815933726488
437.226303366142 376.696077443543
629.820722679619 849.492493911602
718.994388952984 658.910992849164
445.793245835135 718.873706819301
487.835389823038 442.866580835471
530.729018090747 478.190524208028
696.176056467247 227.02793846936
410.62410396525 644.976250914036
732.265168632937 567.099481210214
384.258885697765 381.187080014323
553.298781440542 772.134851813168
456.262680444455 341.82263563572
356.479784711501 770.21685897177
371.743465532582 610.368658251986
569.564106976091 426.299114745334
344.163687103837 138.485769108389
598.008130472859 679.262028628605
570.090083131985 207.853794364525
464.736937489334 737.009404032796
511.530178578584 355.356877703473
255.097928377425 655.30112350654
506.601130308287 492.803338783163
491.09555346541 572.467965063161
495.323719298197 348.356392739491
587.279676412942 514.233703524849
516.494849087173 538.762985909397
323.968524540395 400.17334067633
410.898842417726 706.729494100739
509.663738917637 524.523102670287
508.886413944262 639.220998057562
492.685977511053 702.645921278014
376.679281433577 552.972577039735
559.556374225263 487.186966105663
548.954815873629 563.585106116746
626.664931599137 699.66630183786
452.869482894748 626.696520907617
399.72157824861 591.111186679014
535.745647357266 769.810751971033
502.455420027243 489.445005891001
486.063156431875 513.708525056674
445.66010866143 533.569829631082
453.9148225989 421.105908602842
606.16327035479 503.892708747299
382.01101631616 593.015226009765
427.090568814904 732.241005894447
525.355081276832 578.800342048124
581.064191501875 711.53364090061
574.013132066978 303.330423797827
380.914749982782 470.527056849589
427.129973142786 407.520265516876
381.699844771638 211.767522717697
524.494996057923 524.622272949896
381.429683963392 323.446683132817
646.204937143199 506.674706801325
407.152079083624 288.578287590053
510.928553933809 607.867957887403
632.690363738405 730.99251807329
611.000184055373 669.089134006902
493.495916154679 462.360068477049
482.306358020705 327.490197882566
495.60948041375 697.128900875859
498.29770521695 863.365961598302
549.604581655286 512.383667528157
479.990847002103 507.914996380272
464.004187609279 595.007004788045
654.351079391358 491.199615710665
395.07198710606 557.399191256789
404.232534324679 528.275104037332
513.435504321647 716.293505283217
494.093999381692 591.631915051664
571.075038687057 436.186714137908
571.274540634463 627.762412229894
514.556470995923 556.414272647324
518.665765649971 433.209497089571
392.20552296132 626.335143692907
431.037107847351 695.802858562953
569.611263987546 370.406296183922
423.884547006909 448.947071053048
566.74534978635 1003.37866079071
481.32143583637 608.503645032859
547.498513724783 196.207912257047
473.959561128478 465.452717617215
752.396086597485 567.912051973048
535.044013118847 296.744629088113
568.377235769173 364.723473120628
499.185703100392 549.862971859761
461.816268250698 377.353480225464
390.176397683817 767.180362197937
495.309281058915 384.546047215628
474.89836309713 512.078545809482
381.910977919353 682.171230910423
532.648875577681 246.358321170593
461.679386985448 590.135327693972
536.552183458861 495.295906884932
555.362971144183 370.332996855588
546.088758827576 508.236373274471
443.071105817517 663.223426329835
476.216383345771 886.150282696938
559.397916491409 240.842790416778
319.853608906607 357.413696662596
513.985887196818 203.132079818484
342.558213524143 671.068003614696
496.636071676212 387.561980168995
464.902490586805 588.023393972517
444.61152982314 841.918299636014
529.330247546786 546.615699739805
535.551777939599 650.765385958085
452.83462928402 510.218948820985
535.929449542806 402.851436889138
433.881059019397 469.723320644496
711.669535642444 593.06479431783
596.588525385045 763.164441142997
376.698071690894 559.208734044032
585.243676278632 489.918462960318
502.569352439785 561.66655322653
555.790056097388 426.040343941018
373.285613982345 444.030823265996
495.882201428061 589.152761571251
437.035354687983 353.321089540547
549.294082058612 505.765131458133
310.709804678437 418.743616564937
261.939548899652 370.796668263871
591.74707514896 613.996068308832
521.543532283937 482.394241978072
520.951636727798 529.581131966161
526.036078647819 419.032497697006
543.967488773272 731.179106772756
439.166262722898 442.541152579282
524.77974724554 268.545453614893
374.538360123075 335.605255062422
427.421618053863 410.329644821163
497.713394179655 269.695386074959
479.34329943807 697.834754793757
480.251425055873 585.633246727173
627.774212168631 488.122549395711
515.103497971532 649.93835738425
509.690445256208 232.142577654691
471.866722245039 646.35057133923
473.605947497562 447.380312309233
457.147434654805 448.593766737414
511.039538282526 615.656938870113
495.90507186151 647.858194024626
508.946753868616 537.654666215121
476.510700704901 261.005397532932
463.938436315437 415.589279216794
466.967844260839 575.956044042225
586.654564017641 673.752897421228
430.484945473912 572.658702113669
417.32443375221 345.759812632881
481.363480438054 725.019869944589
482.733909938722 452.381871259604
574.009204939697 773.193418554722
422.245420747013 453.800524573753
521.576195923851 955.555342595208
469.527529721 457.391343888478
600.59018662412 416.970930940648
387.389236045465 338.100851865387
606.294934730716 911.085910858057
404.322468343395 676.820476870344
461.54875441352 531.655162166645
328.575185108581 533.815514841735
652.449326514338 583.784237587057
346.835505775851 766.899990201763
573.430617719822 500.384639884502
536.807449444306 494.549198862041
533.661792662236 539.515279659854
552.384064876633 459.594171409101
536.095251268513 438.582210270859
460.788777199832 516.117492956645
517.725227234467 578.614773990403
548.129044155835 536.112045145787
464.234758225779 438.385705139379
405.041743729467 456.636787573968
459.168360075421 821.767134284828
448.354421521564 472.306955707782
620.721212951232 738.067283959061
528.774732251174 326.794232817623
408.892083092783 321.312434315873
535.756761531975 438.640833534628
526.410295005255 395.764070475363
525.634631506525 580.320117152632
562.862382452133 218.604900908747
415.116391808715 623.135274211965
520.578416371811 312.074755660161
405.71015497003 461.788083793005
529.42694589891 570.561017369062
565.278093820314 284.368605315695
526.326799139914 446.606643981896
316.5116266467 240.080446878821
447.533069781675 632.911196526179
442.693575407451 552.789468892205
560.887231140951 339.734330360274
444.116320383864 213.930549270018
586.462428175426 373.594790653269
479.104541509982 584.496628483514
335.701503100232 562.575509721134
595.605966505761 369.798946343751
596.097893313671 516.671807754798
301.512963974829 497.549923535702
540.378129471323 585.287092534377
682.394907107736 799.184305746451
574.960107926106 657.072554599942
514.149895080324 386.572330457587
551.512301003788 564.551116900404
606.145962814137 682.5017505464
484.910635573846 379.626423655263
460.688002786845 236.96842537523
434.938996674339 472.780394276748
414.318610000133 315.864068274299
440.905452195099 466.876153561468
435.976292738388 611.389558313044
322.604079197551 353.481940598954
569.97431239917 517.540646577875
364.645895330288 786.071565638686
565.761906944175 557.789355731471
625.28101554235 661.180650018067
396.757401032248 349.901368490125
547.52015393032 560.478986039604
541.769782438631 235.783922409916
493.268073586211 680.660799296396
737.145895565379 375.252051829133
499.071880500365 694.615574360747
421.938268759689 276.962127223981
483.912700528444 663.323916892028
430.002483473144 360.825570800955
507.153022497501 556.52586775208
413.697274005004 967.935994648461
512.033042634682 434.702846040714
365.296690219028 400.194244181689
638.582570014902 779.952139121308
503.977097503578 593.541330912539
550.652207734 425.23626170018
566.120583318644 584.016059496378
530.290600679839 538.195850887368
588.89913980755 598.979502570982
490.287622061137 551.271035820592
599.350042723403 423.925438142418
525.928265863684 609.005986735169
489.877150058002 709.025906344229
528.082822986629 488.27122439719
583.969228852873 489.311780539998
