492.736996378911 766.680472497335
510.167458615044 379.148662365287
534.161252464605 487.434073819716
514.079731173804 306.870678779559
475.931575828887 481.907615498056
581.449469883073 520.53062862163
473.425768149116 483.526469776872
414.444902195369 407.464721478954
449.965246062004 78.9647550804754
559.79275905607 428.029150670804
411.604953347031 395.425304846195
465.490805328343 468.404211750826
654.998743283333 448.917380273715
498.754191475531 655.847885832874
651.038469132537 288.837476664757
508.056235566325 347.411026690256
465.379641419627 560.195906840072
593.111896349091 417.677089693629
458.210528652069 429.797046912766
422.580434909946 293.69818464721
479.214007146124 502.031362594107
542.51021016899 612.294464909281
481.922979107272 590.344867474135
388.751257774785 436.896242787987
543.565030092673 515.537194568718
466.261289586612 225.141286899716
307.915022160336 830.735580414284
409.650792288791 422.737221470779
454.485619472153 705.625960553553
594.589515312402 561.756316131827
499.419886510475 671.952376769355
542.416812693012 741.591773391572
496.264956092879 359.696940919748
579.884553917851 606.010084404711
545.862037968248 431.340505235895
689.497200723609 601.640240356803
559.139535066347 696.662026025464
634.331603695898 285.705203242379
456.942014720891 341.269414499241
455.880432444066 519.259025026067
550.277702452847 500.934029281126
478.723595679393 366.170400837214
649.467107837236 450.687344715613
481.172447109025 776.331685252742
503.861674578556 354.055792244262
410.147137516695 783.812128442778
559.581456351944 391.393978095653
511.317761561217 467.289136505045
528.150576925308 263.196266036914
418.018470964752 435.454031674108
620.626583923033 792.807480302111
544.675413189579 566.521720441889
591.833223160108 342.570074426113
526.539654863875 274.171669817128
555.908822846805 702.938668297993
536.983513741163 377.259374924357
327.869606301431 250.752834223119
489.076127593406 553.692900054358
636.064550837042 777.581049997648
444.177397647572 517.19024902052
411.606845523802 304.657632750502
372.99862522271 644.653506371256
580.406556436141 610.788559896238
455.316611362624 520.625123737439
347.442312873979 778.898173587253
523.937443123317 294.489279411311
516.100980783481 338.240505702511
480.710006846866 545.473293765959
491.105727076823 429.84052048414
610.854652609174 388.832184618822
529.101764188583 480.245351705364
503.291692818248 486.949909108957
562.406311299701 763.142429912836
558.51266521645 624.941085237612
381.711074787532 481.146732610464
573.600917522888 321.715197961414
568.157383923167 408.461940473654
445.331630771965 540.465581234709
449.635580779454 543.224786411627
653.165881514359 457.446902970154
569.509329897576 822.673795622985
621.837614736463 485.512086724716
467.449730731028 684.658602029899
510.783838525883 449.919940543672
393.308398881067 409.328912731216
549.611863985312 357.29689039117
439.258254567266 504.491550723728
634.32366104346 613.123121236783
463.405059689635 -163.961002537704
569.160757717058 571.693444995432
380.33616847723 375.807384360166
345.732321440635 830.689855036799
431.446271913459 678.425853751677
620.149018321269 519.393099595913
568.031154557175 623.149275626928
461.282016427284 664.209099196383
531.656916665454 494.733483654491
665.958275016535 693.31870240599
359.290537129663 299.72258247812
518.031307058623 843.260233732412
673.708957289313 784.985491371108
469.722087625503 474.161976914714
471.851259024712 183.756143346125
415.770965900323 507.290751381463
445.694942678951 777.396165286855
561.167273343479 692.912662333323
487.987541100161 558.496158036539
521.849995304553 311.124413825073
415.296645805363 339.528137995784
451.132180612874 359.806337410062
564.993286921819 404.34143756933
307.52767766815 475.5544428789
347.739141819946 554.005599292121
430.803436129834 496.367944613755
620.774600461015 551.67918377332
600.628216632909 386.609991730244
463.000765834535 652.107322904663
590.001998855424 367.518486808005
527.340306367092 451.382093912289
460.355677614311 565.583714797606
472.881234870082 307.518913128843
528.178484997948 643.757426532221
618.62218581183 570.645238270034
637.971223590468 440.095425312949
506.109153843393 125.994082658078
605.684229198007 452.155488451797
446.840488188714 520.290701311133
475.335894796493 283.795733135334
486.202913315018 663.29987555829
575.395326128814 634.539134577008
481.2023660958 272.021338565239
516.993854896287 464.833506887876
564.286524191252 264.57062694128
396.260883875954 99.6102738252011
364.126957146546 605.560272094633
504.047111080187 484.251935141158
383.349646437781 624.200420011547
541.447345269083 658.511074786936
491.904871570511 590.28658785779
590.221201418242 894.605879051022
496.074394862647 722.503845161284
538.851539321649 399.67519537739
582.948739474367 682.620510035524
491.20691360459 486.236408906696
462.975892807872 558.082547624383
603.991482114124 599.905331296533
369.72442217516 416.551753893462
554.870287254103 334.546012656282
486.307914530678 306.812899368019
522.311167636828 507.138520640343
482.17150816039 488.321319725512
545.474809048051 312.247780441949
612.200626747022 455.402334262106
473.27569772941 410.306955542826
478.891855597216 706.315841785398
459.012946803279 491.785364857784
668.036803733187 369.824792988883
516.192243993076 269.009076638823
580.771605204632 737.390680715735
495.022166591504 647.287774335972
494.36883538352 546.61613772219
365.586558786377 696.522778692307
440.032761212562 505.129769008291
425.021005441248 542.092813486105
456.042308352755 695.525690516554
471.26616473951 906.565603610466
499.957943601344 181.411552072321
479.392884422394 356.940402263518
436.258953910677 566.31326313385
495.580687395617 600.734160901752
514.51099659816 770.887301490335
499.421224833627 302.486044925609
383.384505163155 479.388247282127
598.022796861176 412.55055653529
456.35794394397 191.452413011177
569.126573088148 561.814897232426
497.748666650421 555.336694072142
346.535529941775 461.131131905616
500.578959937959 889.245475616184
472.549962722108 320.881209667668
554.049053667007 189.566656723859
580.096244762912 587.286835342748
526.296833306837 214.607128022686
571.497354016102 2.29136098134317
512.72671472295 383.609781219619
451.286736037377 539.071066573152
310.488468857613 646.737994389448
411.517016123789 519.552957892844
489.532051796179 546.632540365544
555.552492207493 822.847715581267
454.416282479058 486.930255248357
506.319945328379 415.912723566376
363.382541763345 198.548434136612
504.918433563665 588.050096648774
622.225462161123 676.62677139734
390.922585676673 177.305941940308
482.580344317006 278.229141690617
544.655285085282 463.084575967766
375.33732673338 666.971782881948
504.48124133745 701.870406800118
441.393510519276 223.164034970148
523.414888246463 480.32213709778
545.149565685825 235.678565765384
569.716838933561 389.736264979021
366.437297422648 209.526318651371
553.065612801926 389.385154982545
418.129601012002 57.658345864493
649.628194078731 790.158982568199
580.489208102689 571.187314191226
623.154328738256 553.989917047345
573.002271386591 486.816667057505
482.733755142234 543.381400362555
604.052574196056 443.54225828381
512.998378449338 866.413627992948
505.967330503407 496.928058147752
548.848203523056 482.981555548368
555.861685595939 675.109809975537
451.571438130604 576.187587232208
391.171822022361 294.160637106241
366.570476046886 501.891677341839
501.059446076363 131.784597978093
554.368594167355 584.959064951846
592.278970263862 674.012201153383
448.215127086277 630.922838326198
502.012605119679 759.510476352329
486.723035796876 579.938868518411
578.86607512835 434.526740857823
574.165390033431 409.606354985813
480.833983731142 680.182711408137
323.84939749918 353.599644924928
495.837409905389 442.98045385838
421.833502458157 348.752268654085
523.193449604659 484.447157299444
561.983801415095 377.402559278829
599.011851365914 504.581590147171
415.908947020339 311.549866174945
638.29834383715 532.034719971477
394.069750116376 413.493356887067
571.373538736606 435.473457822946
540.203004394936 550.702648449867
447.68753202912 444.546771704431
543.909773926154 414.389103248521
574.320748174567 215.57382557736
551.202832828957 799.658356235126
479.907334147844 906.531422638058
687.077144733303 636.331239634411
459.976537190871 403.610601353947
535.771234320368 613.812908377289
371.217822273711 287.236556881129
488.457517758788 567.455013070572
556.22566561376 652.049624757245
629.912035365908 685.999953940644
481.869007661469 577.618597025438
470.917761210713 359.180691312448
575.345566809268 705.389821748696
563.852969822618 516.390624327731
456.203965401794 113.271238032598
436.243021354193 713.800485525387
481.502847997357 599.571416829772
417.570224338542 525.170917129583
594.693814833874 269.058085965462
562.409938086259 388.525723312355
579.480838171707 618.06422291112
516.405025669434 628.72696212756
542.697856648251 732.86612823846
408.771162622438 250.988629345251
448.400429850798 361.389319937537
463.020384534919 560.891474099023
613.556810935405 79.5689597251368
579.895446419804 432.005960887532
524.056271705599 254.658215018734
551.586859672625 534.843339476129
435.98338801627 344.114676899984
460.368555659022 571.165820769997
498.731928104717 467.163017631534
438.393138483541 320.144209197792
576.353679727082 592.343363630037
579.714849725174 332.039877480157
509.053029481613 273.067236907644
379.265934897349 341.010310923702
293.139499242301 318.341822251047
480.590030301698 960.322226704418
538.050472949076 545.832130057364
646.841244642077 451.71753316949
441.506033463775 355.040042765978
490.167102079162 352.951556577224
536.526795366993 428.285133966274
560.675381399709 425.625763359588
516.144256009782 409.261219352732
443.871707012622 710.391818779728
484.295741748998 264.708480167055
374.136146314692 396.144797088362
405.260941608843 590.220325599166
505.866496274934 595.02827617797
464.48813902848 245.567785836386
507.930481208549 684.469874724537
458.28943098972 488.01081487636
319.032152040145 669.67188290555
487.713753829302 408.049066823824
609.864650124114 620.429476905942
556.085105615056 189.426826872112
328.061120383027 362.636273140585
327.696794591264 393.225265791682
490.975432388356 382.107025829146
662.618885848415 528.91220882533
522.3593734926 599.40634448492
500.102841133493 329.467434012663
533.977431389874 537.243069324199
481.929515711471 525.90664805846
467.858141863171 618.818919670464
371.234984464189 559.941350587849
402.929074398425 389.339023955056
481.672213883603 828.236394070474
442.657493735001 272.532582551615
631.395428014331 545.035449479128
723.591587607066 277.782674854774
411.756935379477 465.122552826825
393.893340160808 732.172226088988
513.54975371189 270.788174755173
403.978778048818 591.935417448068
380.749652786175 484.809066674251
476.876482922188 319.268419421328
606.95984755261 408.740904802814
674.086018230702 410.817240091779
539.763736858153 472.663535252054
518.463100945402 467.387006861902
455.250912305482 631.994072154965
546.313192497124 455.81556960285
414.614880161406 314.084665763612
474.725256113663 403.575864025362
530.156489123301 449.669338989923
449.311509044324 398.686447441054
583.046399597067 329.174494913497
426.562190021164 456.207705708214
407.264753576025 525.513822406249
440.918634706115 306.122831614793
514.964718017969 755.860954428432
595.309283066464 367.738570477742
493.705881208629 626.428050631233
327.606199267639 319.016581643144
371.528651115933 494.37092713379
412.36548089174 419.288955646702
438.326735012294 600.168800477844
446.021335598813 231.293365655189
497.583540639618 637.71363310644
411.128386980223 528.04616484906
518.694827716257 286.648361639641
532.564107244783 289.018613402618
488.428378970096 721.111917680349
529.20942618627 431.137912245913
429.178247728344 543.980899931343
375.864236109044 803.736146340585
557.697565769674 698.545769998314
643.79791069923 475.495559687756
536.379548935661 238.337258020667
592.644086287052 392.150592554784
647.736226532934 296.803116671271
486.838916677958 601.555104302134
469.835473654168 656.930190063446
674.78019843532 567.757912417988
592.900003927151 460.598678944039
405.247415370389 419.894207496722
474.151768584593 333.145196747041
508.802527634681 237.927431787548
602.16711694684 974.011725747865
451.127434396834 628.797029583369
574.251466392751 790.656813960151
505.703838490557 589.376886333105
512.788362099062 576.776540518551
406.378838842589 146.879681425897
490.810896033 535.155534804961
529.929937468703 330.986302982493
419.254534931733 541.603678340553
559.67786862834 844.83557422414
544.104598560279 710.651984371229
407.8661356614 536.839047203815
479.865341143328 520.330840935435
444.587994142915 444.160691066492
482.229079576963 425.857999347655
548.223063775606 543.709396005816
427.3042689408 266.074322719133
559.233347755046 255.788185272907
561.563527063105 449.021550931775
482.273874384691 295.100101456859
228.108982168449 722.838754109527
460.912773835761 556.31711127018
409.312791281125 636.592080616309
442.091052216755 465.183587807203
529.94179133096 352.724605995525
557.331890744088 535.887057377469
461.616887619555 447.188575697443
499.50145957398 406.430726085724
454.509484767558 238.389392419103
511.433160002631 390.209100991644
623.735532838262 597.270953766331
393.082138732074 646.078630242492
625.477564948466 412.266949783851
284.148924718472 574.761900955625
523.532593132054 618.672942916396
343.976342233253 415.15032118739
