427.245081923296 611.186390713955
444.925462130184 428.81900686374
353.023660182702 639.301965031988
482.579009714386 611.847801203823
675.617203143236 147.271287939634
531.868356300424 459.240817254561
539.321537488379 422.551896685288
446.209777745708 395.933395176327
648.174852853475 231.974543166334
543.68761167926 512.600759236434
333.076344961121 517.713938239157
482.514885557861 489.355928315904
485.245313951294 535.490669176681
500.783474961098 468.58707412171
437.654129518589 604.50510902417
528.808557887753 660.26103439178
504.897394935785 442.188957030832
552.162054375674 468.923819414326
588.701839251222 396.213940219949
550.355209022943 593.652982864122
595.311688233411 488.31540369851
371.391903808847 519.377803515827
612.029265372327 421.929023558744
425.242644161604 593.345120323522
475.057683470382 377.075352503464
468.814168221531 313.29229418512
565.47370025273 585.561736784817
445.290538772931 280.144114141911
589.273282583959 485.016052861648
406.373972124252 442.635317191031
551.114861635981 179.739160542205
542.589559293818 581.078997403424
454.684151572856 772.314662859143
497.846236262562 280.780691139432
613.836941336901 693.60028909883
513.615789704088 434.751546578073
527.452684149508 429.829136221777
576.949168408946 462.105430044372
529.947983536792 362.343759366796
611.378900205519 791.780670638874
453.158476398912 625.873394201193
435.652942061971 506.964793998693
416.209963253835 759.011526391901
536.692516415111 665.088424767176
474.148242781715 341.547772049576
534.73809423919 527.83877910464
472.789309578577 265.489430389206
461.844025850699 642.209554539604
436.797360838334 572.296168600831
521.214986303792 303.865180180248
624.60093699084 486.617702601658
420.084086872464 764.608488847765
442.150569205404 547.918318728146
418.102980414792 770.425370375586
594.537903042301 653.609108559346
490.847957043802 274.610501547698
420.531650065287 337.088184307663
460.393804097056 15.5206914026648
349.262712054661 372.213805903254
600.469525588275 496.946780042599
483.576867787115 680.125668652507
480.072615831543 546.651309524584
537.78174436018 306.805009317722
439.213679026986 844.46154615527
623.160462607718 596.162200643022
368.155142597074 419.516090829337
543.287081795179 489.556691190718
494.85805634413 325.229745319243
567.137424533001 524.790498481495
457.207120099806 623.992704498516
557.560404225808 559.859502762528
629.27242914401 556.457938355911
468.546912599158 77.6193208245772
504.866866580587 388.335080239116
484.046499103276 321.717922354425
556.445707402235 402.019898964037
351.789539516632 374.617613040208
550.541103573669 286.200365820703
721.921436341186 271.058059153314
543.068567371806 -35.8256243893108
319.647057643505 407.228119010689
421.302961831757 -113.63136682807
478.558683652553 514.418775545158
467.286583459133 420.351783696581
594.756754302056 422.989109696673
512.43064645109 544.781361168747
512.122048859775 697.195586254285
559.09434719085 450.894979484261
553.818212123964 489.285266623986
594.657734020232 497.2090303102
430.368809085222 554.19198840786
423.178840100712 535.85548834751
525.59692886627 696.94533749231
580.798847180922 954.209559562088
451.806914587923 497.356133960878
698.967346571211 731.468563407556
442.674276705364 278.363150976282
444.750600213183 360.826313791964
517.057707234173 65.2084400307551
553.669396397846 690.992745623992
445.340340837096 701.241241679434
470.524585852745 588.252696512786
540.014477765967 253.361476856088
448.177861444028 509.986587547304
413.284365636916 471.807938491576
451.183581115015 427.896279982409
486.280021351485 645.51898464473
529.086072472032 653.152587837805
546.975139337368 689.579657841888
527.519986446915 425.031536404125
459.073591878367 419.10192338636
588.191978901328 420.439731607714
477.750631022844 103.3099400911
475.968839732119 655.020902476449
471.012089388789 652.051959543961
585.057293688969 464.816848620141
594.136084265636 486.112704361015
674.223522225192 442.521162532182
425.813876343386 433.001031887597
527.209835464886 549.763633696993
429.81000231451 644.832298589886
549.862528496945 350.052697252267
430.710653657095 782.329178788934
545.510954761927 425.843358518006
451.135002922061 408.131807332445
487.910805353961 310.792929937342
444.968838147964 180.129331250965
540.52293348027 466.84494729452
439.095723927298 348.753210239215
498.588827223581 639.014419046003
524.290519085011 657.830929912117
497.349747327952 384.971831694926
542.550882129845 654.733191404935
367.891872090356 543.75477478763
466.312631630135 402.807229137929
510.180682378831 434.199613351419
548.382412159593 398.406581253934
559.3040658793 301.092048102664
601.280553898334 513.861437019717
455.435052269388 675.778882029094
389.976763453978 473.680219099596
612.112095387567 620.961822777859
489.049766405441 284.95822978251
596.830952589846 563.206210770301
588.784463898885 415.092182568628
481.903449062151 314.290463547528
557.447589869201 419.827034530865
610.275689580612 434.92223881221
496.144903355357 644.344164478592
455.637595461917 440.26297748842
615.638056697117 394.730457493014
495.119569836204 484.055262211289
472.51788784317 452.646563917152
511.694018485361 502.808931753288
541.692530084784 367.099537088404
473.272717788158 398.78582960229
555.84429237086 460.927920223531
451.767152683661 407.306061020732
578.001588264636 480.659347204743
429.189855235955 655.057097712429
459.797090824078 31.0876157187886
515.098030404819 387.713478626892
452.161812354504 546.764846998973
506.000252064739 386.456838802061
615.143939364408 470.045031595769
435.75614777342 584.107164728958
664.934828545929 666.221145141026
552.339518721658 160.060448863175
584.12032081252 513.161438551708
625.118288912967 590.61730553982
496.7068713586 465.13014780904
545.237022575442 759.050956900452
537.931814026061 344.222295134715
591.237468727409 390.437914677061
485.070348245717 640.603286071059
506.487631329245 371.069477773567
521.906915980683 367.405908806513
450.512340036773 845.208525735436
473.175207688302 341.321716434792
522.691764334416 378.028028261785
525.42153307056 961.115601531717
554.468830454843 311.2564662248
543.056913382578 224.290183883084
475.442158971149 482.789581163585
533.705355876421 802.235954306451
473.854205561842 634.670625078191
563.004593399535 469.418403602161
451.970307974359 512.261388106318
355.86195588141 417.528487256413
425.620512501736 713.398288047049
582.554908217844 723.856204011544
436.209182191458 643.203493229011
650.896031176143 591.18676129374
490.291352983658 717.169548551943
458.147948342047 592.823954431876
549.409764294749 879.432576034117
405.569780069516 574.992692829947
537.882686554717 501.376669526303
426.672179207082 486.647030474601
528.554638421687 491.731515994871
568.485587704455 480.624873941042
515.937232423124 640.262265454675
568.528620826371 888.096688730244
472.249566061273 164.380298850167
469.78571549508 493.255362482917
633.942802866036 507.481355341616
498.377000256553 673.360250414802
341.216808202335 445.572185337179
444.404326358234 411.890976559816
642.498330244001 811.221952916184
413.001987278742 452.695650522677
290.100219295201 826.953560307682
486.759052946246 725.10304374626
571.56609831253 479.137782260923
708.235440149212 577.945020650639
538.145110206568 388.144281637171
422.708123720668 591.798205509064
523.113920788007 394.717827681452
498.974990976086 542.599635481872
592.615863675524 519.459827903742
436.714102867624 766.547029556237
542.737309125009 552.530982897435
609.652143437906 527.795582558509
452.71244880127 771.551884536572
590.962804201813 620.92524375353
499.912821119393 522.546256686599
248.864527725317 711.477980146944
520.716084053599 311.490818208219
406.89325552436 347.983782703858
527.360009482391 634.912136688914
602.044585916831 355.873804483263
638.638432826518 169.993092418462
522.280777229242 490.636374778328
416.517177397827 482.361017078887
439.38872687394 629.512515464509
512.241009892278 499.944624901508
353.906326660278 535.265828766487
419.950083679526 420.269894654352
621.08396327853 475.819240158182
590.447244316303 696.080937076654
503.637182661612 656.839155632232
524.619761149181 682.842065381995
446.128336997094 554.710582675886
398.289466235236 445.848361869292
463.240756123155 318.705381728169
362.431491074493 166.915548447836
430.593193352931 585.981448666463
517.675662461937 737.650316433025
278.505768200652 222.308691805595
519.98577858332 557.117693525884
536.202964174672 270.154733643614
623.031973177281 279.108722014587
669.098567014093 200.196190863257
528.033578132496 567.443192646923
560.619394353667 535.379215844021
408.562584863275 715.825187064733
478.843436633542 385.434647071135
462.210683847856 333.342610088314
505.837087065815 656.758993078507
387.448262315492 601.975937005899
382.494509198138 333.652918624635
458.201437671797 318.746199488283
431.129370865016 492.622640930756
460.585168929887 328.863231541643
518.207775805646 282.96027870781
459.42571842866 700.370329183471
534.169789607318 509.287471745191
544.707799155523 531.569856722708
404.420316979332 264.559210754974
554.96582355007 638.794985633395
517.911413128957 412.180817797789
599.263444613773 266.870318056943
404.463082377984 442.018248128167
499.302847646852 421.182435483941
472.062367974335 531.691639342329
488.99378208716 371.219895577866
378.115033078486 533.498948787637
460.908913640475 606.98770140331
568.086761084179 498.128449654271
519.971148031118 374.996521656735
546.133692303855 568.682782923859
436.691521719118 672.866503314972
407.458487766595 274.24493800899
495.310938028359 710.945224430413
519.611187356521 715.854992121065
520.523013658045 644.99427431661
471.791909832363 69.4810255599864
487.115756366616 596.684233197549
539.055565463269 385.702439432672
428.025083173861 428.827393921143
474.870192101768 754.810999124176
416.630951618968 609.434114832872
500.980862806578 456.351589564018
507.484702737806 490.985465593166
324.801671466186 461.179260281219
633.864841256735 757.645412330975
400.474888078291 307.694327822807
512.156160450523 370.665716596086
433.546822797841 642.616302956923
334.226302471819 523.374286940997
523.653952059707 536.885897393711
482.812710994406 809.569215862193
338.713739655828 141.703531838044
433.528293754853 326.509210913887
520.550843414301 473.700898824214
340.506497323736 505.17222316978
503.256173677705 407.510056232208
423.722818726716 557.497839024496
392.976399317288 297.848146906452
515.914738169194 709.11672700268
548.899788728205 349.525441072081
472.975729939889 621.174370601245
556.332566781713 740.638074740321
475.296376374584 569.883213829325
440.086447717579 416.117903982919
478.652341665775 497.882309968419
527.199313950849 362.944896231598
357.515231185371 879.781598360607
602.676746627355 514.298801488732
266.115962891583 746.579273095868
534.970363781392 667.590052313666
605.530829001297 327.742940202729
550.474274435214 452.471563163222
581.929461451615 482.218900860774
664.93693376777 299.192857528356
468.77367792785 583.007998739771
412.816135557731 647.700718801837
595.212639319637 490.099418647702
446.888890046131 585.215291931952
532.932392842418 841.173318807015
540.081612181556 595.401378520524
554.657032413053 373.506319299158
527.372045242793 480.90781817328
391.506583604729 550.111162017698
537.505638171091 590.864050119056
497.563163668191 489.22606612447
449.26802484334 252.715282722123
353.899095295169 341.777915269718
543.041714028559 491.165852072438
560.813003283004 810.470905587952
401.74355336968 678.209802417578
543.447893491441 553.178775166088
592.717738225226 391.347222274095
429.649056776942 645.768901538144
485.11904843536 549.280975847453
436.317827957558 653.767200551431
306.617402851314 506.998561399605
520.616989974968 624.594859161742
586.119014320634 617.174828784857
458.035928489443 373.943530048645
407.475874871959 176.486209474043
616.487427947919 480.026082522894
411.74229032645 304.375570327627
576.724419183197 557.460826489937
494.919976072252 528.192813550975
515.33423628564 672.248332322236
479.431806594992 577.3513792828
228.693183493519 31.876845680633
403.347806580381 425.228465642738
458.245702814357 551.68711088854
551.071974703029 666.881994560154
548.854733273276 576.702132071329
564.730011589976 550.712921578427
379.05669726553 203.061952953463
414.893095131739 562.073676202799
628.425269027852 626.60762152967
383.797026709258 311.200583991838
594.953171583384 751.782330548685
536.616003495946 481.47378740554
537.940478730733 673.811887221428
596.391305773469 757.83188381996
496.912581713339 285.46809737911
421.971711640553 519.696697494073
484.104487012726 481.404477542514
470.664095658764 746.874567458386
360.317356032791 513.478198082969
451.454504585537 533.622418935184
430.00848526103 160.872688007665
543.618308707113 344.821242667543
563.43596952503 551.5169154507
463.983899659385 318.435913752042
409.703384136192 487.922874259158
692.445228754146 566.253278581293
532.635196803281 773.559919934455
512.765628390331 489.107382520508
557.299189969886 314.491393197527
522.60715520305 474.880284420389
598.750981753047 303.117240778278
506.093872388336 906.202154381055
428.843642835795 524.355423763464
477.965896025819 422.587431418462
643.717440538568 556.798571359751
504.489505983178 383.238284152599
575.406597618528 621.931455721464
376.932219985217 473.601998619755
283.775546494206 538.703024222282
480.791394980033 373.529614252274
532.069282105399 397.009393707778
589.447039193925 240.613300234212
628.17748250345 361.292287333117
