427.592854068434 439.808403971212
405.384922960847 522.591248692571
722.102216269953 915.45966847832
553.436619376495 497.286860392101
540.451946403014 403.79243119232
494.43547807666 219.669151094306
419.610926063071 498.861368768431
587.99780840014 634.674221967339
286.328783795957 359.778948341337
548.606778080209 336.810271929414
392.766845613253 819.896302282772
639.122730426734 406.889140034634
393.616608308378 475.98215148124
587.008113115958 404.765928342807
428.620736893627 476.5401801978
450.392362120602 485.38094632919
533.437142359805 140.056182188482
491.599848930501 1065.42943987432
626.38553642049 793.39683125009
425.468371935952 338.152563667459
596.345016249025 439.598456544735
567.222232606666 426.368075314987
419.991458661356 839.705438489663
477.518529493487 653.270660194554
487.955903099091 400.945292674322
541.140223408867 346.132445722753
595.770138792895 488.133333717329
651.503568540043 763.049873086703
350.160320805343 735.168200245849
618.611176206339 333.838715314808
613.292901453637 652.986847578924
476.517965152074 174.599159492341
523.782041274259 477.151615719028
516.591016327361 412.452029512882
448.237602900549 437.768229310088
534.648736284607 820.686642060925
590.717110645169 732.56557563534
518.451095960599 497.56056086732
497.861282510332 589.994886804639
481.731834359858 574.236582012514
462.75839239326 474.272222262451
477.46799773562 386.062206791627
520.229497041958 718.807354656737
437.379046270887 648.347449816823
479.312043783077 488.045045348357
537.859964328842 773.289644546457
445.657872463258 578.552655337886
486.729682994676 628.464406923559
484.428613741092 433.237555306303
509.589664231871 680.198491323306
558.938885261526 283.771078165292
479.698560061218 512.681678179293
535.201437563822 121.676565557773
536.855656225628 573.510456801163
412.594016868943 704.417599050479
544.940603704525 409.668817556051
406.471784450429 417.821315587944
457.397129940755 325.134540218783
593.405271068416 586.128057034858
574.153224095542 621.914869431713
433.886495572295 645.725031852795
570.218206834202 711.862517791503
661.531792572054 464.171581082475
698.913582947573 304.802914568817
595.746369884212 653.013381464188
575.777525836962 565.58918588929
545.580455680691 219.453027398262
526.453671718016 414.96591311819
526.6109478566 624.316098000197
333.834617713102 541.007545456557
536.00261415535 422.257390654824
517.208639324278 443.783827426895
476.199771773773 472.709316763191
603.0666369668 618.261712506023
576.460289942638 708.347119372748
551.833675879631 652.810818975721
552.46643068541 574.526473308915
555.407274225624 836.701595841439
435.424835588153 343.765958723824
467.836276824756 555.271126075053
406.976603554633 408.753938536925
395.389537159696 350.935166563579
548.384557028051 881.044654386253
590.042965857426 629.138717967329
340.871952612369 497.837927138863
552.282254840775 604.063837651558
363.529133008321 396.275242341004
332.148514636384 303.413721517824
419.221123721809 377.756413391443
523.035503596688 306.234843184333
465.241181598564 272.97100150754
435.122273241524 614.883308602365
517.109030648927 822.990335655234
614.893158362099 493.116148071532
405.43665824772 454.815848326967
516.055847386701 566.671850893462
504.78630565564 730.32435721458
488.554362482593 628.181079688278
471.586042197132 493.516227280815
417.471934430286 428.746598055112
568.703029023878 287.360795769428
430.85408059738 458.329820635777
494.718405754514 450.739009946567
548.693384424325 473.332214387624
401.83889625675 234.80490866747
444.314534309348 348.840970213617
452.915542686152 523.888104280697
415.656881692032 783.542940839963
444.694959688049 649.403153636144
400.362198101992 641.765034024574
342.819607498229 763.548338195232
470.313618980252 675.997193023537
524.420871279107 384.776275275646
573.088810870767 728.327644595021
575.120496457758 556.524172013953
541.644794379786 434.233857658698
420.841583342756 312.405449650551
538.879512033176 244.655637682008
518.769008484826 399.014986761831
644.645043364259 515.724874957902
473.614750198243 499.888881220854
471.983428609954 251.867086127508
482.958434916135 432.131950495585
565.630212431056 441.382283294687
503.752107864722 590.798425418287
298.40813272366 500.547857899789
581.930468361378 210.340426427842
455.395454801629 547.306360882039
489.754216426301 497.094953042277
594.167171703677 162.737595024405
451.631619868235 373.920746526466
654.143872388006 241.688765314476
339.058426067027 249.179816911907
509.386362672259 753.770508313985
553.700370058287 739.809857131658
422.217511812219 549.353689064371
505.463387759835 389.156605883114
515.525208459956 280.935145724722
717.807620771926 343.107144667913
484.765479594222 587.323346787757
520.788920014546 452.258583095407
423.950578598874 514.179149944881
449.256617566143 693.369889490055
455.830082577268 165.617342128182
519.751008997873 518.017627824312
510.377193772994 555.908034694975
605.908261930716 534.15493543235
297.909590656805 324.287691185126
549.385118574139 950.327251340716
486.157907456822 612.07284271244
522.699121018094 443.317629026652
404.432185909504 527.020342478382
375.518641515591 306.269977152086
477.280270051003 420.511863477148
665.563998286754 512.363841156547
533.520651105861 754.564684502873
520.72995656791 619.739557675758
612.930308178584 625.973536934799
510.582594914529 349.764898434537
554.30012625386 519.621217200586
608.810196465139 519.338774412912
355.184552739266 535.280353037088
665.820359593601 657.687939078707
556.648884844179 342.008329160061
403.733155185786 664.494761850196
501.978286320828 704.520438683354
660.963282676879 711.921588257641
523.025154975428 568.635529546922
446.661450255285 464.990079577555
520.754499248214 751.494490748994
504.709222561239 206.240427917838
516.43247450075 465.533802463452
536.216616765106 432.615309167394
555.60605029165 240.057455945757
523.557247648948 648.78995516595
449.992588575695 628.714603036361
560.339655112625 629.84582901724
586.54349155299 565.514376576674
446.740186627346 277.625721628498
530.41916061954 183.76227293771
501.80409448252 827.390193029176
569.882947056323 419.108200816741
684.261833236127 499.654527692619
509.073178026658 324.83573551772
437.518299658045 351.282050647413
580.752585819736 338.004043185772
506.512179473448 522.06518524531
613.101114200539 505.846967029447
504.419460435925 457.117855082136
593.249889241832 401.203781117745
307.695046162753 508.105111630193
436.189236191967 738.480243746878
552.891261834038 620.307612200073
325.203891564876 337.839474702795
509.440563010738 532.789058773471
423.152323325554 497.709540579652
608.821886224111 481.054414331357
425.993572987689 320.224696713701
646.916099852515 756.230223954506
536.918543372312 322.305080467575
378.191426201833 329.616818759935
630.510414304065 496.703794926098
471.062113755745 426.682861760375
624.124536785979 656.326885155769
579.086031366013 618.155770634564
337.365237819012 415.018557446076
597.088624466075 438.179517008169
498.738375207042 482.782632508839
564.762712896155 291.879644395761
587.682458152857 524.570740084509
528.710603603362 328.530225438573
592.581195817599 206.357596848278
570.691969774929 173.92773926514
451.717635848231 138.924878211774
662.041019551408 533.165110397209
496.117796122225 662.487528062614
393.247686060456 450.872059857521
526.952803248103 264.889678875152
387.010190325694 230.058390743925
534.343116266903 556.224258152025
575.234792449456 624.57658029559
465.787479967975 813.761431692439
434.332102736437 600.860366114204
535.146879188012 547.581718910493
639.26388572571 700.779689937366
398.846260082803 396.593736635871
529.295848290077 324.659564193411
606.91794782187 604.099064765773
557.733043515569 193.615029840758
603.360102361377 314.10246960269
644.955088507236 337.614616226164
443.462937729818 682.667327945359
450.560980580157 246.742193797238
414.540022983586 808.140868696101
493.868396157139 571.965438668219
618.568512463382 637.630724245492
420.094585371762 778.105063672816
445.754351759666 499.45727823373
628.587731628358 496.410645808797
425.778694725699 378.699489725977
543.557824634882 399.657548117113
584.760884441309 531.961704758853
562.325738267923 570.421556066001
457.605961727922 745.988604569609
544.193760295044 338.700151685132
467.872453307372 530.163987304883
548.434428343583 617.669062736682
704.557780661716 498.920417456012
508.702587766981 -60.5889052351351
550.651994394466 531.504356240197
559.312216984406 21.0473681464972
579.480571338695 440.90736707154
467.29265519479 64.733201161209
681.411498468657 483.764549460075
514.106087302815 465.877255283278
582.332247812229 439.481739419968
458.808837196086 632.869166263343
373.493256022538 725.73596670736
551.169189168589 601.639581762851
709.854309958778 464.847559393896
467.674387349998 629.158560271983
508.806554910172 627.195369485795
552.742423392705 344.727411336707
504.418435909046 631.993337738039
448.476470129885 105.038510799793
546.957636223083 650.500452950971
549.163467800746 616.873176403038
497.485424287407 477.436667634451
365.72328946869 354.892257860836
309.366275055934 409.674222250534
672.126926538424 466.876890314202
630.838709327078 511.50736657529
346.163082406742 1065.63123272966
479.041351914559 385.060998769336
542.949708893743 634.018910204062
433.160318747754 368.706546638939
498.244870274962 668.682697034737
683.065203316575 114.174557983567
694.510003303321 496.207136460553
392.058916412691 574.31550579761
585.08114268001 315.922628737044
642.159050446288 887.529368669393
386.936912054549 610.027744742133
636.473293811606 256.763216209318
621.891281264064 337.635446648952
383.940609993128 632.586866703142
469.757052543237 504.076723207722
502.625300848323 232.376816971531
510.925133843718 225.205093198449
492.700141506948 540.658626866325
475.712154416638 403.178619204238
511.819913183498 291.335691374606
345.19927622268 275.926665255212
476.485403530453 539.961313888262
443.420737979885 156.399940029473
603.811845926192 541.509483850605
589.192053620766 349.597569181597
500.706978391234 697.133753549911
556.790562784152 308.968816340111
558.090390840653 335.381229280943
537.534448216998 574.785180045437
472.575002782578 822.681632780172
333.987440809254 529.600931231563
562.317571132431 469.461030269778
544.93746118132 530.790138345958
573.153820713472 547.426058747209
413.949962385979 506.594512274853
523.438257491355 785.084484726273
485.359614674574 290.416791828553
546.50216573782 276.149721317691
429.448548856148 427.891463872083
630.906103109199 380.499825260358
718.246637397707 463.95239545214
513.636663859817 370.945666857347
518.408245477514 482.79991097787
429.890728678197 105.976936099335
565.87604863104 711.984179213047
558.965345059454 465.294242401064
578.10247024968 810.898817763736
507.23729362316 386.099983461975
581.71461618754 372.762528636245
522.527107015255 379.132578716662
539.033448849045 494.768626217869
656.708903866508 787.918493664582
390.46769661059 354.989059712502
522.617572325364 664.455340436057
479.88845499381 243.063276275547
636.068081849016 385.400426373623
509.190653318688 546.575934992391
575.701286285215 749.32152343069
410.399285377855 486.274920294872
525.692021906075 259.450741033791
522.729839517358 697.677360047935
452.596495064907 620.086365882699
423.103973206081 423.070849302434
451.08157367598 377.554349672453
592.777901894102 353.657478920226
427.069910630164 645.041529343731
663.387722390379 420.377135643691
472.08186569758 470.226487528476
406.140936009756 580.215026948645
567.580780778521 260.178153933619
475.56695879726 259.603707090357
385.490716874943 494.87721959882
391.239937748828 636.250300441513
490.643606116464 473.150730466007
430.357061652659 445.086438469265
476.034078696829 840.83395614341
371.606241559587 583.520863243519
586.305652740879 458.454243528544
563.336060135893 473.940729217282
368.441498377408 521.532507204455
506.782246933653 749.37224313738
567.314698433931 684.964765505735
508.580814993108 454.091750119884
451.97070538353 597.618444498195
343.927825307565 515.871309655033
647.39816813167 435.297020488155
597.887277019499 676.969825630159
477.527734688043 402.693672863571
486.233493887859 548.418623672423
491.820936666643 292.293153261359
564.77985270519 266.653797764043
532.911439832601 716.960455499821
430.628190867853 611.567516730754
465.345094908732 301.60997285413
331.376154864487 223.62269656185
388.605347210018 434.842001021093
574.276227316703 144.598224342761
607.553913297655 916.174570646833
513.118997266806 527.979319235252
499.57606478745 221.091498844875
582.805732673462 546.136231098918
536.668962865022 461.703996072598
472.454587739594 321.200805219325
675.044233238121 754.201264328253
545.480160760043 460.222465297246
477.77286051136 609.32039407792
596.823147776543 466.881875309602
347.105485667444 526.255375653121
568.434326646516 526.198330477077
556.141062054542 507.864444476047
549.861427427563 771.70822280148
443.511465530077 378.801689652475
352.200858605036 439.317703352829
582.847110846638 606.041090401965
460.451951533134 441.274515893818
516.523954752417 329.652168574398
700.836068435414 545.869535756133
602.979526975626 375.475519373622
555.192954780458 859.554191808441
629.743057972242 367.426670313524
522.253189040482 739.978944050961
514.934157932368 525.265547764506
428.684207889644 635.099785418925
560.416017545685 486.680019587865
356.253236983039 495.570355275349
452.229676183723 735.139387666216
415.338117329533 563.723630740122
565.915150358864 271.839255493367
