459.096737229385 494.774345622866
454.926248590687 655.204169105052
498.496756806218 452.637188400697
479.194116473825 451.561437948926
566.440133772271 265.189145486362
479.262500530234 117.406909684926
527.570140592381 528.563731189158
510.909943176579 493.719947213477
412.896486534471 614.862553979137
365.231534521755 570.659854641437
407.565393635565 648.650228118597
458.839242524515 688.89060410885
492.392743286418 597.665016206566
562.837086563927 494.021938122913
456.114517798295 392.595867040853
391.903324152718 502.090169191966
561.780583053338 629.792859449973
726.508442962437 226.287538625981
603.529309899368 430.515740296294
482.777500824023 324.149261681118
649.259565423577 275.806570704375
482.064684107149 451.426681244156
534.557307736612 797.777008869715
470.966096894911 422.361589700858
456.489325351577 292.641625096147
419.892007707322 654.816482921608
571.729993904716 443.863011819108
648.606440812253 412.769994129226
438.115864089379 580.835781018082
523.41657996865 355.239215289235
372.477666908249 579.834570046807
504.725001049758 601.261760368526
543.296147689983 515.575130311404
518.712115264394 641.548800453612
338.320319968256 549.378917579278
465.156415100909 268.062027396544
339.608986578391 377.901992655243
479.410792032944 422.34437184128
569.270362037087 810.823296182108
688.182131066527 406.115918281976
615.810528484297 373.078706270827
599.463806651867 370.615507106749
622.294038315843 52.758233855046
382.39632851177 357.647461610755
541.933788469974 483.372402510914
446.317855051469 488.303018569856
417.905767590798 498.04650938014
445.948603355901 602.306709916458
464.292474781586 606.8402751673
302.990957115372 415.237067500923
493.199063430334 668.865142131046
439.720932527479 177.230303934854
422.933783551088 477.683430037846
557.380592010137 391.921858713034
537.479064856179 434.847386337509
466.2849216513 438.373135431609
522.328959009356 404.254666544394
649.666174139953 533.997025366705
483.461584279738 433.223940977755
560.275373518895 600.682741430798
301.470163348365 641.188287533227
427.041952229487 473.594351769425
525.880138186633 625.586704121567
374.215136552301 617.4859912874
512.407165605681 621.824997579436
427.559136359253 442.81648698812
458.56640508364 308.255172845068
488.394855791984 258.819258843597
467.364729925619 438.944246051154
472.361875961381 485.708915555933
510.672549212841 501.43070762367
526.372567029318 659.348933416683
447.438806280654 520.826689591317
455.395789130411 458.32587063782
381.677319211026 724.752564824813
502.035774644872 423.765840520317
631.299027596255 453.071107963839
320.892048704342 401.162483981235
461.209269495893 750.237002030582
565.080517166038 482.710189369443
416.536040037452 563.619842466309
500.875769280914 733.850206899272
527.268536258416 463.111323789467
605.131972772212 368.963786644118
611.324730889768 553.72718302899
540.764180278704 528.751927871247
392.936651560079 692.045091969995
397.056248871926 463.312201429649
479.122437265288 422.72127194782
445.422189697337 832.766184033965
393.89067034928 322.901772701637
474.214355031615 569.480183741416
479.049383956396 263.29538924874
438.891763035793 186.563059936402
510.942769237521 219.702132284744
417.100791280541 546.323844619073
453.21166170487 323.860481773342
703.821424180505 592.387522482155
552.934283355544 677.869416084225
513.250037429013 371.453946127973
537.535409586699 464.302308029119
363.265918323154 473.14859400128
430.943701103196 500.566209171886
678.651694026382 900.6082059956
431.892315344021 289.509396578549
627.534808915916 347.638120163207
467.489842913777 979.981119002884
534.483979688876 672.33891894984
391.197635286238 579.589494367735
522.907358927249 645.308447626594
471.632552263453 651.402102501807
470.587962141026 300.781714044435
516.572085514922 180.425136832338
473.181200293016 341.461066946953
490.638043991778 387.158159814949
609.161230777116 598.971151725631
623.663172441603 649.757301355689
725.012194380492 327.945111143484
446.689064306548 559.352971624253
504.623981218434 787.374410105569
452.479305400668 122.037404251262
522.030659852027 580.270301159872
619.06308053972 227.307295383996
567.549400476289 344.561300335081
673.524569379714 528.620121622692
443.085847274921 338.157056641219
580.640661567854 287.063760898509
510.37066403928 390.322497649751
489.098737110035 132.002587979715
539.638424637751 198.245053888581
621.675631454267 361.1502994993
598.018936283543 493.157126320974
465.866052326908 420.471784471012
648.251250689458 500.68071159087
554.797771625421 432.1877368073
540.295870124627 620.389656568062
370.618542953936 371.640384840491
589.940335003884 435.340169136493
477.454726325011 525.344836726701
512.362699763227 470.558772446026
500.892239616594 393.601640759016
513.789111888136 244.671572391719
436.401134748227 419.735296469531
394.465639409202 539.290587605158
562.875468956976 454.434797665642
608.718547954236 519.974833407995
438.519355012156 467.985910638213
446.765558824165 748.461669039431
594.050601936512 525.871527729063
397.700476722941 734.618407895873
641.391008177047 572.057346494557
633.5302754038 837.11466958083
416.596490925609 508.112470454532
395.226379028735 534.124041977123
441.438210289991 592.455147824984
545.704398599936 431.530142872812
566.69831531752 530.619335187389
583.380526421665 551.090799979544
461.518698906236 819.821448308814
445.516694463188 158.070357317656
455.607123932595 432.378736410563
495.461925062178 559.223996639033
553.270252628891 334.158936583851
402.787118811266 493.416882470816
537.753262157901 725.508281393581
476.533246611966 640.324121234523
545.751662496924 640.434636235895
497.427183200089 673.001661086252
506.336338446847 172.583454013232
544.854108158203 826.630515567973
495.74896101908 427.170967484322
544.88427475976 500.584943360029
476.875343599838 481.434306899923
497.626228705399 713.353867334473
600.685050773153 498.681671986541
571.28041227531 619.584434430756
393.406262767759 476.783973977829
474.062679503451 384.479291000851
546.580540174178 202.393510113179
598.61145762369 602.153967697079
457.621234617525 289.572612970689
497.851903816809 254.893298435954
525.917551927544 187.68189948529
527.898648941938 363.697080680302
480.577432759865 356.149943156102
500.454850496057 282.403665874802
442.354942121311 623.346015605209
554.387586699585 334.676650773085
556.382381794421 393.057391862366
662.535889265843 488.504070864371
462.700654957275 400.181154419393
448.83743974559 467.318234566097
546.673105395054 426.673702655454
478.580920063244 164.880475980946
380.049352404944 643.762216158385
534.005107818616 488.269059054546
410.291976934813 575.018996051494
429.314234295337 416.515995909002
450.522816698435 311.643325606807
603.2363408169 555.1302774598
422.394265529643 782.44785017297
556.104745904272 523.976498542671
496.60126841695 370.060951065826
584.573872262605 593.940108186028
564.991901495181 242.224893474451
448.440013083061 590.587997699006
485.653025104436 576.993806864516
527.017457885548 200.363132894928
652.871570602826 589.383693545305
583.559639070757 322.890384817478
480.987955937972 299.285301766137
553.940745406313 443.849960260091
562.477442308925 390.452925614851
512.511471063111 374.731815653978
547.722937137234 473.26657006911
520.221768223854 198.983176231713
717.849415028651 395.815878754623
626.144800110787 272.484256938253
492.02220650175 879.969531000961
430.903609738372 463.492363038699
559.395303654374 423.286893415753
547.581749072231 375.923789767127
474.482252556212 654.643581873655
363.991594496365 376.484827509782
450.191756787917 355.033690307557
470.200235426325 776.4552672489
524.224725094329 559.076408559432
429.217071749629 385.068302349737
697.782593280946 345.59536878489
615.147148783271 431.948354371617
417.337416486029 423.097538718848
462.632923337951 430.403415112083
577.850879352275 638.097691871723
466.701019487202 656.747088743987
474.247029791413 460.51543352569
437.509394816409 451.007923020225
548.912499197294 602.467469890161
388.315016717084 177.868252687192
606.826578689309 510.046097217955
488.908084585004 214.588998401908
605.526451677016 528.284098151538
478.001921907105 841.522607883735
538.666959209688 630.35224196175
713.208857170362 638.630182044115
531.819699422896 333.122511725995
381.125345158253 653.126370804618
549.983930046051 453.956705174937
390.476051675513 610.435984070738
356.049406610899 698.089095621179
429.941467375752 576.131621021223
441.126741103444 633.762068264045
545.447453861838 338.438289629145
581.730968727035 544.472567247332
512.018256162467 348.363916907992
328.788829956309 461.990008874798
509.004360086256 349.99371383863
440.009485663823 490.546278722943
458.741059693984 469.547375927692
430.352244816491 661.281356525275
486.511089951486 567.58765238279
593.894199396518 648.447070249105
539.199685619716 535.606176514037
605.489020641732 720.633819809287
604.925988106965 256.718648946107
569.830109250333 569.166982842199
566.46267691478 326.63959874997
452.235656268495 158.342939487194
595.388111467434 128.459185656404
430.692791951292 321.459600845692
570.922954915068 362.076376846748
329.626919072012 727.526716770509
774.408480031621 583.508493613162
474.382768492773 400.137724177838
448.041635121898 679.131318128166
513.028868834702 578.808180821201
460.077569877434 468.014541450197
547.094663688327 249.535302276141
397.977775705446 265.727171516676
518.657763637127 380.9965251453
580.888095674829 793.163568361845
579.534150518769 579.41873566418
641.019478772587 674.677377224991
576.578922392021 869.561321433897
466.33592965331 800.360296621675
509.572600214516 657.309829554301
565.019243630485 338.730027199235
556.878470738041 684.450370974044
672.021410822324 400.867950655957
579.663860334065 394.232248061579
655.688221140741 477.360655861874
374.793179705849 414.785033596161
301.421919962469 505.136456894962
563.734468583356 406.12204611324
496.598244986403 145.226897598097
640.334068739958 376.177729704646
661.265396336588 444.845962530414
516.444865457006 653.459506269797
442.858549099866 474.457430140591
423.502120833527 701.10024648832
636.201319100796 407.592043970114
576.475509391693 395.31388169036
637.165837494767 749.392923135267
623.694280120025 380.163082977023
440.406632463923 943.206458236319
493.02744163782 529.415000535827
429.688396241747 474.521381137659
418.313078511646 590.930082884478
424.976892634383 455.401568186141
499.969376938436 821.636828011124
649.05350524869 538.095619441585
643.512250090123 467.897586971959
310.112750454842 487.534797026272
622.969888112701 738.908572536205
549.290266367746 405.702656490482
368.576659132747 404.55341123699
412.10121228092 534.422158734049
444.71100800126 349.278412341572
477.268610634471 480.714783884228
416.372584506583 731.476354248919
426.003111258858 467.757344362629
527.601528380377 282.751678211495
509.527151221894 719.112429577023
501.97074887242 819.340604940423
495.151100037097 413.117561757792
443.383488246909 462.996212643186
499.968799387793 430.979241122345
583.651960645258 612.064467305958
503.393818019849 292.290291102669
623.982795791252 652.348298965029
422.334953363138 725.369691339307
495.066156675859 465.827267797802
419.040413240918 291.035031709109
562.069820468943 672.962937247263
332.916382694777 286.947211574306
403.900131600235 283.965436120085
565.906769103489 294.116636664577
577.261085553625 713.06151117845
542.150527563156 114.640132390125
340.206889364583 247.945837271743
342.266663628197 401.076994809261
464.197138961909 518.249365616745
571.926574884058 195.163696680153
657.511258037433 710.991052903317
529.893800618628 312.701632452475
628.29440069081 405.292361138851
489.632635801248 351.465186491305
638.058967351274 579.777100721638
505.732459770802 469.387526466754
419.971100640988 631.626193421019
528.46779022293 409.541514336303
626.273687655254 372.350723298316
564.987429222474 343.43277252997
573.343851287042 387.711290997791
414.646719824583 403.01217835067
540.194873033425 503.673296350549
455.284916080177 285.802301769403
405.159827112478 476.364800406349
551.160560002228 575.732421846113
420.051520678524 502.478500974782
403.273286377429 569.881366636055
534.418406343688 -9.11959416598815
527.28803120991 465.596189088728
544.626116116857 621.257164569352
477.711680222635 552.193035820481
531.335052719544 538.529933647213
386.767780751928 592.383165640759
541.709243773652 623.112918710083
438.309716060376 686.757507959513
529.847216897766 341.206147285205
402.614054358757 274.155863722946
370.747304391788 455.819492614142
521.006630590501 492.827477672911
531.833393720676 502.478784203629
565.662957671781 532.93892996052
601.64253836239 581.277736126061
541.571699871132 595.177503172644
590.082716265006 425.895908058456
497.836765088457 118.505077519991
445.191981239397 275.325882208816
418.781417450682 640.868494248203
590.992853773139 298.864468605769
514.216592342344 732.381997409082
604.915749667408 273.739116008048
458.152568320641 259.856592559551
376.964008557476 593.363003352153
487.796362134715 392.844390901538
520.160840643255 598.919139367224
355.582263968432 475.123478353871
445.313643576211 377.500484184846
434.134560432874 948.108112102481
471.997944717812 553.499404002096
615.964625419501 722.995265598642
534.810766882245 744.672580442028
560.033069697573 642.285380690401
316.797839486152 611.670071621439
720.47110820127 516.86440765057
482.304660301946 519.719688599557
482.039298960213 454.508516584063
507.172180062574 380.597363746983
457.24941544867 429.478211590426
