544.699500986004 602.08850898914
434.13399672341 317.651284277757
463.849266441008 394.43877817356
458.508797453268 632.964600869351
457.2136374394 651.917386576241
433.824543520308 705.457978258764
530.257211897123 473.760382485949
497.876158785338 634.2850302543
349.288773789365 511.986896342988
432.612758331689 333.728385025645
585.9640532999 308.870281267001
646.869276843317 455.172064935999
392.549913969577 496.87217559564
428.434109831798 336.517121086472
692.372713472927 623.207034915455
536.366637203829 452.733036272414
459.933830726752 894.10039912556
479.187038973657 92.4273693426367
399.6828466074 815.014177772999
472.798668203817 383.684328229144
647.183541639701 608.46685924712
398.239818612983 589.00905652511
517.882924909704 571.8284115809
534.117081526623 405.292373925517
578.1796673234 330.117601427772
565.325285708994 398.224931150333
380.493435882127 485.082226834927
531.949847449194 455.774677087667
741.232852523814 511.324905659298
411.986571081052 586.597678542346
553.424375493799 499.169619839228
537.456322722399 301.379924218898
453.146172210181 747.543489910201
509.152691335202 471.584970509091
526.247958324791 622.357119435726
487.745971440285 660.370137555374
593.430429632542 526.007847690922
398.607340069492 416.995399129787
528.090518733653 185.615589081961
459.163829096416 714.479626335648
366.560453569825 280.024304162382
388.670621713513 746.465985207514
460.727153051491 620.751168571363
690.251184303001 483.710617376183
453.092268422335 85.7196307935525
434.588072543574 518.428383678215
634.507774737807 445.245245452876
481.306215853984 696.817595525255
422.948737452966 70.3107329600021
356.819462651351 472.16888110689
494.320418574697 492.914662026323
539.770919772615 281.54268128812
434.18086809032 239.562456736444
480.527971567423 428.496104049872
437.375547361502 503.343521107662
489.825658729468 563.409189152849
314.092900715704 450.797660141825
385.651342479884 440.070114474281
417.878196340787 537.923371366484
445.915805478203 646.513688637955
401.401898047704 422.440326869645
546.583790275056 438.073873237275
536.130114649401 508.234324457262
551.656043820889 724.099638356218
460.073679646406 595.595464918866
517.446058303821 383.382021253113
448.559359396941 562.723701583221
596.920637440454 669.936499802795
426.891848080917 477.088816756419
396.385449804277 433.587172234688
413.47202058741 554.623015202279
567.399999981869 669.341220893685
538.138773650243 319.617084733979
519.768778946358 607.059807257267
487.207754689943 773.111391795798
420.001614097484 526.389450851316
503.610344450264 459.911636852212
624.210630854798 361.710370063726
450.861688295883 198.292409728601
642.811093626211 472.861609618222
368.229082973863 587.042028521156
547.577502268291 871.838775265211
691.861234386444 410.576420910388
473.471193814168 609.690729663456
527.710646898643 420.809285419367
610.48100839011 724.918018361876
477.621559858141 525.055201235458
367.465312149082 281.972405198706
556.859645203465 556.078212675747
481.359503822138 302.060933988553
383.467960687498 471.087635289257
588.391311471898 597.345132326226
526.318659212585 633.68340231481
484.789916883623 204.653631634734
351.258347597031 595.67241565891
625.437044222997 508.845341231182
509.541784851409 816.106383269359
524.796445085102 527.575935680266
441.764759453977 458.928744873867
598.3824206018 325.075900260831
422.048746153889 413.018911280162
446.288230465409 415.902136735781
639.230623633646 399.713327178843
449.557243132585 371.228401346732
486.93869078359 422.873052863378
550.911650936498 262.362942887441
579.470208597049 477.750760780121
719.469305123246 625.057173400649
494.698590249055 215.145508052189
543.063049954627 608.453540541484
451.257872488167 492.39986956331
473.451874554183 533.599150752474
476.868107039308 843.213616899822
503.429064681394 158.808011317994
389.688510244949 405.942894839024
479.652139876306 260.95436305538
547.890669739617 529.464166200067
501.792023471527 612.925747485531
464.24473967662 565.079993712704
542.573936261805 464.611862352231
457.329266688729 915.21028867096
678.770805516198 647.389466507553
525.435376788906 537.942250972284
585.137032219626 597.028741003407
628.1237766644 378.912210408889
618.118449900195 435.748987585404
415.025405288635 327.417314612786
486.782925962867 585.753375034039
570.317603518729 668.070628848386
448.614510773144 529.257464637074
422.416706749403 518.712056801216
534.079971613967 613.495705187518
348.995721184215 593.46463649477
571.227856918543 693.328176426049
713.089094793206 508.415168390449
498.7465833597 531.925687237894
508.725748968703 387.661320443222
449.60084360121 462.599008381
504.456115684069 621.011829310758
391.090546238703 568.048815233401
476.996678077673 603.761175375746
406.92841905358 785.049218335851
584.032354587383 326.005952492417
500.777571635754 564.015925262437
513.585161698733 611.882045405924
589.504806451751 463.781060590133
530.439432411009 692.459143806969
407.049389593915 246.964909964339
438.823105098898 726.374860775967
412.123822236713 477.502858211342
498.042400934211 172.298906773432
533.225268619457 481.930544276088
419.238837777418 493.433809584488
575.45106294294 710.635778262956
563.282131948343 611.303957490087
564.699304264788 617.18556365473
503.837418144336 551.815234179171
613.819156423846 683.122802242877
465.843528010715 423.543483115326
549.525810634799 604.694120614138
423.951625543508 676.470359286629
574.002364899968 597.311392338399
351.706433147879 193.059510255793
487.950889402262 368.920199347712
585.31799960942 699.774108413566
531.360033187618 795.856952290436
527.255920137364 717.02948759872
445.476695331005 606.755745383211
447.345554927541 645.652466249133
439.585739320143 638.567408519278
388.450456196134 626.508435111476
532.941525555765 560.050055384869
422.726920101894 679.389735355122
569.417252300009 497.636288943575
517.259655125068 555.074208936324
430.767383624884 651.967291212182
387.205163950112 365.025649518521
448.447564508022 378.921140701278
752.959825323414 381.656835383588
351.944079270732 505.496990367883
609.008757576589 580.026420856328
413.019048118882 311.241233222078
578.077203956825 836.328372269687
489.999303976232 331.008169665387
450.732663537971 355.287942362297
348.236180360779 415.817236462769
620.518179779199 492.690521942262
514.022990584001 600.053678331035
520.913673992257 534.557582554449
593.688789165579 527.157427317095
283.951215909633 313.184358297727
478.1280157331 293.344230852388
486.275675318779 456.163487518864
365.998603368286 446.686121376138
679.683095065508 620.323265126583
532.717016712772 251.638504087998
393.826920655791 507.48663432537
358.163401754926 281.931872511896
583.743793926754 356.359470034424
501.64205190176 152.699433247277
478.217800616601 950.36435750817
553.976803292321 375.353006517959
442.940532039493 264.348966631207
444.075242131594 639.050100352424
542.806036251635 721.031716967973
581.512844641257 593.707428751035
358.670595370518 178.211004636048
463.486370025945 370.806689790882
469.581630434208 431.934623522469
559.308412148744 288.695601907626
498.445335373725 470.221667377016
556.674366256743 474.475590393121
597.470621002499 214.266304274368
576.114105716781 541.434550961916
482.921433675516 578.127340808854
591.634767698946 609.442322969202
473.668189600624 298.366032423524
489.547851685568 589.990950563756
547.745392556314 337.969583809372
403.056317656337 407.386966869657
540.700172188949 877.508761369376
583.967298295213 185.867564315653
465.064158245733 868.227995403598
438.381363286326 354.299133142034
626.017320022073 550.026450789577
435.705566593563 426.175077661726
640.391555355601 458.021600689331
446.349114371743 584.315730165555
559.704311758325 165.538403102647
575.615869233675 321.737027502616
525.440005681296 446.114951440727
546.104653783034 391.908069430665
480.763919377645 394.557994412581
358.168544862166 424.792934642202
502.113622149493 650.177913677308
597.077710687506 352.324567701946
500.217522065315 376.532563232324
539.948494594835 281.623401611158
550.145895654359 882.155828854601
300.751392991731 762.083849815049
573.07689428877 671.941287930415
493.643062746133 460.620614618951
542.11376765623 706.344657580542
519.412578875922 636.814429665564
505.916583556017 489.80486902648
415.353467190209 811.59502801796
476.117724543221 646.989207856837
577.265003833827 393.646802701907
643.418001594896 547.69007426719
523.996198047403 295.815021947544
584.566486457786 518.285063394234
609.89074814941 766.744267468737
532.481510250863 587.439853902013
606.02019529957 489.780254816545
541.338244838447 404.609146576083
320.159544997731 576.608322229763
539.401140688868 531.029819713711
389.850314776611 457.743416173991
609.476689509463 610.413992233402
563.875847727046 436.947580881169
544.845043234942 292.002127679916
407.477761346306 695.551866118519
506.722921535677 411.211765561788
459.5465492706 604.565134540788
485.115959273538 704.954279921905
393.628114864269 666.810371352012
699.514001827101 811.678692747271
471.095804842205 243.439624857286
335.834567087524 637.544452204239
339.259891915952 320.554300678892
376.339206986158 458.701138694089
447.09708045279 602.881041295333
559.159859049179 381.912249486617
641.327732697725 674.187769870873
556.845394504595 252.600278687804
655.209815747516 497.841244070033
482.30597957854 629.900159065702
466.130980787723 463.393993513049
459.218868122829 773.339269430459
683.204751300859 531.232596529032
544.603816323157 326.812476812474
503.762091108081 486.07225667101
659.731108331372 839.118325062824
548.170919127506 332.267411904974
626.936268587437 224.351176217062
432.331479385668 376.874438298244
446.68968147502 568.405675234449
638.832722372253 483.502512799935
413.66371155726 820.380528483718
554.593122016608 614.077501769146
361.562138352732 518.217357792973
646.055955140409 781.552581325204
521.186574847163 603.005689395491
482.22732200969 185.695821872755
644.650188373902 552.228040540127
444.85273522288 604.442014337412
511.181246780276 553.026569057532
600.335038035866 600.75877780115
480.202483445754 588.15983999343
484.989682397561 597.256870156423
596.360149194776 539.258707577375
438.996250953477 490.580999858319
518.353403000193 240.723763666802
484.126522277694 743.079328407764
594.194496503463 534.02641592987
542.288653358462 541.25309589175
440.820330095787 336.392193280271
575.442451009484 404.276706136541
460.801288896515 579.476408806498
458.659124297325 726.723175811685
480.245280521008 438.317149365957
616.268348350256 528.247290986543
527.72999829398 186.677337437757
470.102661019273 545.104761319144
388.700665130309 549.071878729911
440.78796728011 436.590102519362
524.602248399233 508.897612820705
543.931723370999 442.48032680915
402.747265466704 540.903906551687
556.916619804245 498.575704043415
516.378029359721 842.326040840856
405.312332755007 443.11436824784
449.405850760255 446.747254763384
523.518341736958 484.268031153424
620.826916869722 495.149088375148
521.985972148101 288.240299235671
435.379232327275 413.984674882924
420.398240409218 342.127045111637
448.461091848631 681.948444689086
495.062875370499 557.307903005615
577.159322620404 406.29036883223
557.225128399891 663.389623643205
510.017020389253 375.759124734031
423.324866694799 228.557134621369
528.260575701319 778.474853372933
514.195117168533 427.354709763151
526.825215017188 350.684358016599
642.974171659417 516.275613166559
481.51197262412 574.857593022053
496.60035478132 437.457703396599
453.042812108553 785.805806573347
308.107536442986 337.482799042558
475.006529683373 384.508292314392
513.599007485609 577.899066022596
397.839646591875 351.835650086032
467.190174319564 767.165523909383
532.980133039777 209.160300423685
439.681155805377 568.382280690461
542.835121554579 194.793073475188
535.492711009397 270.473619229141
459.236255837416 563.37912911368
517.950955842678 591.142364022348
620.916185559586 374.103662698603
577.761146990662 410.534202176623
527.82836712925 614.013260088225
647.838900281074 466.679173237742
579.598263597228 545.303228617687
550.631083971659 593.143582689555
657.904852567177 618.359484777352
341.067896145715 468.945644377755
517.057465725539 564.868934904287
437.670300672744 490.719641813925
508.624140012011 448.374813422029
651.104117748091 605.660080392472
570.657322832505 491.412333477714
376.901207131537 273.320990533429
591.932974772231 438.877552473842
542.523176426753 330.79527939664
468.330187650962 724.647690338994
475.003411805679 537.731355011815
316.154781491021 496.125100683788
497.758560850814 624.448394472701
572.40777898594 61.9141012392649
588.323099849033 388.163496449774
565.455920852609 652.933000642335
302.266269134343 494.429744587087
329.624811038469 517.886897423788
586.081360677559 477.136842709491
534.951445905629 647.102015317966
531.07440156941 635.456002743045
397.549655526971 464.781720220929
635.091425956859 374.401484407648
722.365296771889 552.354298328121
413.707092785848 353.875497437878
589.093348701133 340.119300332852
622.001035670293 723.802089661904
396.549806118345 534.541450136613
326.603639448431 590.784064288603
501.953875154004 764.780728850359
548.056352839203 396.976356300205
549.470436796358 471.185392258659
500.53723838241 547.405072397463
436.729997405533 351.040519597735
542.063472166295 561.062955053007
429.816326979325 406.167991359434
418.707355603499 150.064846368823
365.271055712779 279.983662285238
506.989726844484 506.140119615722
605.726435902852 361.864435917884
657.442031506663 403.582639038472
