447.121574497105 508.111355538153
476.100049166324 334.440110560296
612.93295537833 319.791635177128
343.816387220989 719.353125753827
480.938690327888 601.045320738858
638.532006950761 402.844740240231
457.297431958118 187.937639468771
604.767044690336 479.843942406291
543.122252106029 390.722032531737
548.21547769884 524.311544909793
456.830330451839 752.76898897203
425.253610691042 117.511444330324
551.202717862045 777.390076824091
652.663375403291 761.94486847331
619.182722129024 184.75632660047
486.97274955392 653.848140572416
436.659201465874 184.540190930933
362.45408601042 583.669236950081
535.554897219202 393.343498667261
503.86940450619 653.942488807652
604.464167423445 665.36246450218
740.772393589366 228.019392058174
524.511673023731 462.289775968022
240.764686298969 471.62168639204
478.460607141926 459.596573412808
480.367996864729 441.810255925198
534.558606024627 392.587508753252
519.487153084401 168.456662684703
314.987230200473 463.935710023654
442.984773927949 122.182638476745
753.390834747175 619.996368590711
540.975349706302 426.244846978039
499.02189456289 344.771138044637
359.821685634149 739.493774082524
502.312896396457 289.310388423511
546.673399719339 483.349857450634
537.79940260874 507.579707546471
457.468002755833 443.763824476341
431.034776130357 290.163292561373
508.352996988426 157.776121371067
507.878006080382 505.954293837711
581.330714330378 483.195888496163
533.434844853771 416.798243415833
632.032678975764 252.596445092946
535.841767286041 588.583508106156
505.347419332481 462.035939610457
600.369113463405 472.260684469133
582.221097293405 741.562718742529
325.22020800573 682.241614607562
475.172705284643 279.253745204605
446.526349615233 689.517304664359
491.900791802902 375.197878816117
611.918921407447 351.925735849985
564.703303060859 469.566371992481
466.636236591755 565.548025912095
671.519199775192 542.982793920007
516.747241117792 574.603566134152
461.078797917221 332.870204814919
409.320295884887 823.083552150525
442.880520345689 143.087972524613
535.795923383679 298.362037179963
588.947403647799 597.022238092485
674.016949832853 473.382435071975
377.861491756059 674.482930226728
475.608875142502 547.692100873802
475.789814137707 510.462335284511
370.415073675609 579.622218626052
419.890622629813 365.547454221012
681.558608608423 467.189311453406
566.906459318705 406.778053619312
528.071454261708 593.174715874265
547.641311647878 524.658890911697
493.072518770454 559.719277397091
438.062025092155 676.35241907051
526.352537168426 550.164531308474
428.692335657843 375.2224270825
408.640147757985 650.06712295077
503.218065785157 911.573723359747
496.253486336699 540.405227082473
355.196763139555 557.43068997444
436.926376360521 543.030642139676
628.210395977077 443.219598253788
671.165457911301 556.589059529319
583.208922844297 435.697423763917
382.292118723166 319.109929313916
591.163474991776 409.891410213946
388.710325660708 537.174206887034
524.678492191988 511.440914447443
625.624819645854 471.297364710966
500.322594817556 632.504206206777
393.494120678594 496.194207430717
503.970223421642 629.584120968309
669.434348824072 396.195153728895
453.564413615401 446.90437658586
472.908025845553 758.424751098472
411.101046658202 436.414545320219
492.011239546167 783.335491854877
694.054370240987 328.2145295405
523.033680600488 432.742534711777
397.142477970451 338.827510326965
572.714008185662 611.331279077057
400.276050508692 459.705908461958
441.449175283352 551.596029966429
773.685371242001 835.547687836441
614.415604570017 639.989898224223
477.007929027628 527.53932233577
677.551961189215 344.968623308203
423.295406772732 301.012953450634
585.569266469586 464.314225056296
450.343173504366 602.222629802646
644.118469946966 517.665462529116
497.320306285418 633.319057101486
257.258997687834 338.667528521973
443.065955362293 358.193800230053
534.946839792165 465.991067357826
376.841613634546 133.440156933828
518.69374023755 816.026187099049
374.770098263487 355.739925390092
507.727572289199 598.601315855796
579.115641800586 446.305981403679
545.36457807854 351.116561685885
419.333613203811 861.868231784923
636.97105570356 747.363132871386
470.015683478197 331.356555861972
566.086209612349 313.560413052626
476.653828650561 532.501394288611
554.615648697433 506.255467004424
505.526897443508 609.073695852467
529.468873766043 349.557479587205
456.509372211201 271.945412674501
635.800142657228 441.918971591695
256.88831124473 631.576458731851
568.114158836063 610.285623243729
411.051352339325 365.17557498795
579.407014675331 390.782908692361
506.791084637221 517.684744491912
498.77686466087 402.322339630685
471.343075498069 618.497574550887
325.683508615013 424.485420916194
612.693719648788 352.52087543662
507.195795887979 382.6714954208
560.719777565593 798.567360158167
534.321809205607 514.569029459996
496.797034076352 433.942776043768
499.11653719728 165.518554721457
491.735964745731 316.209086117119
572.510234193068 158.016922562859
566.271441211178 256.002890794633
581.097621967685 167.739926852318
486.666161401637 530.04132581524
438.754573723361 626.766414776409
443.671784339216 753.505700296968
508.859383116769 433.392621085083
493.101158584533 659.983042117234
524.569361242568 830.831088782851
481.142842628336 329.700165148249
526.742049890301 493.245680802163
488.113747485776 560.916987358678
466.535303416191 412.870572741656
549.342168514754 484.59372513529
389.8434233706 443.623502828448
599.667769100776 474.694537576485
471.187521243752 391.194854957829
479.020759431 585.171590903802
473.737973827853 192.151638604269
433.948506896678 346.089038554592
516.253317866177 859.02070401584
584.754054801571 292.546694430975
567.800809796533 324.158233686846
461.54609231541 573.664989734428
586.930506233721 401.844737194007
383.53864679108 526.506761580593
513.428762537312 753.26776383709
583.722599950564 410.623690498888
391.804410911394 620.564352053364
599.344734720154 679.764877810062
450.525059124697 430.759052514375
477.975337543157 657.18768526378
409.653147576386 647.205357427705
589.985883990324 639.814633029641
584.483496130483 800.121041926374
500.533224868023 585.676591800556
548.625401009786 712.336682800675
556.473711259364 546.894907074238
592.575972078327 657.086432875617
509.486756189448 779.201676094947
436.62646166611 538.835281193587
455.387827959313 294.461416901339
431.596764350779 821.241089549159
425.084643795165 475.161061565987
520.116984422697 698.827549117068
472.880759213196 289.400080930788
521.829177972784 549.983881972145
426.454041302827 483.485463463297
552.976334472341 604.900186805564
542.134911376278 473.70316024279
421.195187133269 458.342623887809
462.761920961985 280.411198085381
511.854245590223 439.915943886226
629.647215448734 113.240911166026
621.769692792439 611.300538686304
496.679943592424 380.314298678433
479.866940060098 617.749765091747
502.016504919173 654.834012832123
479.707966203472 418.624010087115
615.445041801439 361.6406439825
541.240422184515 270.840725957618
585.499338865606 669.242045306913
550.719987321102 680.664406843239
500.866909394864 298.042714084546
621.744540724734 312.362230347111
411.154751433603 528.504518351355
567.313220073782 440.784785096841
547.618140225281 409.379312331162
666.742289043575 529.253483097986
618.358702355587 323.645334343869
471.413068385631 681.237099164398
439.498954140959 515.990005524135
475.019455498284 182.377768935758
448.802140667383 303.75841262702
527.315458016084 707.322315652111
640.214977043239 512.999413316115
457.579242516956 289.840907350747
530.825406469966 673.315136181844
535.078284065122 583.543354502797
637.118543389152 868.790271775711
591.786975053976 289.177239139921
479.250798521059 713.058198743943
459.371007491404 856.475018481275
524.408219297261 495.016887510337
491.102867216008 611.997305174925
599.35000826286 751.377686422093
602.597545347224 524.16479947248
553.050141872895 669.764069254614
338.803703476969 480.913767029855
534.967263868706 687.138130509753
361.97735678333 440.885532023244
555.758643195631 333.441703085782
529.050546948131 770.985218464584
506.567097431857 417.962912542752
594.550058765462 443.827365890382
669.985241089711 669.578006713688
446.413344215111 459.516947579028
328.82555705564 382.310166179155
251.431675224331 495.289179612357
628.499861929214 453.002090685732
481.11222283834 362.940175380527
452.054668733787 510.970378494603
609.847054935013 339.917617666934
563.417873994343 563.734764355146
565.31270216191 293.659929931419
501.704752211707 803.340303719531
690.704313005974 380.272590831071
529.812902543626 324.433140865075
586.982794783461 1040.03817013495
573.92109229068 185.429342319079
457.771161309705 470.29469780807
574.480049113637 568.367951295271
539.944474258198 822.401151894084
429.65024612943 705.489243623581
278.970123883725 282.576257934057
449.948949578731 360.53645192952
505.398266786866 601.636352551402
447.31095660238 284.586180336376
615.231440953119 377.419050068828
571.137331803867 501.097123547058
386.02319548615 535.044828986957
614.741440986494 581.306240325356
597.576258127045 580.873771537128
473.212839754873 586.90333282835
503.261576498161 255.223534729548
597.355564440183 861.425543622015
593.201309423259 147.292500660286
336.398671404641 375.703391485682
518.238063160141 521.838460629146
694.256166729697 327.24212547317
318.993560467725 262.348505607746
598.187185523373 408.304913730096
549.502098081919 602.909708845271
550.448516675615 522.334436089546
515.356563738559 347.465206162199
442.346866562161 488.611896367184
486.788711249847 416.589773413276
609.341917113241 642.5443505971
409.843325360355 309.233445733739
315.541075159608 318.628806267728
545.805947442645 273.429538445
421.212646136342 274.863235040659
486.016420283953 434.181922865739
519.87906544773 446.763788220851
573.871716408637 431.756983881254
391.550607333948 545.257913500924
480.46773629862 303.659320422905
551.338903141901 602.145348101445
620.004008023156 845.652284702809
566.325683500433 535.031031633831
458.535745107909 361.542640873443
631.525865662826 403.063505891684
420.45970156331 332.223482068297
602.689432748258 559.200621433974
697.943507048737 374.514127299117
412.406990254836 591.058502717669
482.23034202785 407.769422389169
477.689968568491 657.657928398261
436.420581404435 762.538777809259
528.683947159975 729.156310723419
631.431370054785 487.490777481196
671.728469105494 632.389364230731
400.566656040878 830.90999880279
565.438704731932 645.658290863017
442.221715788068 523.183080596159
531.82167437126 621.209239396122
485.584235974993 831.096372508852
394.054136448516 686.097693990872
394.840205430436 545.35672208719
454.379789905915 505.094562198833
608.943586514702 317.068960585457
543.921602979496 527.223136950918
462.669396694471 602.906441014782
459.576350594014 429.311914259334
477.258346613679 258.469784992047
497.89265057985 822.641695693153
494.759043997198 521.268003094515
495.382172908816 502.780564033954
476.706362854057 370.943145367401
471.718878705524 363.73783940516
467.849679108826 637.922636081848
443.280509471496 530.534234088339
523.604616693381 692.450939979973
461.953708145246 295.46643342087
470.657454197049 286.566793448519
586.072413306233 422.11248665237
504.843637349293 544.163924894062
402.867958002238 616.776284721261
506.609606917388 501.634864962034
517.35723231011 751.251074829789
426.541641550245 259.281421938478
471.620953640253 273.439011000216
521.533107822397 625.802179135185
569.035552730625 600.990736329505
572.862669158056 315.326627081416
545.421733840537 576.040980892904
440.224149813873 384.611401668977
460.681411923582 365.725898048375
693.953269707484 784.241048728372
434.692183881744 504.004336565646
393.313187672041 503.795700719645
400.423301972983 288.118515437049
584.945336486228 345.331603446329
369.504556659111 780.898688278579
590.36672700691 529.583219838627
558.506799271748 185.391016507072
634.214344350533 305.052583565991
560.644451713966 402.384841327238
544.662052870611 397.47398308048
555.09260703301 594.413094971731
556.725228087356 376.073911242811
486.576550130625 638.319473499992
622.444392904901 361.675826654334
618.712539324086 477.452549735599
470.761876908714 474.186280432584
536.741443371173 348.938737737529
370.402993171007 658.008203937411
594.426541049074 461.005137493028
561.082814725978 501.272931084017
602.13745449897 221.080506131399
382.916953357101 591.206282852395
648.242163977077 415.20994761779
429.151796042161 540.891580264132
485.496774636296 437.616945945779
309.556760623532 426.182696774089
504.36754366775 305.184174322294
364.707524388122 182.695674116875
270.904187101325 256.717868184033
434.318276704581 380.812451360979
610.50312279555 294.46846985551
530.38935866035 343.847431203775
653.547309610723 680.97999251244
628.625955449521 500.717564232995
548.402144816988 349.441960686515
543.85335518116 471.628552917082
470.335511089872 869.890173195606
527.051301038991 375.630964404626
416.090671196099 263.784086799506
417.86826468486 228.234339713138
706.200166401955 294.578970408538
467.446529206333 616.335357850569
625.498695608278 776.517419589335
605.335787586053 767.234506840084
432.628772621193 446.428971075595
478.511261958357 317.238215911743
494.545961273685 607.124658046191
505.388734760705 234.81624968583
322.214636592853 670.465543490656
635.00067144452 610.435099806673
438.386023915356 585.738674141634
621.33195036797 684.022920505798
434.144063141582 527.734175089266
534.291709410474 577.157703244942
455.154026377886 670.495181308975
