499.703168115627 499.734641944736
499.282011256249 500.447373113972
499.019402054761 498.403729171992
498.832043647632 500.307418940656
498.947160618954 500.810016731674
499.243816390887 500.287668572781
498.607049062565 500.415682447619
498.791377329773 499.48253837423
501.356506632425 499.546121611299
500.658338625282 499.377317174098
498.881887928153 498.739531165101
500.299236502672 500.852229172522
500.410774876499 498.155669366079
501.167165636426 499.960559557917
499.104976792019 500.1550897376
499.06915617883 500.5016404923
500.452716234859 499.208774044317
499.10963240542 499.053587590335
499.952579082946 500.439000180272
500.35944964627 500.767038641913
500.232352727863 500.749717964113
498.329197041139 502.527286541665
500.352198192156 499.604341537453
499.020203188934 501.663423836759
499.203545082121 497.986281279063
501.171530333826 498.133725052251
499.012657136897 498.867422095022
502.191550539909 499.620753131
498.257139162685 498.857823388555
500.504666398211 501.190954383794
500.071494735645 499.844534407353
500.543957593352 500.28482171212
502.225629573325 498.7507220855
501.201376578652 500.219480304852
501.2003525422 499.665244579333
497.689711633695 500.462711677859
500.57781247476 498.161007048309
499.649457342054 498.437445675519
498.641455567842 500.982526928111
500.542751700848 499.315725150652
501.808490243532 500.790754467086
501.357735675537 499.281880011381
500.125728686054 499.294003165886
499.327637529602 502.755396022639
499.919184218788 498.09483513844
498.476008403727 500.064166709606
501.137890784656 499.660287778918
499.927385870258 499.890856826149
500.858028782375 500.736333024995
501.033482412546 500.625115529088
499.876438492018 499.785629500018
498.011366260383 499.764868820588
501.179840964434 499.374776598603
500.574405210644 500.741124428655
499.253493033345 498.649342246758
500.589399533316 499.477361699446
499.392397270222 499.105463082448
499.644092829341 499.442592716633
499.751849965232 500.832520565174
501.150002037468 500.117706771013
498.416785954253 501.237592800011
498.699612368 500.209461367204
502.029906883881 499.855444395733
498.895429826639 499.924188999917
502.157111601987 500.394360195545
500.55762498321 499.575175190583
501.778721084573 497.544685943509
499.324224416567 500.817184868761
500.530280430709 498.652825982337
499.690033259318 499.06339683949
499.99209345007 501.524295788366
500.398947303566 499.077065518289
499.70866252446 499.446907869205
499.748661410814 499.316475442319
500.900880667138 501.373354611608
501.645627918774 500.204319688271
500.167643478859 498.180160438315
500.821169315179 499.458071029222
500.998594036529 499.577084018054
500.112063912266 501.586289811971
500.439237603906 501.369650624797
498.288165442311 498.562130570591
499.671947782199 500.05936623852
500.634385597242 501.05779593573
501.47941411974 499.604832227112
499.87226600965 499.932833148425
500.849537203373 499.20500310511
500.197920428564 500.624391068245
499.84940716584 499.599363907928
499.160838170793 499.838231711394
499.060704083795 500.051595464568
499.313737507709 500.382878255271
499.56481739809 499.507800675797
500.183916366996 499.073360644766
499.550142447006 500.719003608875
498.473282148463 499.788261509821
500.898418730367 499.902382586864
500.918145915454 499.905760629452
500.207241568625 500.297807571185
500.571118048677 499.386299786162
501.179287842252 498.915200211272
500.95734573856 498.110774039687
500.63681840188 502.603151230644
499.290724541985 499.442354561991
500.369163203146 501.124357373156
500.522784902167 500.616258849391
499.769599123139 498.387976973165
500.436011763308 500.788031112757
500.141458281567 499.315962093653
499.830520567772 500.673754466921
500.602886531559 499.409628463492
500.974115672418 500.020735777351
500.711356452909 499.562497995982
499.621670696943 500.312646934976
499.830686399501 499.866273682869
501.47755161044 500.431787902803
500.407376676167 501.673188086232
499.329658899592 500.44290138307
500.581087728706 499.778662803408
501.335993515597 499.519021848104
501.95068867412 498.552734060901
500.432479912484 499.050750302894
499.132959939494 499.112900823719
500.027127738758 500.748991104891
499.55977676014 502.320881860979
500.669451094343 500.601678134909
499.406139164148 501.124505197972
499.358005266204 499.275289381642
500.53076172416 498.531391310074
499.703753327148 500.503137644309
500.580085932964 500.761690529446
501.292276775111 500.385152102594
500.169032281776 502.422581156899
499.609129217489 499.467813069259
500.200376796066 498.809262631356
500.500460809856 501.291123254212
499.460803707314 500.088432557804
500.904411852967 497.918225239359
501.306830948529 499.384925523725
500.147559154342 499.627422965459
500.570850466337 500.1749569911
500.929194966158 498.244578809839
498.4245354096 499.615249581985
501.767096367877 499.901033528741
499.839997759361 499.702870755558
501.587710604754 500.57505383776
500.892262554662 501.10285182696
498.805030325567 499.041467137238
499.954094435015 501.17408279257
499.134915358535 501.117965609998
501.225719189639 499.669316713884
500.574046416802 500.23519701253
499.106163140977 498.630865832932
499.36565364804 502.16603361333
500.755569361197 501.865738668999
499.58730605511 501.205835757301
499.484911728907 501.017360648446
501.123114757461 500.599355599002
501.21901353602 499.393315050653
500.310434607438 500.413424899493
500.664739048085 498.518056191931
499.850101944674 499.671643043413
500.30201477111 499.920143337151
498.606753840368 500.274499275567
499.403501099616 500.10010828009
499.013283234185 498.734201552107
499.750102473505 498.4145310152
498.193921223223 501.254757326623
499.981879466991 498.7330338053
501.349511117743 497.237605979844
500.238455800562 500.095481038902
500.063462153803 499.498471040703
499.820032614008 498.88785297731
498.843654947941 500.784141466423
499.011007403966 501.260197475403
498.968247916631 499.698402772863
500.494224595597 499.936619264929
500.244680984338 500.889389315278
500.720897086723 501.330366180836
499.972649367765 499.421008083593
500.007301923184 499.421057233544
498.540466378604 499.765649035245
499.843137043474 501.105045516877
498.714962661468 499.706538061041
501.704127539168 499.506172606288
498.374574462607 499.24209574034
499.16502558747 500.59117954688
501.398081935628 500.648621160476
500.525000007275 500.615043149313
499.789136929084 500.933555274023
500.21677408281 499.63627995575
500.85195783757 500.255980854325
499.289016374575 498.028335568413
499.979360297225 499.532341018525
498.665096660521 501.52209616187
499.836389041617 500.05639060568
499.560944519284 497.792799064568
501.362344620321 500.601566989678
501.445908972058 500.327949740586
501.598274423943 500.425400007388
500.557671414786 500.228609877395
500.022830710344 500.174091288302
499.070001302564 499.21709374846
499.435422324937 498.994670718275
500.250738557124 498.992818136318
499.709363112302 499.342307643277
499.584895791931 500.700919928768
500.612452832373 498.992908938414
501.795292709055 498.478318747601
499.480269087492 498.540119967117
500.184802399678 498.997044369586
499.143603710706 499.43644085945
499.443106640652 500.623925425778
501.781497118915 501.748739047466
501.038621512688 499.963618120389
501.413266884691 498.852392120667
499.195656442884 500.508983611161
501.335186978571 500.940375985294
500.462408437958 498.955279786488
501.501085416466 500.640049341665
501.326066182774 501.116846332084
498.166868169087 501.065726268832
498.730697912134 499.516724995754
499.157888300152 499.041575120739
498.501116712165 501.324890172195
501.581580935623 500.960789998623
501.608125951009 500.464602043609
500.914285035826 499.932026230693
500.438392489739 499.244939147227
499.666770248213 501.111496800545
499.323725520144 499.777017295928
502.707585557329 501.10529916922
499.693816650006 500.598227768409
498.811390977348 500.534994914575
500.520052628027 498.387589080133
500.034207355602 499.062471560432
501.562434804886 498.895265539204
500.603696089131 500.755600493101
499.100693420521 499.607979968029
500.395356088583 500.500790802438
499.09511795379 499.3012830502
499.932819325759 498.649803603365
501.427585564077 501.654271976136
500.896060921777 498.721318901173
497.677252090933 500.708007774229
498.712494624772 501.138087201964
497.18971663165 498.017901979928
499.163901495351 500.494392627151
499.495411226155 499.676869282709
499.596975064623 498.928312288644
501.82164789086 501.766879736644
500.702870898953 501.505004376796
499.985712739834 500.374034196224
499.15864402954 498.396765502161
500.25553979249 500.232648019056
499.914895311229 500.623350103444
500.588958947435 499.991345321455
499.370748006429 498.171243746003
501.79108989471 499.709744549225
500.866081744921 501.180582222092
499.826262458999 500.267857940943
499.970921772782 500.387869117026
499.810743802364 499.574670170372
502.534138194439 499.985027421245
500.947116247876 500.938401881835
498.824646225237 500.206140992332
500.279267569873 499.764025620698
500.599292868289 501.22384329844
499.53524111667 499.05929208277
501.164007158984 499.173378413385
500.064817515912 499.221576216229
499.956365057756 498.676811203964
501.340876089969 498.109022619349
500.879758678857 501.059058957578
501.694651658575 501.146836201881
499.603369394528 499.381171030264
499.73936106618 500.73253616323
499.23303280627 499.914804239204
500.962399391001 499.613881458223
499.606827944274 499.451255084474
501.793651788834 500.831723460957
499.797112524013 499.761422446188
499.839429052054 500.066275872579
501.428761263449 499.255494044731
498.68741954879 500.244981851885
502.189977007295 501.951681926695
500.494718484908 500.671977802341
499.86718510059 500.293675643573
499.211197101484 500.170109869662
500.16613855706 499.038336347833
500.737044707904 499.185534311391
499.165390634752 499.371918428673
500.186522005377 500.087110734741
499.827183594783 500.932613032065
499.278459135489 501.169558700764
498.770102959336 500.230835529102
499.34701294545 500.309466008975
500.519773744224 500.603852259253
500.542454487862 499.626085029601
501.234940120227 500.626360578556
500.578931520622 500.561650885708
499.249608292389 499.969830754313
499.693404883056 498.610301763339
501.268971713099 500.074043933446
500.479809821731 497.646848579916
499.157615912168 499.60027134979
497.292016161593 502.734238322804
498.946427966194 499.370998680618
497.217316805317 500.055952400682
499.647823450821 500.634873546377
503.122489825737 499.298468322071
501.193548804901 500.02091808823
499.755059129196 500.5844939739
499.226663070399 501.543389453973
500.440633028302 500.895464099857
501.354188429904 500.163183019149
500.910979542483 500.678571409391
499.234316934203 500.533677977953
499.00709230118 500.538202038249
500.224970354854 502.373904920965
501.563310673636 501.388318263594
500.081127730343 500.678818259832
499.62414053875 501.055334245942
499.455924407483 501.715518947735
500.287437705184 499.844539253778
501.816035237892 500.519057166828
501.300756618583 500.535771822747
500.02755559172 499.555578781887
502.29012851264 501.376362489049
500.894642664718 499.901752386132
499.695691475568 500.825638636567
499.484253282454 499.06766444056
499.731508762978 500.21109200499
499.385116534888 498.702384055159
500.113751918355 498.565583837006
501.993307300731 500.038216275667
500.567764686986 500.813065876005
501.946947947622 501.324116199452
501.848864473383 499.804082137699
499.249679048263 500.52964754072
500.902725089013 500.375754281908
498.163722999018 500.735606483421
500.907075506067 499.043500659949
499.024904015157 499.038522172062
501.311386797784 500.961205640862
499.710391603711 501.102972761263
500.336629968218 499.654761650302
499.916668665269 499.714677436105
500.197098934257 501.514845002707
498.799479471588 499.393517503264
500.236666647237 501.36859734592
499.079182430527 500.170991127531
500.670011596971 499.881136007344
499.943422244903 500.320969306123
500.521370958835 499.321663064566
499.187468347077 499.9032159203
500.01945581565 498.912065315029
498.368994673844 499.919625090771
499.767194269528 500.35856241407
498.265472985891 499.121269199941
500.047501494901 499.70084616566
500.931296010916 500.149455227357
497.016509909856 499.13783704475
498.991855160113 500.330728499172
500.822881693153 500.757463018536
499.630039333173 500.115289189121
499.838175231718 499.069991299512
500.806655791282 500.808581341531
498.881111177816 500.130903967708
501.204502054286 499.281980218485
499.714225839367 499.225022303679
499.434832360496 500.816736849531
500.336326418053 500.136674839805
500.14572860919 499.731336239719
499.261858917332 498.816984987708
500.141071285627 500.771586584392
500.710194250477 499.061156980986
498.745933448287 499.056208745614
500.508485378679 499.978621424711
498.581908464962 500.575516200903
499.128843213137 500.466258871892
499.953317091163 500.166235411996
501.777898217203 498.017724766421
500.218548041752 500.681859023717
500.855453275395 500.276997229107
499.451819946286 500.450024185994
501.372473155629 501.294449257227
499.845282192129 500.008542623243
500.337194405365 499.531095343989
499.590360304712 500.007776527988
498.700831248497 500.464327827009
501.108712784478 499.761099894012
498.850661186073 500.880758495952
500.376082511935 499.892396717696
500.841872469502 500.79808619323
500.991278067256 501.174828228206
498.442854542276 500.147858876301
499.563187910848 499.750120106181
501.09812592421 500.283306383811
500.012006390691 499.8792400325
