500.807309912229 499.564549049433
501.2141373008 499.023585852998
500.179065417397 498.915131688502
498.810053206671 498.358988454952
500.475335074782 502.163970752511
502.36687265612 499.94550631316
498.129986757929 499.962707151965
499.078871203501 499.51770042795
499.686161179906 501.082009061759
498.887703643828 499.427033094999
500.007852022986 499.399179777878
498.905502404227 499.696221912077
499.774168451497 498.672694119127
499.886550532323 499.280185049333
500.799013450121 500.697008249271
501.245380969026 500.45339630728
500.344991529059 499.334826090145
499.117596084637 501.888892170009
499.962149091107 500.421164487568
500.055487654347 498.170987012261
499.685098579717 502.378962913015
500.590436213402 499.986910691636
501.40606233848 499.785218118451
501.002524510938 499.1377436398
501.281432621596 497.615506518314
500.553567356345 500.132916536853
499.442698330376 500.657996230075
499.589943567561 500.547318151117
499.279724365642 502.107462206648
500.321321214997 498.932287428681
499.833957561754 498.5379509907
499.290431809108 499.787573017773
500.750943388604 500.739555958301
500.144513623019 500.264878892152
498.807733730736 500.738844384035
498.513202136277 499.173488243859
498.908192670514 500.597709927169
499.582968569909 499.147320190792
501.544461945612 500.779156068618
501.066540602826 499.876177465359
500.821814234762 499.999773523502
501.186608025942 499.157358209122
501.863097170838 498.506173688366
499.931439089166 499.482767533063
499.993094747715 499.169438405079
500.410636323635 500.063680846854
500.891228739202 499.713286814183
498.196888412819 499.235532529958
499.327996025469 498.099983884353
501.927845578029 500.506141527848
500.030258731122 500.590691135012
500.572708428998 500.433784357576
500.949665112861 498.837679359319
502.380437967037 498.424513457818
497.532104056965 502.050108272253
499.104259168605 499.361034025896
501.60725775048 499.428546126419
500.195015007119 498.988994208669
500.071299288134 501.34630155
499.825181540862 500.864075452356
499.134804343787 500.405372299891
500.140164710132 500.349497149106
500.365485473986 497.74391088583
500.012588449157 501.788771763757
500.471701958502 499.309360254671
500.297008531774 501.065708574321
501.571457827853 499.951683123498
500.844968936481 499.765220542193
500.776948098154 499.264478683507
499.646254064754 500.543925763446
500.986045790708 499.790918337365
500.674079748642 498.968224990097
499.215413247249 501.963903186153
497.593216589271 498.713093791828
499.029822799998 498.787130102055
500.344946108254 500.749710440275
498.315592104341 499.912034316854
500.412220228899 502.073815092406
499.966503627859 499.777888550328
499.586577546665 499.454528365071
498.954687764335 500.38905887456
499.548075732286 499.167956053495
499.706726789476 500.758579152529
499.647277067491 501.803626647199
499.181907662283 500.279796150773
500.569288532932 500.343486995217
500.369264152064 500.15099598696
498.43176081565 501.192675939332
500.639020173417 501.819539541529
499.515176661448 500.588475598216
500.499231957201 500.463946499803
501.322447593096 500.689443585892
500.530363108987 499.363918347379
500.997988061555 499.485051046607
500.698243169861 500.159686663603
498.113042279981 500.903915057812
498.949618181432 502.08153710377
499.05757194759 500.827469312064
502.139251337362 501.490590875858
500.283041490629 500.297722618135
499.18407238771 498.741007254571
500.103578794677 499.435339608424
499.194646993776 500.952104886003
500.766088131227 499.462229327571
499.53784993655 501.594305667011
499.656699780917 501.62856968651
498.394680192211 499.207844086075
499.67483284852 499.086716251092
500.036961962369 498.896475318243
501.31467410348 498.756111143921
500.29892978096 497.591201311015
500.091004051907 500.1515052041
498.394776396015 499.196443064785
499.429274286631 498.822933697551
500.040569181761 499.369696804865
498.995471752263 499.282659292378
498.642306252452 501.759633606006
499.924331671237 498.006849021443
498.225146754615 499.124053093126
502.089989507907 499.052962792518
499.235739081087 500.513970379819
498.901270237245 500.25540090419
498.191622983594 500.257900497857
502.204830121071 500.438020787627
500.022151146451 501.227166755477
499.542633562142 499.127213947234
499.53629844699 501.033772837337
499.24592206746 500.322644546158
499.610421488389 499.187796098675
501.336399487525 501.148234875129
499.971381704932 502.06592756355
500.319953410217 500.528465566937
497.456557299467 502.140188635521
499.048441913753 500.248612854131
499.491534534331 499.054243156313
501.063810962768 499.649966189337
502.214942090728 499.003371576324
500.808138472801 498.172879396437
498.800233889031 499.184528903972
497.893286914375 497.217001444623
499.250513437125 498.595592774906
500.392960286869 499.689804264303
500.274845222478 498.977977188613
500.75760404236 500.867660721969
499.468565386132 498.502090856211
500.561194601407 499.80346016599
500.942461111187 500.383096252443
499.672271630132 501.897319263428
499.070166299806 499.570939326674
498.626856962733 500.529125022495
500.720141811025 499.104874034455
501.112488338955 497.916473522803
500.302587234575 499.46001810884
501.040869978287 499.517167071263
501.307955578545 498.829825271107
500.500574019516 500.799626438463
499.211609802945 500.988778010248
501.978227071205 499.689919043162
500.828490315435 499.022441048939
498.258608173247 499.909745184377
499.784760436459 500.634293828176
501.714463852196 498.805406936612
499.285967223264 499.842893099328
501.811055952788 499.334880450436
500.699278273531 499.809728546208
500.457547708558 500.684106841
498.119245206734 499.473355434848
500.194709021886 497.897049423045
500.70515223703 499.556169524802
499.387996072717 497.289397508271
500.731109441838 498.924911789357
500.471347161777 500.422234660538
497.676135401678 500.266803065691
500.594127635262 500.137204189001
500.192611941757 500.68004971935
498.704270069619 499.227734078638
499.82124792896 499.733850556489
499.508677584909 501.508426610468
498.768554874308 500.666859589344
501.457914957291 499.731978958777
501.396420580302 498.653625096223
501.324769972506 498.682059903312
499.762523205826 500.662520366772
498.159133133336 499.571573335512
500.961478360573 499.105998079324
500.114316036135 497.914927303882
500.014875903846 499.822638434157
498.836575047312 498.029649756128
500.327836072934 499.501807776527
499.732468650048 498.775472378798
501.271796394498 499.915432493407
502.153805976359 500.101213830616
500.040818186976 501.938113686884
500.609686026524 499.441169741809
499.931673716585 499.801010400115
499.649722442827 501.208499525313
499.124772959311 499.157139248439
499.896786836451 502.018228261079
501.138242878422 501.196135366217
498.694828222142 499.847176145058
500.572549942928 498.261438506374
501.584143040288 499.632853225441
499.235472096203 499.530327713969
499.61350752406 498.833495470179
499.154387584577 498.996464389328
500.303372398024 501.477449482931
499.979056453901 499.901524590979
499.713197807431 498.654036130956
501.349736684223 501.378592745891
498.598082851916 500.920918526702
499.500978150102 501.221482982408
500.473221380483 501.044883138222
499.678012196065 500.605512251252
501.118361216662 500.952074362844
497.699979629694 499.559282149629
501.044210699912 500.589662150983
500.566549109864 500.385405430728
500.006158233908 499.835623390024
499.43646796242 500.102629141758
500.149366739237 499.298744260241
500.093181920896 498.744409922517
498.918048522145 500.572868287801
499.658498013399 500.504246832667
500.539958754931 500.111704397415
500.132416718671 500.874318543831
499.908311257635 499.602008708242
499.754434369974 500.789218707433
499.853147967651 500.735564402426
500.2848710311 500.874740123538
501.470811232174 501.504949868712
500.354981587441 498.60272058612
499.671585642425 498.577174598285
499.556189672279 500.222569293487
499.426136714952 497.940769587052
501.198547481589 498.993216727669
499.710711797048 500.680654045378
499.404915225483 499.518766918468
502.190470251428 500.419225955047
498.004872669345 500.409568661615
499.650175676958 499.916790126973
500.226892908755 500.456514602588
500.115889014122 499.799924489485
500.140237091723 499.926773589809
500.279372436097 501.102547007201
499.740117346366 500.832511115709
500.372742599565 500.266021815964
499.532461760583 500.878534744565
498.875218408752 500.96445977977
500.006437242258 499.047221945823
499.70533611549 499.858028222649
500.070618245101 499.065421386821
499.488975639832 500.041005216575
498.615949378134 498.907559145381
500.387908594923 498.30212408778
501.098010526771 499.3048649989
499.31276367449 500.659453469019
501.557894061937 500.472499812242
500.166379017172 501.512771464601
500.962818162466 498.479340906115
499.167088813955 500.878262505594
500.063566155593 500.056477016451
500.854700415682 499.084603392152
500.985161902596 499.293959745918
499.564800113263 498.679202239491
499.753850048656 500.609878095184
500.193381528043 500.178296548165
499.407105145116 500.078984874754
498.521184911706 498.962580152702
499.893236006622 499.527262432403
499.660420192522 500.140735968875
498.479336468101 500.463871931912
499.630478869278 498.208960709383
499.54679580001 498.861527514091
499.730946588459 499.22346060677
501.343293583764 501.497985191789
501.357791312246 500.795571663038
500.538502283219 500.27095796241
498.139608529042 500.258181656337
501.585331514125 499.874598471664
499.558822630852 499.840582281231
502.217344243895 500.077610640693
498.566661812545 499.945858211847
501.07130460428 499.430167493709
501.867620627116 501.081212419058
500.574047949406 500.11285422131
498.772029921686 500.053280568626
499.647734118469 500.354562231923
500.329200281362 498.523618861002
500.160590776126 500.308757702676
499.484185784713 498.615383543027
500.263321949322 499.963413791925
498.135739207064 499.847976135328
499.766173595214 500.645260464586
500.279114681656 501.245841827792
497.686899024182 498.703544708856
500.091356710051 500.935811679663
500.655081262303 501.243689231874
499.318757838735 501.074312680122
499.877807551403 499.825797538174
499.222511288679 501.030732710544
498.471751463898 499.530200381712
503.140354380074 500.722243543663
500.691290338559 501.303055103182
499.682618946941 499.858772926812
500.270974697768 501.18175067739
500.229091504925 499.72644689007
498.225377877303 501.20855039215
499.874609510433 500.946084218152
500.30640201872 498.763499814441
501.586196511496 500.145261506187
500.883509212757 498.469440556631
499.423434651381 499.382228237197
499.383937507456 499.002051104076
500.147883098865 498.623617810684
499.289458610396 499.040216502714
500.202852356938 500.889257977851
502.0017608267 499.117700130526
500.745415886763 499.515838863361
499.343964278989 500.302293530551
499.365185897335 503.02008809941
500.67431000249 500.495790623672
500.636274560625 499.736567133898
499.552184846067 499.509639360605
500.575160801024 500.184062818243
499.796208299107 499.880939676864
499.241354029687 500.165932114587
498.864497479623 501.079250851935
500.309857870203 501.56484337081
499.995920349407 498.172968747236
499.617218391037 501.795869916034
500.46484795709 500.51838479822
501.559647672292 501.518230670795
500.551994319629 499.96207827281
499.073952513693 499.697805220602
499.426034884803 498.407477761472
500.756586454046 500.851417144399
499.615122365638 499.682651332149
501.035563185166 500.69665312869
499.484305402109 498.759583051931
499.427389896866 500.107129262216
499.149767637675 499.939260661371
500.320485087045 500.949390915119
499.419271644543 497.6923308781
498.961240066957 499.506392466997
501.302437370295 500.105674942663
500.471345890446 498.689327273111
499.229791748648 499.269858901106
501.103684422044 499.312575695845
499.861471337465 500.906821277366
500.978875312018 501.357799340181
500.118231649072 500.205307976022
501.354462353067 502.551864750933
500.05857091014 499.93506498135
499.659269859855 501.039938771963
501.134443456753 498.96716342978
500.531025004119 500.567535879344
501.197954986663 499.378783578595
498.98968662519 500.454670296335
499.296425914341 499.423517495962
499.324564480043 500.298657932032
501.057194212172 501.03578979368
501.106063119731 500.026129819782
500.300027099475 498.995624392808
499.018468642706 499.642796335338
500.590383268996 500.794397969799
499.532625221541 501.392666424311
498.408007324072 500.396637263078
499.881104176032 500.433839388574
501.245272198291 499.295239780055
500.75771448797 497.927984426274
498.710858016317 497.902217145709
500.989639693319 501.099662360999
501.290236451194 499.585293421945
499.320297710523 499.349753207983
499.496672010381 499.330113606302
499.435641616798 502.376442210929
498.412585766469 499.917838424087
501.086164294977 499.906713678834
499.87480318156 499.566391624409
500.207412489676 500.898254206422
500.782675775948 500.802181466414
498.859250499349 498.913950483628
501.154897180793 499.837185957927
500.522415604348 501.573388298963
500.222222862428 501.895146938389
500.832830902068 501.322490191508
499.258679409271 500.479160447205
499.200513797849 501.25634436885
501.602857585301 500.562958783453
500.259332945553 499.791061146262
499.104770516031 498.247192375881
499.127460937446 501.385984700498
498.524024710018 500.336870653664
500.212935575478 500.480275106092
501.515489672482 499.328040903501
501.829752361728 498.919975570412
498.823719335321 499.095591623891
499.90540810579 499.830998279552
499.256982139183 501.366193786779
502.326934091702 500.436990375892
