500.308087807041 501.174552695016
500.151445618327 500.543406270374
501.716249487274 499.51854066888
499.577450046485 499.249893523627
499.446297219029 500.870961152348
499.072004469983 499.335851691077
500.872852645332 498.919595811523
501.528833308175 500.690829851505
499.759974344154 499.532318259639
499.809561728961 501.537119986963
500.290259968758 500.516668539451
501.036434938577 500.237099132245
498.880948118833 502.126601738698
498.126870132157 501.091206343594
499.424691542114 500.59928061655
499.459814980174 500.761082098505
497.909757733859 500.120877587797
499.742772284356 499.343337727689
499.871311203843 500.157218149466
500.989898035058 500.175026263526
500.440382769202 498.986772083749
499.535591356869 500.058258826572
497.900267594789 501.503101191266
499.991037815438 500.655273666066
499.067930868166 501.247125217362
500.160192496384 500.307628746973
499.076256544455 501.041264267746
499.775139951394 501.951013364585
498.596165598862 500.236509008095
500.621193067049 499.654998794958
500.723604633483 500.035114200652
499.176424988473 499.268047879849
500.703402951429 499.501268833303
499.89056048397 500.924746014981
499.272114351205 499.609858549108
499.112584893352 498.343898861915
500.556420649155 500.902746501219
499.352597551435 497.383828561447
500.0902386066 500.201001558634
497.785485221017 500.472355442819
500.705288803197 500.387157762269
500.863353962614 499.736507304487
500.922109371316 500.070112853313
500.686993313644 498.357803462655
499.846799660989 498.37883314205
499.475030945997 502.108695872077
500.559828782521 499.4518504455
499.064845443452 499.191155008089
499.468991934396 499.65661704233
500.211711446016 500.088988480359
501.473034911013 500.272132194756
498.441263778829 500.490986101886
500.133777294918 500.037203485478
500.589380599117 498.50075923159
500.295745534012 499.78463734998
498.798813436979 500.508227416266
498.770737343639 501.222859037228
500.693923793044 499.501519640385
499.442285321053 499.45484091009
498.592901634671 498.72907847492
499.532949507502 498.213969238554
499.494416329003 500.896377154908
503.252229247659 501.524959463127
499.657799132429 499.234089624342
500.185917932784 501.445434287907
500.372545310276 501.359678292024
500.717001823086 500.257121197089
499.629243113676 499.477653656406
500.77416543839 500.59002104403
501.717123184147 501.557674748683
500.067780257531 499.687213478525
499.769605797544 500.462644986228
501.190788226061 500.017245981439
498.481365573459 502.072055542006
500.287402128073 498.064473351334
500.747666218956 499.150606322197
498.350805743645 499.881375833974
500.074336457885 499.872817296543
500.656846158732 500.064175540531
500.843474141111 498.659047983935
498.493378877993 499.579438460049
500.191354036578 499.465728833157
500.789308009178 501.667138434294
497.972200822327 501.469574351786
498.201385660833 500.413167162036
497.429803056698 499.142325902572
498.889040387814 499.507976116481
500.315089971808 500.441632014077
498.748989082403 499.84655331235
500.657551488435 500.277709223203
500.388142910189 498.327667304292
499.205664012283 498.36187727315
499.630725012411 498.323218305248
498.5499914332 500.655060598346
498.945444364098 501.002085516273
501.459451143469 500.453793659467
500.464193859401 498.655117269424
500.449644454334 499.275214898848
498.609162436761 498.3615238949
499.601774176952 501.7204890824
498.972596523095 498.555196751356
498.789452806525 499.503059683215
498.216198802485 499.51922274548
500.424146445208 500.425489374539
502.608011536419 498.094324780145
500.738868185676 500.014969709712
501.615607104543 501.430265723645
499.933873559163 501.123969399234
498.986381723337 498.501413140493
500.578685679135 499.853141579659
500.280711733853 501.355506337021
499.979366399563 502.103733408487
499.657325869566 498.812966622715
498.941120610259 498.81822081272
501.642614842824 501.016289565798
499.268497868657 499.875901625304
500.095395729931 500.239667452912
500.520466794701 499.471331351954
499.685856389706 499.561358819086
498.008745619466 499.883485826915
500.831327219905 499.319809165048
500.409920876271 500.049268274016
500.206618620958 500.181113667366
501.289752857812 500.788813517093
498.798865287061 499.823854079641
499.593425570595 499.421871929281
499.892240079807 501.261461346268
498.568696490771 499.619403733619
500.853915475759 500.200169479005
498.970582309968 500.703500231363
500.301780839085 501.046420787285
497.858683000637 500.318234908801
500.534671508922 501.694886641249
500.825781247606 498.901287579409
498.355595814551 499.461777168161
501.261702677193 500.6048561396
500.156440239236 499.502811854119
498.864900103814 498.705997325696
500.086204312737 498.12997786496
498.806685339416 500.102487079466
498.928004959536 499.974214057653
500.813537893206 499.771798726776
499.957774906259 502.378055888389
498.929307230677 499.46018305865
501.382752955284 500.030332363413
499.364528429443 500.357822342645
498.406333312746 499.545432435513
500.595222947588 500.690248022231
501.25276493197 500.685657084889
501.120717177068 502.12186852203
500.80160532662 499.170350943473
500.025822750023 501.477251283506
500.027981903106 497.815361879599
501.226193665119 500.992644149422
500.974447690206 498.326247311371
499.183872050697 501.175712163617
500.077596922873 501.05267697356
500.467834510295 498.628699943497
499.863933222565 500.415873864124
501.878177918896 502.945765470206
500.28206597745 499.413663555364
499.64882097 497.506437866101
499.354479354972 499.348344367897
500.311157751935 500.9725049403
498.477475374297 501.569563133336
499.761662004636 500.182552146094
500.162730278891 498.998017744482
500.171142363978 500.012208888008
501.09583408084 500.19320356739
500.056928712798 500.386892936019
501.275684719889 498.963222582818
499.49694541276 500.196945979286
499.885035696158 500.549810691002
500.987370752583 499.418014899705
499.382661926556 500.08465168797
500.546990947042 499.071559747592
500.929185759091 499.75092472254
501.488820079259 499.871192454527
502.753983463668 499.310627558695
499.661280532641 500.794798872513
499.543240065708 498.397200705529
499.769782134388 499.615741457314
500.461342610537 501.703540191375
499.651184025338 501.109599559721
499.272511684345 499.15164636036
500.033623998496 500.01415766016
500.272264225941 500.369929463353
500.113696124468 500.066028323731
500.704152976548 499.742231642711
501.506268906121 501.616113639191
501.162959859131 500.577775282349
500.839576910456 498.72683549733
498.164790277586 499.575117964464
500.229309432218 500.078760512978
501.546462279927 499.149546659184
500.932794168249 500.898765346769
498.688545898637 499.546768683305
500.791645658695 500.298433417991
499.61786658501 500.357588423183
500.524573842647 498.454904863982
500.934452064714 499.913550920969
501.556809162607 500.827327573416
500.279407764761 500.105571203326
500.130422982692 499.552022370953
501.465578566273 500.613506674652
498.935646422172 500.141744744565
501.349124810248 500.36728890288
498.836333636981 498.910611474231
499.122591774431 500.041933808754
500.471031182813 500.511406015956
498.385387098319 500.735894215989
501.361414758316 498.144687317802
501.320450281818 501.262530172337
499.037547027831 499.668616749916
498.731492468928 500.070530479798
499.955295340905 501.141378887813
501.450959036668 500.492507377686
501.753465746949 500.271502548914
499.634520810245 501.362880962143
501.943929593348 500.170924753432
499.882858023092 500.462376631132
499.505489472853 500.27209356767
501.534963637214 498.248497270455
501.133687349506 500.924937441858
498.550693687521 499.74928965948
500.019196742951 500.029690719099
499.537944150005 499.358448773947
499.951435338443 500.396211493525
500.420850859188 499.167493863982
500.272169035859 499.234895332263
497.865825073268 498.057048567039
500.118861148918 499.618503848306
498.876485487819 500.38248388308
499.417654327906 499.242104738605
499.345118162973 500.843255471362
501.037148888538 501.060946298853
498.362237302692 502.362031083062
499.583452928047 499.101164471496
499.177892424142 498.106590893565
499.749258378166 500.58752076043
498.80991815137 501.123903507327
498.845131748626 499.568356635283
501.530205962492 499.576151640369
500.155147250522 500.661103518865
499.654262686247 500.215773172586
499.070423950823 499.025911859483
498.956633878495 499.75886433956
500.474636504991 500.90344492552
500.088753646292 498.865384610614
500.712066642288 500.778624538915
501.50851044993 501.338007569083
499.385725506287 499.428641121215
499.459614592078 499.977891223797
498.968455859342 499.689045669397
499.241834606231 497.019583316679
500.347322125807 501.98389203236
500.423260990914 499.731102477154
499.862571769493 500.152314040187
498.581028416348 498.986906628952
501.876686557721 499.158310308715
499.872537835023 499.694595953575
501.061947742088 500.504910827841
498.660391525562 499.432973884594
499.026703266306 499.631045982548
498.849589156468 499.62907723449
500.485481513295 501.282062752853
499.369936143541 499.603550747565
499.996291595784 498.47933330772
500.724669558582 500.992189756073
499.511152398411 500.046133767558
500.80034167133 500.751747473089
498.375011655953 498.30192530173
500.292125436801 500.387243774281
499.702459531786 500.282143479446
499.685312471526 499.188328719513
501.378759975666 498.599775112733
499.781888976998 499.634951480244
500.363615289931 499.251038171318
500.749116601042 500.944179336593
499.82001504128 500.795601827822
499.767388752212 499.547326223909
498.169278678157 500.360902414201
499.293122869838 499.70849707255
499.505249984486 498.380059218415
500.664696749458 500.003037824426
500.422916493171 497.892111742849
500.424232426931 499.596612077453
500.784328295594 499.292182322245
500.203785257329 500.975884954831
498.283496147399 498.667602644537
499.871883425268 500.880776604656
499.240027208538 499.701763838581
500.527186658645 501.694421896294
501.841843549344 499.532334495814
498.099658099666 500.2690355236
499.488491900267 500.680932036835
501.156511029491 502.44654318419
498.290749192055 499.691182990121
501.240070871977 499.908109270817
498.822241961215 500.74254743934
499.91557810335 500.127267248283
500.841410417227 499.756055995475
502.48282468182 500.186281913659
500.859943852969 498.056441054703
499.70987283697 499.931151551058
501.815303999003 500.082845347821
499.486101317021 501.026045574309
499.934633695595 501.199492707312
498.439290842113 499.275970165332
499.907238938164 502.065581345192
498.946972803354 500.360425643121
499.848643152151 500.358807370467
498.178332654368 499.11787227375
499.784846601581 502.087066419923
499.868186849224 500.373406763467
500.124864404623 499.954367589356
499.854054460309 499.742418495066
501.044309429681 501.050520565212
499.002073795297 499.061174823618
497.764795968187 498.802065246762
500.668806484183 499.47770090559
502.412960176744 499.795324717789
500.101072743344 500.167000893057
499.825398030364 498.445705575844
501.608048464378 500.738930008402
501.158215856841 500.194748471722
499.216787571926 499.695743653606
500.097501696477 499.555730227734
500.428353522605 499.239095562216
500.250592722938 500.654302881926
499.723673903498 500.117277447232
500.1156414738 500.36482177333
500.49123225814 500.062427396901
500.186179331411 501.374361733705
500.995635183263 498.099879577397
500.349433172466 500.404675435656
499.886831364581 498.348547411273
498.029710738837 498.908296648282
498.855336986205 500.667272070619
500.307032434005 499.81607864314
500.793300868074 501.603335930816
499.567025441313 499.677205455295
500.147978439408 501.327766682855
500.338814236091 498.634824932411
500.648618842772 498.81562130009
499.960630778747 499.53251235551
500.092906491384 499.962068407423
499.822309093024 500.883678765877
500.285403000898 497.98677353248
501.047844162644 500.148815649218
498.919490974174 498.773077589174
502.050209673798 498.231796188164
501.123410683331 500.807386532079
500.738177893261 499.047473315624
499.946843565891 499.758429300153
497.420654546147 499.80067360553
498.76264061172 499.139497623188
499.597868586131 499.470498538043
499.464675338643 501.302389483453
500.344709326086 500.223058131279
502.078082825049 500.161878212228
500.291708966705 499.782824077126
499.142778497908 499.984881792294
500.687890296381 500.4807014282
500.817214715761 499.632557215136
501.571184285144 500.226415589235
500.322424882693 499.78090437966
500.866068053197 498.830948631763
500.425940759581 500.021621225116
498.754594897541 499.942811829684
500.060779869802 500.29404783481
499.370191627632 500.663663666712
500.446097867367 499.300625053012
498.39929210952 500.407110826796
498.5405066119 501.202467436484
501.700951428915 500.079360894296
500.126931251533 499.804864662039
498.635673449452 500.092912026323
499.777636581716 500.926614582371
501.232429390735 500.118240235609
499.290724875563 498.780590057274
498.88795087272 500.028211485437
499.732213630418 498.64936487033
500.438859379961 500.825995130981
497.351281188003 500.001266240398
500.053774699514 498.245978570814
498.809065530739 499.884702239279
501.77556658947 498.516096671126
501.192872465962 499.782585832326
500.634975973315 498.57820647862
499.082462939145 501.149807717832
501.732612373167 500.562756292301
499.036863291091 499.567085443587
501.073958219247 499.545309109744
499.221121159794 499.590905323626
500.558762365538 499.80607000007
502.030326849063 498.117231515485
500.310855339119 499.041620054731
498.843313350626 501.049468802922
500.073305668282 500.999799997002
