498.011924518929 501.00497131448
500.451325741039 501.946031373813
499.112745871698 500.887951682631
498.99043361561 500.37696052201
499.732134565756 499.859346033773
500.006444831886 501.907481037277
499.618214117771 499.937558264794
499.772003401334 500.980137594833
500.49615757675 499.645677967294
501.187249875751 499.340501986217
499.23696114464 500.849360448928
500.447019336076 499.686485479229
499.342682884242 499.632287231977
500.554006781167 499.947134646408
500.874605548517 499.180690704776
501.72005612885 499.805983415374
499.366598709346 500.22926679122
500.011954097575 501.256997243784
501.042619548546 499.915692252315
501.212481084774 500.858034805828
498.714198052816 499.346667597674
500.808966484125 501.322624500947
500.523378059135 499.564528690232
501.171538546093 500.292816217861
500.09378359482 500.368011918038
500.035949049839 498.77301689031
501.020813257803 500.210961629069
500.003108171113 498.945702380491
499.943608494836 499.078532944128
500.606138008787 499.709737812811
500.230769064634 502.247309857685
499.561065127251 500.873578076616
499.905735180673 500.868827872021
500.744495742583 501.312293608598
499.248153005415 499.414361674352
502.359714402775 498.22145919091
500.143746147681 502.694656579438
499.730517518414 500.378904409196
498.392425727757 499.629969161748
499.619043995555 498.869921540761
500.118945059335 500.768066273299
503.09915417211 499.598466583356
498.467136621749 501.485664623594
502.23503362742 499.306289035667
498.122769203795 500.635554495527
500.268942570179 499.760884675097
500.155430839274 499.78222641711
498.921013155645 498.189619091903
498.959202791192 499.743519890922
500.576752276396 500.856328962119
500.789975305134 500.370745160078
498.870457107604 498.132213170997
500.722047557319 499.057517884848
501.727999265171 500.188723152562
501.300805721282 502.227627241724
500.246930653728 501.176185425279
500.847323728856 498.92770600565
499.796594187871 502.159148869709
502.08339199258 499.62330604961
500.15343135156 501.420088917064
499.557159560996 499.141015788945
499.872447190728 500.145548365927
500.205000053201 500.261913427475
500.229476269519 499.349030531342
499.031369204601 499.635844780058
499.115538108241 499.461313628053
499.846897290218 498.958766720624
500.744119153774 500.838213062161
499.864995412294 499.908665840501
498.427118235945 498.94495330495
499.674460492534 500.975269062196
499.900383261385 500.590183779696
501.241002192377 498.710636837178
499.136511219834 499.738968175154
498.722566466309 499.226483134978
500.495191444529 499.61970423934
499.832475014286 500.552456146637
498.340538579358 498.219992856434
497.780223332291 499.616584464379
499.44388954315 499.2259767874
499.28268732888 500.293203087034
501.332910171416 498.826388244103
499.962353537233 501.689943752771
499.883864970669 501.367420263329
501.153709486018 499.825226336057
499.384741799619 498.978973841028
500.381441958837 499.805201495169
498.692678883114 499.826146083538
499.531050168838 500.130601729613
498.949710787982 498.552294778067
500.663520932249 501.794153841802
498.157035964342 499.775408538695
498.97155652739 501.098839668303
498.865990646005 499.687261449855
498.630997705865 499.778691348427
500.491961973809 500.180501373848
500.824539891405 502.486844697856
499.666770546757 501.579869843222
500.676920323574 500.781787542774
500.945752014942 500.538729348236
499.429162811255 500.736315803025
499.41162879265 498.108058284648
497.962829577979 499.11724451116
498.519701052009 500.168747184091
500.380306398044 497.094491327639
500.834975146044 500.078794985134
499.822242862053 498.746674669479
500.369113106695 500.772747117101
499.31723293654 500.806051926471
499.433851085557 500.040871560417
500.481381451367 498.42556658642
500.539626250496 498.905096374997
500.876793830994 499.560216535486
499.175949334478 500.761196733971
502.381324046336 501.618103446092
500.792899497281 500.863682151013
500.342743511828 499.943296442327
497.240417181307 500.848096227628
498.821112153499 499.417754315242
499.311458615255 501.096808294769
501.212500625278 499.812314017942
500.148173671804 500.218378643612
498.176353539256 499.636818282687
498.756117683166 498.324893684782
500.280354761945 500.661140496831
499.707723552447 499.031733137633
501.130479037667 497.495058911816
500.784855857307 500.254247619724
499.766468497535 501.747872419523
499.411174562932 499.427071008793
498.716577594365 500.617380679098
499.770130605667 500.104103915012
498.977103439582 499.5701989076
499.708129614869 500.55150325032
501.909291897067 499.562130497204
499.026475924957 500.308868575549
499.617387174829 500.344663219613
500.187066820768 501.282261476971
501.956901913025 500.031103813842
500.172232767807 499.700389450939
499.916295771624 499.945933784505
498.825754537353 499.431551555133
500.247983731382 498.109604260966
499.24090821903 498.873139027455
500.158608757399 501.111829112387
499.182548603767 498.930306335463
498.794962620655 501.174894088318
499.420997326013 500.468012410326
497.981021660641 500.766908045483
498.161045042151 500.04432528078
499.168270893414 501.396628481269
499.383627172135 497.902081819546
501.702587688327 500.507407288098
500.120517685093 500.07451528094
500.706939872528 500.047607351909
500.04442582643 499.48781778678
500.463567471685 498.865817056671
499.671879934379 499.447501682674
498.641052085234 498.928237635628
501.588019285885 499.177838091522
498.35322991467 500.885196438394
500.734642289268 498.733603599325
499.173196193285 501.41830101942
499.512523407405 498.815573745815
499.263017502993 499.437821094284
499.483449243007 500.837310814925
498.914893243106 499.853241522933
501.422850470117 500.77256621247
501.898783109994 500.075551830089
498.906063075706 499.037660254724
499.944279468001 501.245995069868
498.625742984911 500.645803083113
499.858289320438 498.433606320626
501.179368210138 498.830290574213
499.979165723636 498.666379257354
499.025104111559 500.167293050103
499.110104412524 500.260895616371
499.19569860561 499.045769909961
501.34122091409 502.127403381224
501.277560895369 499.938367537702
500.532762188807 501.824789306203
499.586711999326 501.882570069408
498.282261116384 498.386166305942
500.616627945822 498.009235282899
501.440540152548 499.233422907379
498.914655559338 500.346422361701
500.080979542392 501.169956425216
500.404126739884 499.482432427769
499.191703282547 499.633798590401
500.401880364025 498.83969024585
498.654752763307 499.925538352973
500.715203362373 500.798987157378
498.6653379863 500.097208303377
498.403618805884 499.740302814869
499.258445237907 499.151098683913
501.889703338484 500.81079537514
498.354466362196 500.971447996528
500.298861221928 499.531591555604
500.585599301157 501.986906637692
499.888713697085 500.354856583821
499.860155095658 501.075940370195
499.846324641363 499.697152528636
502.667610571736 500.172090265388
500.888450017897 499.526720294497
501.272645183496 501.210156480467
500.220814768776 499.051121948627
498.52036535798 500.374621788618
499.454024512644 500.338770191261
499.933287823596 501.543721717498
499.924919763002 498.647292064096
499.178676400689 498.848969607192
500.554248584577 499.990410389889
500.66480232068 499.467318278959
500.327030944264 500.072872945698
499.462369775785 500.477272173155
499.451326659805 499.609161429392
499.99059697409 502.194087158594
500.074435544309 498.842878415873
500.421608551227 500.169718401734
500.479340274768 502.136142250666
498.266639522321 499.398405497534
499.235197957425 500.972676812628
499.854127786957 499.977850358715
500.548763621838 500.206755649889
500.554005069261 501.049189854939
500.382574795688 501.697335494215
500.811566121653 501.972393550008
500.604530417611 500.050244250921
500.058835236553 501.414775750113
498.279113743147 500.204786310625
500.139100306971 500.463958254817
500.078689921622 498.670121096302
499.163873671712 500.401213158037
501.830728605333 500.249532583416
500.852127440489 499.508949575458
499.302375357135 501.519337355185
501.135933640627 500.751843427732
500.189692208438 499.643380510295
499.023015731681 501.076812100193
500.374889931897 498.616693779299
499.103945937514 502.124197026849
502.098517892709 501.1731972433
500.018351011542 499.91708055863
499.364492437952 499.674262942611
500.915703570871 499.983922261564
499.526104899145 500.105805297707
500.174496057197 500.500848459164
498.704217601997 499.215187948885
500.499591820944 500.622674497891
500.673490800942 499.786576862695
499.220656619513 499.289723886113
499.721549113022 500.923874559229
500.398729418375 499.586115060391
498.3544665875 499.91921894334
500.43383821438 498.814270839388
500.325212970824 499.566310168645
501.494152612005 499.320578533706
501.317933953702 500.531441175599
500.229516517997 501.767857808234
499.447489029504 500.054432988544
499.113137657288 500.901504467804
499.835922415885 499.795944877194
499.018106129291 500.351886009662
500.657526273586 500.784198628324
500.384835716138 498.970507784538
500.861589037903 499.268162037467
501.210991236869 501.292862694504
501.647833843607 500.025323447187
499.485690662331 501.209548951311
499.767387754946 499.382804144066
498.547487521232 499.738751538623
500.387140049032 498.312027112808
500.66543431324 500.380448038178
498.755216978656 500.635420016857
500.592738197317 501.073845759345
500.731526602648 499.589643273497
500.360537399028 500.053836020184
501.047294612394 499.728274509485
501.237734398452 499.304939609881
500.754715109841 499.674981511179
500.585568796442 500.496865296072
499.57165441293 500.322867714177
500.073636661537 500.423817668153
500.466273313456 498.640362788119
499.849044933933 499.545818851238
498.938751771673 501.861032793035
499.302285604674 501.177090146085
500.035645836052 500.757222440279
502.251017816242 502.094737795883
498.745595512531 500.954395875924
499.645200424993 500.742434703575
501.58656681724 499.395911185477
498.832916776962 500.87666723311
501.187961323315 498.928453033793
499.385082454936 500.830193491612
502.487292577743 498.294780738925
500.767376637118 498.121939523177
501.780125220947 500.70806789709
501.296149034572 500.095929057092
500.659736392834 501.241166816497
499.911234292866 500.406906589042
501.486024321632 500.621035636505
501.136233486392 500.835395277505
502.050850955971 501.136643274723
499.913959129824 500.332271737652
500.945975654746 501.228521950399
499.615814508909 499.870288145942
500.659412514218 498.745995835576
499.915633128574 500.988851905957
500.722253122748 499.952170656148
498.350578708905 499.6775087156
500.23755817793 500.186185178261
499.734367479077 501.057823035844
498.96344301824 499.410541492072
500.310642283108 500.468941716813
500.736133597073 501.551000185407
499.55661812769 498.18495980391
500.755429892562 501.087741180115
500.837485251838 500.024950192716
501.838071215155 499.289022241344
498.576076876428 500.892572992807
501.038801759212 501.786880803514
499.307618927476 499.76676762893
499.497189304838 499.559563946023
500.019971427243 500.502645796713
500.492254756431 501.178190456795
500.319381784567 499.974819616322
499.45041132014 499.071090715475
501.075821455531 500.553090459524
498.942428221214 499.132323028491
501.844759404095 500.116919228931
500.994024177846 498.748793980742
498.667139285013 499.192675905622
499.243979752155 500.768562575144
501.114555514056 500.125146407589
499.451832411071 499.550905557171
501.171207011112 500.166743382284
499.588454168143 499.156184091702
500.948150961964 500.766719899477
500.272615641693 502.244074361919
499.946581637239 501.698841967151
499.907551772483 498.660281007199
502.054548161182 498.68242370117
498.986356861824 497.973808993118
499.701490759694 498.836229437797
500.125493836512 500.683445153622
501.607211035087 500.570685762931
498.331038577028 499.69077111356
500.09551289243 498.115073580305
499.686030157585 498.609970732411
500.766826446673 500.396347765948
499.379843987878 498.916111083034
500.233078585179 500.473327420518
498.829608957758 500.168023377965
499.830522213401 499.782056705594
499.680160727701 499.986208170565
499.636483897856 501.889661168087
499.814197647318 499.652432085429
499.416294446492 499.416441024638
498.755647806227 500.065368512806
501.293821120821 499.481143242075
499.054145816689 501.527873752892
500.296855088768 501.248272195058
498.539376652843 499.712079824713
499.118335087952 501.353362723068
498.453515722993 500.094091455508
498.544872475055 499.435151962534
500.820204377287 499.572412243474
500.196269723962 498.999893403728
501.781168178823 499.952024889177
499.89855176103 501.571979707515
497.88214639395 502.097865111072
501.147536525517 499.910503820978
499.689015180569 500.675942179112
500.297532499183 500.273299836291
498.051252205471 499.289991999153
500.504582168651 499.556517717015
500.092962359862 500.435009305475
502.178667876723 501.007111907666
501.426891294013 498.14003175978
500.892084794936 499.798253937614
499.297564183386 500.641777487959
499.168816916983 499.034884036484
500.667795362539 499.426763070154
500.587166847619 499.484286111553
499.31900963386 501.112713060436
500.487371666414 499.843809477289
500.628126683418 500.210817292562
499.115119416179 500.321161957803
499.901419657343 499.525501635402
501.725860633438 500.756091326119
500.516240777387 500.375360120698
501.343703525025 500.85326625498
499.423613299868 501.290384912503
499.811145901706 500.051089389902
500.980081076526 500.806523775648
500.350892178175 498.731198489181
500.041219839011 500.017780628175
497.660700823264 500.649685496179
499.698495945651 498.862505845938
