499.08551449171 499.496365346625
500.221323429264 502.11020920707
499.067433057878 499.739346533343
502.444176292586 500.032797844194
499.980972363483 499.232390804386
499.758074226325 499.850445403367
499.516554444075 498.406720337875
500.816990890699 501.581555158984
499.291914834731 499.667960201009
500.540183419172 500.94096372257
499.56727296986 498.765500141403
500.897170462704 500.542769402631
499.834450800468 498.61806344554
500.581596032278 502.075238239344
500.822382369863 500.916612263112
500.420180473629 499.600537077739
500.69308108256 500.06794372473
500.907404409093 498.814979299456
497.58204723323 499.473473338421
499.527458808007 499.761470667586
501.740594974735 501.8096516594
501.069526168506 499.319989645764
500.902285051096 498.227008054171
500.314619766769 499.84589594816
500.026029273831 501.148303855346
502.054812982274 499.163755101462
499.442518130361 501.147401189856
502.083049565429 498.864190600331
499.594154561565 499.337946550129
501.832859063312 500.482225744303
500.701347187619 498.808690494547
498.325494325231 501.811479427868
498.848332674144 499.71000073035
498.185595312819 497.824926748101
498.056309562718 499.500242716256
499.518862298215 501.897929966291
501.016684467365 499.929548752466
498.750345996845 499.594512675763
502.34244786172 499.402717248928
499.687414045155 498.287352374198
501.681346698201 498.813236860472
498.227950606305 498.973978443623
501.52764395388 500.251280643311
499.886589982469 499.358961877667
498.602732346314 500.008675292325
498.717549256337 500.208513802751
500.876647855838 500.97663306726
500.859527992735 498.947125159709
501.176730081448 499.112891758045
500.565059307725 499.800242451676
500.292375829909 501.009422040561
500.181112701883 498.339529725008
500.144348752519 501.240810357938
500.358609266511 500.062968146714
497.851443778704 498.168398710248
500.752374435553 499.048966041073
499.838125583042 500.81425020408
500.943419284485 501.439050711511
498.041880067939 500.06895762823
499.647673720048 500.549617162724
499.935888614197 500.333974933287
499.596501426611 498.593238803586
498.933653990824 501.700697212479
500.418680251158 498.203018074579
501.018678189803 499.303151716944
499.381638388697 499.654556110712
500.580796998429 500.644337861827
502.439601591187 499.312997111623
499.62594391098 500.284056021128
498.38061110317 499.835988286266
500.27180139933 500.649224258922
499.443903791587 500.91104266993
497.860780190669 501.268074460875
498.656668048591 499.949754603061
499.686569549851 500.275185017127
499.367380380085 499.778337518183
499.462222985059 499.619416435767
500.366045711874 499.026111555001
501.495044414594 499.768354431352
500.357024743628 500.878982910499
500.867678456708 499.485420674031
501.540924120561 500.686082246098
499.617220203619 499.064199665699
500.215826454184 500.517028823983
499.502821797126 499.875978322453
498.434569925169 500.580540499094
498.990799720197 499.956616723496
500.282623076186 501.618752622466
499.482411901823 501.130353182116
499.603971616025 498.862654798417
499.324122228304 499.168874943891
500.04975005595 497.710993407488
501.648552341131 499.03165699866
500.552300667019 499.905529515688
499.488406344628 499.969519783584
500.32982274158 499.932709409883
499.465836301797 498.067737866226
499.688061113729 501.556677980088
500.565256776739 498.853821854817
499.58219176643 497.914305153034
498.901987731157 499.29309966457
502.436933539729 500.169154977666
499.616267881872 499.71481437166
498.988798458716 500.12905343368
500.788174634739 501.099485012914
498.048682787029 498.633810745532
499.413680773857 498.989504546753
499.530517616291 499.992235857737
497.828060401829 498.074794241472
499.723805568305 499.273881314633
499.318699333926 498.873643822576
500.036219769527 501.289216000104
499.871027954394 499.726326551576
499.226480140749 501.40109312658
501.017007974302 498.972509654983
499.780023973275 500.051437640322
500.05808342659 499.556774435559
499.897359714097 499.877285064621
501.787601911715 500.424723528706
500.39559620616 499.737416573892
500.230915087786 500.45367710235
500.293333128137 501.873189711895
500.053179251295 499.872897255232
498.751162809776 500.272392842182
500.559096641194 500.788833747943
499.573727744447 500.184592149475
499.944041221794 497.981529678429
499.46004677777 499.147764460413
500.918793207355 498.635527109899
499.908532622515 499.278985107718
499.898545561237 499.632782130805
501.17961242638 500.210274645806
501.380473157248 499.798870035882
500.771572866327 500.771893647254
501.006930051709 499.686842239989
499.943175061883 499.712606712245
500.736783336075 499.656831022511
498.735709512397 500.857386126224
499.741819372558 499.340266746182
498.612938788402 497.27613757513
499.717081110242 499.855105083414
501.362075256775 500.899293339958
501.503832796915 502.25885223582
500.163034110303 500.759661186984
502.049726413112 499.558797407972
498.430743344625 500.567857396802
500.065195040689 500.214295215317
500.968038999104 500.412626915186
498.840942080634 498.504176968981
499.464679708016 498.954097698953
500.823130372594 501.074961299952
499.339858617623 500.702021648226
500.244436883766 499.945712967882
499.321765544839 498.907998229953
500.178266319841 498.354313285585
500.58563925968 500.140562286573
500.113813004612 500.253627271094
499.865799632041 500.464872365931
499.767342396078 501.035173973535
499.784854415232 499.590216582607
497.9091748946 501.031154477198
499.957959935461 501.777801810936
501.301846680583 500.442242566447
500.752089959257 499.606127199757
500.86222842963 498.581361566019
499.288706216748 501.432454270902
499.657086977926 500.653074538085
501.180391239624 501.883694126639
499.235748717562 499.897962738919
500.915571240183 500.038929503464
499.324255642449 500.44337822268
499.248276354739 500.331662171815
500.368536092807 500.161614498927
499.540608320716 496.776875651327
501.152908817191 499.744172164184
500.720729118246 500.13755671874
500.911844547154 498.2589442512
499.714877634685 500.914304617701
499.021671458484 500.034453816391
501.874940089197 499.381808757326
499.728881175165 498.565502401606
499.177949918822 499.901483048038
499.369766371059 500.223634465348
500.844766401543 500.673677038485
499.663821163628 498.437966460278
499.509064676009 498.557661777122
500.361704087293 498.903084203212
498.734823795139 498.965696203152
500.435789558338 500.449851007217
498.770670988275 501.280408492154
498.215165281911 501.300854502015
500.248416250409 499.927679958029
498.476770685413 500.715979241833
500.225287556504 501.320724832559
500.346401945094 499.716377579258
499.884013442914 500.358002304512
498.139471279881 499.351408196942
499.275024527445 500.634840612555
497.624529602492 501.484768191556
501.023351790145 500.233342865073
498.966880361296 500.416734236571
499.925539197755 501.010721571505
496.961769469957 500.084507852743
500.128510730486 501.510926626599
501.244804795735 499.227376468769
500.773726083731 499.010595005955
499.275192713353 499.62961610194
499.142066013649 499.932518258395
500.070230374663 500.309093968057
501.143942712709 501.056159090972
498.277097699379 500.747525657594
500.576188819621 499.29074416954
499.497770687659 499.99043486211
500.273520705958 499.501457720928
500.000169739321 499.720753187052
497.930582550985 500.028379355425
499.621128246988 499.576436142368
498.474071299912 498.6935318307
499.589206442182 499.618128643696
499.695966411666 499.653558011064
500.958595875918 498.891997777
498.732836916578 500.258311552616
500.625278937032 498.022113536121
502.304974633878 499.78596480443
500.031013406147 500.542927756203
498.549530364663 499.66032857867
498.30101495817 501.168332294274
498.201974278006 499.904767090882
500.824031250498 501.170705969858
498.175981138893 499.586409167187
500.093752780001 499.554364255524
499.111411483421 500.204775422916
498.47863409695 501.132067900671
501.432446086659 499.742903070716
499.624001422065 500.958086230731
499.931818509682 498.962917117122
500.336903493921 500.907329867206
499.367582036054 498.899265110633
501.061733054175 500.350221511173
501.269209303179 500.442814260782
499.721742276059 500.653172816566
499.712417566908 500.777633776767
500.703351046414 498.578848495891
500.695362087172 500.520337169052
499.593615133753 500.980590821679
498.865090643886 500.269445150652
501.056396034791 501.41851600744
498.877123930601 501.776770077471
499.304357251859 499.180607637992
499.658953874015 500.162152206652
498.451582420097 499.231352564297
500.902707488016 500.299506813833
500.287502510243 500.012742630673
498.403233781267 499.325654809396
500.22512990951 500.642382564745
500.881118542749 499.270647060859
500.634613763749 497.78912236971
502.65212776199 498.02947481898
500.774741957985 500.851305032308
499.807353902362 499.842508284587
499.871370328951 500.412879387769
499.544513034815 499.393575333787
498.48933621594 498.734044917321
498.888217791769 501.400664296312
500.164768697138 500.762861081383
499.102999863159 499.864242124827
500.041940705071 501.176038055476
499.410106716426 499.325023466462
500.70558088839 498.181402955467
499.295756589657 501.523557633301
499.71459079798 499.099369212504
500.635605065471 499.530021133925
500.437235854458 499.569326207071
498.940166332026 498.769996177134
500.952695762854 500.367276079763
499.751906920625 499.090741505599
499.619745752379 500.125352070721
501.11780118865 499.823406399519
500.259199515648 499.019051771045
499.290445162586 499.990683566705
500.334177271445 499.970256230662
499.514407262531 498.832061195116
500.508144450856 500.385421439741
502.875927990101 499.619370060285
499.460644261897 499.637463002481
497.93127560597 499.867113597557
501.155210099965 499.738736299141
501.468984239735 500.79828957473
500.763722473119 497.826479294987
500.648887919008 501.67738943588
501.285401317806 498.558957109209
500.916985640063 500.303912545093
500.026690072389 499.790639061168
498.923831767378 499.868485316187
501.670296431628 499.296812524704
501.748646564027 501.147459240672
499.658136071036 500.418951950406
500.038139240599 498.698004358995
500.890735027481 499.71863725742
501.778819474719 498.929965867161
499.529589354942 498.059105576166
500.760278061857 501.350334550916
499.405245929606 499.970479587846
500.457117334609 499.327850834099
500.252731216962 499.584932801164
499.986613974714 501.19106154924
499.629146568972 500.757669557576
499.51270534061 499.996563731371
499.503647506358 498.847554073203
499.733170246534 498.760329502868
499.57147817766 498.486557231602
499.498274672366 499.841517139836
497.888328752373 501.026404351589
500.302603327532 501.060861064833
500.214113400162 501.455821514581
499.848391142383 500.368033487789
499.160102229348 499.833689578233
500.941724592153 499.908835509754
501.056215092795 500.316950306205
500.884228768346 499.265135177895
500.54728846856 500.721566248117
499.496707840985 500.112517476184
499.176477864911 500.751837357744
498.22778974533 500.73615116319
499.812256344783 499.903739830562
499.732456701348 499.951632361381
500.714206933844 500.773445574078
500.237470862043 499.272855978445
498.836948038148 500.396563352487
498.472226336449 498.820352990856
499.224741231025 502.358317832758
499.711756040037 500.414929958789
498.955624709896 499.800856642733
499.770216422099 499.3520835801
499.348305800848 502.550315466464
501.009603794524 498.70368594675
501.572252460718 499.946287623263
500.855242782589 502.410488965301
500.783232757161 501.289420088175
499.928426804254 498.898852452827
499.732490248926 500.23285607597
500.751205282733 500.034029683707
499.399137401716 499.452549862861
499.720576695086 498.407390650648
499.021356287715 498.930993571406
501.433235997667 500.804326403393
499.0964458741 498.418181949798
499.076112829674 500.812704576132
499.123988272092 502.239694765043
499.741608345208 498.57745438469
500.570815632535 499.995999173736
499.443021727444 500.275244223113
499.854539984506 500.302996340508
499.760856664667 499.660192267358
500.690858816664 498.938149044939
499.668077880603 500.581959146573
501.586073992632 499.73446171515
500.072714702772 499.386159483981
499.080993403745 500.870581393929
499.762749727143 498.745958562359
500.644666797748 500.664850568785
499.549738526526 501.336133817666
499.556075815743 499.94220790935
499.542805969918 499.234760203411
500.722604943233 499.90691632632
498.86682091132 499.950481443649
501.190928045619 501.463589426614
501.054717244493 498.49605540312
498.892931813603 499.143157240489
501.458980587324 499.744430192643
499.785025222993 501.265883092144
500.335463438866 500.619352678756
500.049976852484 499.314684746259
499.66984017555 500.321127468355
500.96152784054 500.369706374697
500.249265509701 499.946129641365
501.150778309401 499.804777879184
501.068703083446 500.484196120513
501.377419407644 498.957550388845
500.008261472539 499.775361649621
500.863301950585 497.984093338211
500.068889200897 499.939389984601
499.430371161667 499.782433620394
500.496259901417 500.78336249649
501.051951933099 497.946447438493
500.477998369961 499.948125335707
500.715339523526 502.265761032153
501.369172236554 500.265143730078
500.340829041725 499.893678686453
501.544528813469 499.621321023343
500.840457073534 501.215015588578
500.011650704457 500.771567450517
500.112313317449 499.77966073194
500.54650866352 499.312008937908
498.908540080916 499.986793742906
498.408307952465 501.349498518184
498.947261016962 499.367600945531
500.653352734879 498.675206029486
498.956508623999 500.687379333012
498.542165011389 498.119102551753
