501.308310652893 499.287596020498
498.660923602997 500.530657651633
501.4005547884 499.948355086216
499.6516935779 500.707766513095
498.06452885191 499.24848761419
500.332890368757 499.981812632152
499.351764547462 499.802607591225
499.813803994166 500.295325122401
498.319965836394 499.580318742748
499.417497057071 499.463456305224
499.446966892043 500.834557907505
499.491148567788 501.670196031533
501.87107379452 499.209487190668
501.697752182675 498.702649546866
498.715805281239 500.205472461699
499.984020554145 501.528925746318
498.971345156047 498.548768580272
501.26419124534 500.28942513681
498.962924770658 501.805630455417
498.324438796907 499.73211314253
499.073013540738 497.445553479984
501.682721481448 499.814594971306
501.086101854414 500.688162217008
500.910315884324 498.38656145671
499.216877461755 498.814142330304
499.686361993807 499.258207088367
501.122927601279 498.70490538218
500.196643102738 501.119810455408
501.738857288656 499.402082473261
501.411271994063 501.056191152896
501.692886988084 498.172018912558
499.074627568635 500.226403353222
500.179413230592 499.614305509982
500.28211034944 500.607009427013
499.380887697701 499.990153400789
499.9764815623 500.304316236189
500.575923074318 500.112529720585
496.933516840297 501.411328998363
499.229380768335 499.736856107735
501.833022851161 502.470139974451
500.103707857545 500.204832009802
498.192813508478 499.577095328346
499.500458389394 501.554455460337
499.004073111456 501.559935655462
500.906073602774 501.49352637253
499.529747343206 498.815663721673
499.243377585505 500.910248428642
499.371101984659 499.844799077183
498.841640025979 501.01563923813
500.272134780598 499.580323692587
499.388436480483 500.334140056934
499.979501030495 500.328839122269
500.720465104647 499.600746073517
498.240192407965 499.567036109683
499.318222925603 498.380839883238
498.544489990498 500.821715744013
500.372930622193 498.823243393655
499.259502771769 500.198490858859
500.487885950962 500.426368514052
499.656425048845 498.440568699191
499.991148093446 499.572182384457
501.035044127502 499.434767145005
499.796129914082 499.05458671397
500.759929296095 500.520082752282
498.974109417833 498.638512029184
499.567064582533 501.967305284984
499.789768952 499.537335856217
498.278709045756 500.278373927767
499.543875520429 501.57194827241
500.602979653763 500.61669994865
499.66182507729 498.860690976069
500.659435644443 498.458581497775
500.941093823584 499.493487472652
500.493791873451 501.203900400206
499.374672875922 497.915344085285
500.896606968147 497.945280227612
501.446624476807 499.249615278762
500.138491831513 499.763416761607
499.640336680282 502.192471334419
501.25083167095 500.868825053411
499.724753282995 499.885372803497
501.173154157658 500.521428019854
500.256402978729 500.404976616039
500.858311059517 500.478719733757
499.026806082683 500.198900261842
499.477834753029 498.957143433571
500.290596726274 500.695837199776
500.442346919346 501.650052540864
498.543432095617 501.252077196384
500.426829612078 500.753219176605
498.02551738334 500.383979595765
500.886081391136 498.668805018802
502.635118399914 499.288884072596
498.75665124446 500.366911714285
499.983150877066 499.591152249874
499.211169243573 499.055919496081
499.566282033657 501.223995904082
500.389229720546 500.263239617157
499.368069757434 500.615576344544
500.798920175229 502.02737131297
498.986156108916 500.101190635757
500.972193304773 500.59856041268
499.350892778748 500.174702827785
501.162938621953 501.137069152429
498.706322974837 500.635367496519
499.419611816654 499.557442963335
498.337584288363 500.310910199762
500.621395420102 500.706119990544
499.007560244036 502.09495002234
499.589490077624 499.379931971526
500.171323557422 501.204325535604
499.57463477116 498.533660114879
498.275470921122 500.574625605608
498.873134925702 499.869000215606
500.203190110341 500.185530762052
499.713778276445 497.996435596498
497.471481709719 499.55536220677
497.904492487122 500.585197415022
500.807345058765 499.552458588902
499.912928493925 500.64533308864
500.062438152857 499.831188391284
502.165910637577 500.363315262926
499.010243204676 501.043477443779
499.646174577969 499.972829343104
498.595527340913 500.537364192519
499.961721201077 498.449976976086
500.003295136404 500.858238581447
499.99543077637 500.624055321694
500.742072968264 499.521973026322
499.970257557114 501.326269015339
500.505239465123 499.598762056128
500.415240155456 500.127322992448
500.821074660067 499.714798479393
501.14839090108 499.308123791946
499.628614891346 500.101082815987
498.680627475815 499.636336681502
497.662345200503 500.982596515438
497.821555762644 500.600853131689
499.581843390434 500.188488858459
499.749986212167 498.988040419623
500.738278771594 499.557356808389
499.714378713384 500.581533205605
497.940492437545 498.404037887595
502.037093928037 502.173627252957
501.148380335812 498.83127730702
499.936696238755 500.170030135159
499.845540227444 501.50082643674
499.209673332879 500.237920792304
501.139332501081 500.834796852099
499.963854661142 499.580386777479
503.675103863137 501.185055258202
498.608771901998 500.649059717549
498.811416298986 499.599442850146
500.808543463405 500.613605991945
500.380013502211 499.396954467542
500.35760131451 500.023082389713
499.993203467641 499.090050946944
500.689227054635 499.268374941103
500.597862008987 498.814486403427
498.777429040558 499.136695993202
497.908539683791 498.515619185004
498.619345528774 500.272199752781
501.168855689509 499.316165644179
501.103905944653 500.304490587224
498.464966482417 500.307339908866
500.233763649652 499.966295821701
500.030587740701 498.927601925427
500.240606713187 500.800827411921
499.351791821855 501.206816042086
500.835521584742 500.074392419674
500.14017140962 500.164982572722
500.914707315911 500.92207340943
498.645143254818 500.573699924171
499.535204520762 502.260867896072
498.235592257504 500.390202388371
499.648387025914 499.686599122732
500.305423064459 499.865881157875
500.264874125817 499.932189331833
500.788867061799 499.395420470446
500.644602534201 499.668351042086
499.642217956382 500.925750361699
499.845891540658 502.209694886688
499.396939934595 498.376142875264
497.736158217243 499.766664160867
499.850634108869 496.987173402151
500.587524179459 498.089072865047
500.234869947725 498.776318336109
500.760312274224 500.665164488813
500.687105763685 500.041976919414
500.100718106328 500.363251071854
500.08677160153 500.787334115521
499.864816850839 499.504924141308
502.470610699229 501.13844700212
500.608071905171 501.733550764625
499.526354652841 499.054692496647
501.840179991453 499.501959800819
501.10774032769 498.95670356118
501.339651166114 501.782520991609
500.31356847631 500.982154790877
501.907305645704 499.404808940072
499.425745426956 499.260057352963
499.641413372046 501.092388244426
498.895510195084 499.762914511976
498.558893051206 501.076717666593
499.898766358001 497.624831091356
499.26399774084 499.948731441958
500.349617175838 499.798440296094
500.046114974611 500.704468541104
500.188231340711 499.822998184465
499.812824094472 500.7987787612
500.670663961558 501.010481384897
501.28207936608 500.5613759775
498.836154984469 500.292302680251
500.990553246182 501.839392889511
499.155522881948 499.344265850613
501.184450395003 499.872414329129
498.826286466829 500.037736652869
501.23999086094 500.992309626541
499.269922341818 499.638371240807
501.262495104636 500.576432909554
501.05483381965 500.304403884666
500.801270077021 500.439893978718
498.94723946225 499.041510189869
500.489596587202 499.582647625851
499.83399917947 499.311547226594
499.347643045961 500.350771420088
499.461716244639 500.174370644359
501.344234198877 500.065134155395
500.612370992793 499.205087012106
501.278363363451 500.747181070057
499.681249299392 500.345750440667
500.244649742907 499.221276054928
500.466332312623 500.706866733661
499.786390536455 499.415724533467
500.322414880799 501.831141473918
500.580660490918 498.460111444687
498.247235230042 500.851434401145
501.891541026119 500.735553559572
501.042779314271 498.09475430604
500.455157476388 499.73043196604
498.995216369337 499.740541047965
499.409345582604 499.222260294561
501.067524694576 500.253132649276
500.621206338596 501.809415928143
498.089487294164 502.081959571139
499.884269554717 501.730043677576
500.789333434824 499.199989385454
501.395840717947 498.307588506779
499.465773358855 500.197119472271
500.333385155747 500.441181056092
498.959391862814 500.121713034261
500.024072656344 499.381442592705
501.633923546174 499.743157868649
499.259673571277 500.349652344115
499.484491419162 499.28389148708
501.066081718528 499.787368231358
499.691215334132 499.584361293396
499.761808540326 500.392512742199
498.394213726424 499.513929898541
502.313023252414 501.569900594763
499.503181605714 500.578608496284
501.025228319956 499.848286603878
500.550808280523 500.131378714717
499.800953130684 499.469231200438
498.12711987968 500.217896836605
499.562110159566 499.774744345101
500.159635933625 498.600062337622
501.18929278192 500.002789984164
499.092995068905 497.553738448567
499.542661501 499.458428077476
498.164554090719 502.177730766334
500.386207415479 498.8588235685
500.098452238129 500.049131145931
500.492239323835 500.711656244193
500.789393866227 499.021910943094
501.058501157111 500.376231465226
500.886378677455 498.968846725248
500.0779330581 499.000745800121
500.734829709933 498.994476267733
501.576690162224 499.993676457892
499.084698334947 500.005812018227
500.682151566883 500.335255653583
499.872008802892 500.340809701552
500.43137846578 499.477385496725
499.984323048616 500.03474265113
499.52427683423 499.301682793561
499.705875733154 501.259751335321
499.361728377356 500.449982494235
499.614006283335 500.374679998502
500.325010140249 500.561369904767
500.699508202174 500.762962741544
500.873856045379 501.176798404419
500.071042814806 499.302748281199
500.499981985224 500.352662248778
500.711459076441 499.824477129423
501.811646754955 500.795763789487
500.373820263198 501.526620979742
498.742490747217 498.620325517518
499.257477497112 498.733702052135
499.794120122363 499.957131608273
501.011594361484 500.121545132226
500.721789459843 500.170792127172
501.479030894639 499.818647484382
501.014623906178 497.92580886688
500.584786995716 499.469116612809
499.5144851681 499.932591394582
499.865259669196 498.555767501982
500.278534887351 500.066625083113
500.81881987627 500.433821617933
501.572812130827 500.636916649021
500.69924071346 499.76921940069
500.030078685338 499.949790576935
499.752345382423 499.933088814839
500.602104590396 500.353289993233
498.824542003861 498.967300749353
499.82384821517 499.885456539799
499.95672405247 499.111165255282
499.319790317813 499.823362420247
500.197614719509 498.327317013823
498.283997195722 498.211086676982
501.398318448475 499.654453148036
499.606709692418 501.498449800434
498.417022650133 498.186944286791
500.545817832849 499.749402685636
500.926837429222 498.767447395713
499.815874854597 500.565405965394
500.366523285698 499.354922235027
500.85297290912 499.673203523978
499.47877186342 499.446906847409
500.946879937354 500.443612130449
501.069187102995 499.366611729219
499.873296081751 499.188886268446
500.224362342563 499.783467159505
501.795177859721 500.810915183129
498.877336358028 500.862998307394
499.45813492161 498.764502026281
500.186113640403 500.617382452594
500.14673933698 499.646241117775
500.435812636869 499.583385563104
500.828335225041 499.223566300141
501.503854758696 500.619727380154
500.376381224787 499.481187458279
501.004950093245 499.346188770366
499.981244330061 499.949380599223
500.391771139712 500.324073181582
499.464656216274 501.039598849178
498.283084155203 498.821938249186
501.176695021837 501.086086023617
498.885585595758 499.650663756542
500.866401923953 498.958372082271
501.26916600475 499.934013386679
498.777163806388 498.992428595417
499.883294463852 500.849074285621
499.482263242989 499.528754312836
500.453417886384 501.764801693018
500.53499324841 499.423879342843
499.34455724612 499.891008194997
500.521056330823 499.766180450921
500.899309522376 500.852775216405
499.880327599789 501.509943125776
498.001536481157 500.198704773857
499.042197351448 498.403744000305
498.233309227703 500.573708331024
499.490065026938 500.787506440007
500.493235881837 500.049996261658
500.502487035165 501.00885618159
499.194619777298 499.322512326949
500.376695767966 499.318407643918
499.988735810077 501.560659017438
499.159394986566 500.045688633445
501.484129857837 499.992817375091
500.20272196911 500.024255591229
499.681936450838 501.138815044485
499.609366535438 498.296151756652
500.298448692356 500.737346152672
499.672032293157 498.91926817286
499.993500111569 501.511818237461
498.6275722507 498.904457345618
499.166729586042 498.470915977988
499.737121506767 498.36566388908
499.867478830814 498.95518376912
499.691708685704 499.454843571516
499.568840684515 500.530010324726
498.866090544579 499.415499148864
499.433791089284 500.291640739629
500.366344681275 500.409562599168
499.964471385043 498.878729532758
500.648452250487 498.916811930341
498.614762327115 498.200056489348
500.542214575826 501.061457159724
500.003233764957 501.875324047893
499.888026123936 499.026568578323
502.204717912334 499.848751113189
501.287482580368 499.268779354647
499.715854946648 500.177639127298
499.108944001779 499.377257899517
499.895847372537 500.965865759757
501.951390336938 500.794600399547
500.365785974106 499.941223585994
500.827272673625 498.848867021801
