499.953332313407 499.749045210191
499.595938598912 498.782530743538
501.398538679247 500.001355399219
500.611629834979 498.699698386122
500.117911999302 500.212031778662
499.767996966233 501.020031839507
498.758764200135 499.890627962601
498.63108690845 499.699504498566
500.495771149968 500.171708290179
500.796206748406 500.639095612618
499.977145466601 498.892693572239
502.252002718919 500.820713693142
500.50584047054 498.902099572592
497.774577950142 500.149301751116
500.402555988885 499.847595773431
501.678823058264 499.41954715242
497.845934905406 500.766577789356
501.142651647556 499.083229774373
500.440744594885 499.210712855997
499.722653208931 498.534388540508
501.253614203798 499.328351845152
500.508282225277 498.305886542248
500.376161394855 499.49035353194
497.008968926456 499.919949761149
500.163269480929 500.813876543252
501.442636677918 496.808638891895
500.286739820306 499.525139158798
498.73539368759 499.81637231517
499.015030239999 500.038512919633
501.643625368707 498.223051321111
499.445045126543 499.972666939273
501.06510282534 499.256266831577
500.332174991688 500.85647371049
498.975727966624 499.942493375234
499.548837568768 499.972309784849
498.786684958493 499.459559204654
500.394262090651 501.395948476459
499.74441339159 500.691163124072
500.274518428793 501.422208857869
501.06080294367 502.905351475917
500.508531378538 500.178708142977
498.344963072689 500.190535041933
500.358499327963 500.029773639425
501.855237055979 500.897389325528
499.083091050947 501.320220886554
501.283321611154 499.258094698168
499.72046883883 500.932412623359
501.305364649877 499.677455342824
499.732225495359 498.482505815953
498.673220889693 500.900148608478
498.609952786832 502.38897559884
501.953788258055 502.417090235374
501.215072405371 499.231280216329
498.714431545316 500.328846881319
501.32902581459 500.090143477896
500.882974850298 500.337362696883
501.531860911257 498.683834649919
500.701309952661 498.780043927052
498.667552199288 502.074933041202
499.775586543856 498.9135990259
501.255951832703 501.585262235085
499.713497371683 498.610092652575
500.188249383633 501.088088127711
498.703722227171 499.034328573767
500.63559698717 499.298726644621
502.605782134184 499.097601626236
499.670383854279 499.708100435261
499.278393087426 501.119431727552
500.391090614427 499.01878968328
501.338680648503 499.815941457145
498.863790462687 499.958910566374
498.795146694014 500.286918819326
501.32129425687 501.520339883573
498.721089166466 500.241884669964
501.444998727972 498.648372653888
499.557121442789 498.360418885382
501.138373297249 499.123430787316
499.264891716475 500.86538564921
499.949550071364 499.227764201996
499.617996252298 498.910669475549
499.75436228214 502.265168109664
499.946304669115 499.414032268493
497.772821121086 499.915998481998
500.218990737819 500.478861183117
499.452542244979 500.879085665323
500.671030369979 499.437147513091
498.837101610004 500.608272055644
500.592391273153 499.454529114928
498.481376982281 496.996257746151
502.085604009512 501.592374962811
498.591883931469 499.977187511756
499.412451819204 500.546371810583
498.080860128423 499.630963001459
500.386804105278 500.136782563902
499.99803600333 498.959607252879
498.690693715655 500.540132286659
500.001481904977 500.971486251664
497.750082810816 499.956105323758
499.329483452898 499.995541198658
501.241581206931 498.630900253742
498.85424674856 501.88471064442
499.842538863993 500.948541889987
500.697254653055 498.841754477835
498.723717570916 500.870584695985
498.284670473133 498.550619946125
499.577091693415 500.086646073737
501.737826481099 499.96049480878
499.501094002969 501.239284606529
499.400153931903 500.075004270401
501.488672635781 499.879315277911
500.44232747801 499.54059374824
500.685391748565 500.418590098149
499.663719885682 500.536774076437
502.050447015224 501.744781460265
500.002844330193 501.53573535988
500.52263387415 499.951704395835
500.784180197989 498.706533056449
498.496707025504 500.904670506735
497.875491865908 500.679147645656
499.677259287557 499.473066477558
499.274825721352 500.274941339463
499.404060438064 500.075073296543
497.84464467786 498.676968689933
500.01576449169 501.226474903827
499.793193876082 498.599858343211
499.481576758575 499.462826803411
499.47162905147 499.061862095089
500.548203590167 502.256887293326
499.385296291402 498.565523364579
500.107113901239 498.364450096717
500.942424549196 502.42715148712
499.487401119514 500.053875820588
499.396989385437 500.143236963898
500.144691752062 500.891862474176
500.313249636427 501.631655192998
499.392859111582 499.881613910645
500.369418509339 500.157300925441
500.082466906859 499.499348330416
497.447330369004 499.263061856292
501.338151025843 502.0351883167
501.210350754862 500.978737823595
500.610524895947 498.681395286227
500.21076546527 499.908477211363
498.827156112527 498.375083088147
501.631116402995 499.605509061284
498.478028604194 499.197924887126
501.072391564276 501.539838017712
500.857343644419 500.622705241056
498.879365528157 500.923229502481
499.570197723755 500.365935944006
501.46597195121 499.802791038466
500.290035672693 499.645109202598
499.988567415423 500.654184869992
499.765156320158 500.425992909615
500.783745324355 502.340162966917
499.764074068607 499.538263207831
500.724067063339 501.242514352943
501.503373945534 499.064521804067
499.690650774382 499.745236057895
499.768426740172 500.067118411555
498.729762144483 500.21485259457
500.23748014547 499.50517551969
499.125635189637 499.734745722355
500.850808793166 499.582957470517
500.581076857319 499.682860378498
499.925263861434 500.093974964425
499.06602793424 501.567967030253
498.387071740862 499.047270405707
501.202986136972 500.85435213972
499.485090611432 499.000694518689
501.042020669507 500.250223391503
500.054762443374 501.780889313572
501.637298308876 499.05144180683
500.876738672624 498.347774029535
501.050859961838 497.631246953303
498.291044192785 499.64216334976
499.282176380839 500.597317038799
499.782842305411 499.219739837595
500.584456687089 498.710985907372
500.218460257275 498.260934754603
499.748168124404 499.518062970646
500.032978751171 501.006748339947
500.454045516087 501.064784956292
499.747014674307 501.396859795345
501.242983890421 499.43573586729
499.084698790719 499.285255604893
499.681471286354 500.184512060059
499.798048109174 498.251979944556
499.671761935915 499.229618152587
501.241876309799 500.169224004109
500.485042158855 499.630994397295
499.37541434042 499.879165127934
500.871189098087 498.590926451881
498.602844810288 501.057852735531
499.705483609539 500.811451474324
500.150540964873 500.820812779547
500.952871147411 499.932258362851
500.59223837967 498.905186207534
499.707824953636 500.111170324164
501.707344820053 500.039932380168
498.260248523757 500.868863046911
500.046075778306 499.772705495325
500.385525959543 499.230636539692
499.300548256237 499.789838937325
500.167322720353 498.810650751325
500.771707526754 500.565692130989
499.992002441522 498.773534605706
499.528123636684 499.80304353039
499.154749620844 500.935391207622
500.478748843172 499.580156668863
500.1804446621 501.074740879802
499.360567666928 499.776715961354
500.650660435262 499.581308859739
500.33836582957 499.771427774147
500.406297492257 498.958141032171
499.964870275488 500.895874019162
498.945199534547 500.067745884169
498.268893257583 500.594458012763
498.79290192024 499.278195521406
500.693690159335 500.122453720739
498.226748445182 501.927296857346
500.285821374564 499.07023421181
499.521460442851 499.258809942467
500.663314937307 499.799217272309
499.14128301284 499.919695212398
498.668433562096 500.357512274318
499.825080741278 501.355283046687
499.74831028147 499.468774505126
501.15587182925 499.505717039032
498.592176153391 499.771100602482
498.561512169494 500.573293776182
499.989108875333 498.337536078271
499.654657132446 500.914912412883
497.79523663855 499.914632036209
499.909000901621 501.078342893279
498.498977166481 501.468562079774
499.222385417795 500.848836658633
499.224376560835 500.998337783759
500.072625729973 499.152820375722
499.499473362658 499.589232363769
500.991292109081 500.9585036731
500.330703986427 500.009862565191
500.469058924856 498.304336371412
500.948192882786 500.354664541532
497.533499212847 500.672063601571
501.100949902023 500.078928533162
499.694776744796 500.40584714396
500.724510280206 500.651622666965
501.689934225591 500.33848621618
501.830060421806 498.103953690782
498.992469460302 500.591437057321
500.167006267013 499.775077178221
499.181337438315 500.395569175667
500.23591913468 498.690685980112
500.85296306606 499.878874424233
498.668758867863 499.361767892319
501.317004399213 499.851685799285
498.796684332762 500.132571746947
498.684904115271 501.355225040406
499.704852141313 499.608736070814
501.071804423875 500.401567919887
499.375723889534 499.893266034382
500.393251678578 500.493744649363
499.238429175874 500.150639728954
499.741426655583 501.016169699538
498.719406267423 501.066580491364
500.947134176371 499.959528413442
501.72199605261 500.449162576355
498.314933738253 500.445873623886
499.463949414375 500.167891290349
501.393467778754 499.853019132326
500.675215666319 497.942444194876
499.641231735548 501.665375917789
499.408298972018 501.734666834397
499.934986308596 499.565573038417
499.696416324493 500.769008614725
500.573466888742 499.246274379531
500.050753665222 498.437897544511
500.68369825042 500.837158949917
499.552549698305 500.211547259581
499.8560995705 499.498885103676
498.546198415338 499.702092652608
500.306476286876 499.67780332893
499.819557635565 499.022401861421
500.291183757982 499.992978150422
499.872251401333 498.526348333591
500.054218367866 498.446086285689
502.904353505578 498.416557084774
498.816324297471 499.399146703049
500.351963296274 498.655934611958
501.024355942136 498.85286649094
501.215450611057 498.29582967769
498.843068254651 500.141360927386
500.801361935958 499.575726799193
498.615500312088 499.51703369535
497.935559375936 498.724337822482
500.023180173589 500.644615749923
501.676602643064 501.358869492808
497.976874060605 500.778115336959
500.264587441117 500.185320083578
498.525763982625 500.985582248553
499.733252103744 499.925163133482
500.146358878124 498.748118345961
497.876629084028 500.887258697669
498.981873174979 499.74482484021
498.463424251252 500.666803495295
499.18909280793 500.382107938656
499.859178792735 499.169737710858
497.847862721686 498.098983673836
500.393814319761 500.258155271657
499.953299919398 499.269123962685
499.563291202631 500.650955966096
499.784044250026 498.423250116914
499.191301439686 497.810890445855
500.085807832383 500.40410369315
498.729451177458 500.728822538076
498.999222534013 498.847728378211
501.938026416854 500.326699598991
500.321128047377 500.716997023175
502.066564989923 500.587897069632
499.995062806676 499.878018511593
500.248351060134 498.910039629141
500.040684511906 500.948765126713
500.156949432845 500.53391067043
500.503805663399 499.163233526351
498.741135481964 498.996372086877
499.252831653116 500.189905153337
500.297798179574 499.452858932225
501.131355318565 501.253267268772
500.567158032258 498.990274614897
498.087326605173 501.251517355891
499.933450688614 498.671988730182
499.436484401404 500.929659844711
500.007438281262 500.798260777875
501.170443009166 501.061211487188
500.226327255274 501.02383043001
498.29811614189 498.621996732869
502.173948852901 500.430994164743
500.335878103177 498.991312938922
499.944115212013 500.107590298331
499.472887690835 497.520181736604
500.948826395483 500.847508060934
499.488215756092 500.83006366415
500.841594289506 499.59638928453
500.239319312913 499.189259010819
499.918366814444 499.641844357207
501.826367289557 499.643532822687
501.05229474935 498.919412327694
498.558653768566 498.08786182787
501.99924944216 501.160973315836
499.044776406549 500.847738454735
500.580692712113 501.137679124144
498.939376135624 499.326505750357
499.775275104146 500.90781844339
499.105456436568 499.671104095556
499.993490392834 499.623751185613
499.141835754336 499.478328175252
499.33621245004 499.349872325343
498.640487470859 498.735787248509
498.899928412332 499.891622598446
499.951385233519 498.221352190105
499.522314733042 499.85859375599
499.683104904852 499.330876088642
500.029483703807 500.983779569997
500.352891204555 500.522685357697
499.843857510466 500.573196324723
500.494109323686 500.119179193519
501.464926404151 500.931125210106
501.715972898741 499.170464069892
501.025790866005 501.104136989886
503.049099769773 501.10634365586
499.032854648848 499.13417207697
500.034746543142 500.482276068056
499.696710120481 499.616292124865
499.282657650084 501.070805268591
499.334653695329 498.384950882048
499.128279101398 499.024846755399
500.288844255893 499.733925738144
501.312544240541 503.605960272402
498.901914807726 499.098081817957
499.376760001667 500.987313482284
501.139276330951 500.563582274446
496.926849635108 497.937409762376
499.091244208842 498.571835757183
501.760223781748 500.04061043128
500.981222381522 502.064173074889
500.527223355293 498.691161129753
498.854972350872 500.497869743089
501.701509926316 499.548881332557
498.36415984484 501.454321542739
500.428679238269 498.114334375873
499.924784335509 498.550784029321
498.348221244368 497.650575702653
501.137758361734 498.323216162597
497.659912463202 499.466432962261
498.333129349733 500.005833777252
500.348642170535 499.705358691451
499.822300975462 502.338566756071
498.995641073109 501.559365385435
501.076657722549 500.137025507937
