500.775984438839 500.711003348864
501.190486687246 500.03808747143
499.480138266199 499.020742827403
500.610634432076 499.106018354435
500.749998096612 501.181048900854
500.272470163858 501.136923475004
499.933074564123 499.826692983681
498.668014625891 499.981203960893
500.925141155986 500.81992956617
500.551000703482 498.926449012784
499.686185705833 500.054399979551
500.711460666957 498.634122270422
500.898131002494 501.843903170528
499.882316012393 498.47209679129
500.014500185523 498.472160334321
500.838436017231 501.643038470865
501.032904481237 499.342048560774
499.281215486537 497.997220913998
499.805744791338 500.486071532328
500.339302642446 500.432674849303
499.110019772058 500.888164945657
499.519404319515 501.372104662664
498.393916598137 499.292039333896
500.294951879069 500.30991109052
498.991600989143 499.618716977104
499.288682297624 501.355802349414
499.664255894919 501.835197556071
500.588944839513 499.458258016329
499.559621343881 499.870083042022
500.924232430142 502.661232361271
501.59376102468 499.792495436658
499.967406244209 500.787941073768
498.411154250662 498.612093016287
500.959720594756 500.698971089359
500.73677523074 501.27139173753
499.553273183029 500.277590846511
498.848610158134 499.953167724903
501.471030708794 498.811156833297
501.177036110209 500.380869193515
498.738135541157 500.923207970899
499.277059936946 500.69388323131
499.470873499721 500.761533546472
500.593821631865 499.391128460498
501.812915992201 500.394246142264
501.568398682149 500.553279290941
500.794354024917 501.447667265825
499.852339432586 499.851882337724
500.251342647676 501.04901079716
501.510025862269 499.498315436824
499.864591255281 498.880981599972
499.768646167226 499.970317565031
499.287144127154 499.477867895562
500.646140990896 498.654807395486
499.135910059632 498.627486854585
501.530678651398 498.975474986898
499.038044983744 498.780938149935
501.273550145896 501.460929326228
501.029625413142 500.524260436554
500.035555164197 501.227323228909
499.345352377615 500.632718149086
500.070624946361 499.289129321888
501.9560463992 500.088713041114
499.828916600077 499.163383601552
499.567101554196 500.173865587044
500.330145429334 499.862822467617
499.130306096221 499.320027542324
500.113119554796 499.250198636738
501.495305725753 498.925417715115
500.856476185575 501.066633401808
500.863533010125 499.020245038734
499.967395105134 500.031172050375
501.177018147509 500.803857631487
498.24129692246 497.760460344067
499.800518785552 499.577174650549
502.006287585068 499.818788285865
499.558846417395 498.612687762094
498.13336508993 498.456739305506
500.877084233705 500.193550466664
500.828066380004 502.366813888698
499.858110571014 498.984099669746
498.90045322143 498.689127353547
498.00511497217 500.343743773764
499.444611443335 500.206321300321
500.922908878358 498.287510937112
498.783021549989 501.309686246593
497.799943981049 499.411424763633
499.982808630148 501.205993564948
501.376220905727 499.335668253151
500.502480654217 500.844108056246
500.727142315093 499.097127441994
499.114035986735 500.839208935997
498.228308897145 502.174915792338
500.115261655043 498.225832341295
501.806869329508 499.953892852145
499.91609441384 499.020144749786
500.269797451562 499.780964388558
500.497868779651 499.611937377277
500.231895744918 498.486277451272
500.408595211527 500.187309185842
500.231069127813 500.709927488512
500.581659107962 501.214866543159
500.037761962137 500.004061348825
500.416065960775 500.24227115987
499.746041174937 500.148633302464
499.864717110202 499.753971410631
498.676972464814 499.259160960556
499.937325409036 498.414846591739
498.847365448466 498.961351291657
499.662111184797 498.972093298557
498.838446216569 500.79263481434
499.845506346288 500.195622797517
499.67392939106 500.739318502838
499.423114450129 500.47478767615
499.08617779431 499.582636298367
497.766554452401 499.359622667234
500.429634059447 501.187519122395
499.90464312563 500.226722898333
500.546397816514 500.439691823123
499.388070062988 499.187453290752
500.238862709429 500.541332104754
499.523194136904 499.508463498221
501.85098799943 500.496046707739
499.013404855189 500.097155539528
499.966059526695 501.090171119113
500.967920529511 499.445112086343
500.36250878733 499.915889888752
501.291408270261 499.491910185581
501.386789276661 500.012767416752
499.710190603747 502.133633678451
498.956461232749 497.964185480492
498.950118044586 499.260491786848
500.293608947646 501.231824271377
498.886388911866 499.690351662091
499.929628644621 500.062924023126
500.02821230347 497.726608145681
500.305753731965 498.767507715234
501.263182373654 500.729220512842
500.125499028804 499.030893532932
498.763878151031 499.637093026266
498.383276326501 500.04379897096
500.486204437087 500.381713071227
499.546058025547 499.079364618005
500.452546076717 499.341546696586
501.555412198309 500.102490349506
498.88082514826 501.545003435838
499.87009097312 500.666147475603
499.022565082646 500.88619046867
499.899732987098 500.014407153834
500.929779742332 499.79329031939
498.752921359539 499.365250110864
500.022409164023 500.789167772414
499.643747472399 498.057931092117
501.319476180204 499.834477094994
499.685233990035 499.676635753409
500.667654158161 499.640695033756
501.760470742072 499.89039613528
500.380890763844 499.883556020846
499.455578894023 498.566604538908
498.666502141284 499.929543555301
500.007989300557 498.840506366555
499.097366232309 499.483858447135
498.707668497498 501.253519021568
499.898998267595 500.715081624715
499.533726896989 498.21275178679
498.82945013567 502.324926519747
500.642022793255 499.375986075027
499.172987287403 498.780414005391
499.887576960245 499.10706380414
500.312301033392 499.60780145219
499.554261849016 500.774881393258
500.10449738452 500.099453063681
499.794500644938 501.380384755024
500.085975599754 499.85637845851
500.400705747503 500.838353438658
500.847620394951 498.810984158276
500.851769695384 499.548667797725
498.722851302597 500.657974989504
500.221691391259 499.485989498928
499.461048333937 499.438855736095
500.5819705954 499.584438382903
499.688365726207 499.03911885883
499.200140855151 498.984435793095
500.081154936288 501.405247968052
499.919516889587 499.540995746411
500.465861456329 501.23498625023
499.307781282956 500.210968649392
499.102682826842 500.020215404004
498.700724086459 499.535729254433
500.67630391742 500.750947412187
501.372914503343 500.220351612767
501.751520139124 501.014947970994
499.14606727459 501.088161311271
498.644986819327 500.530486630284
498.287245083961 498.851660349206
498.534011431735 499.200466566732
497.993426538438 500.474488002837
501.727705495395 500.561720163758
500.719046562778 498.994401273496
499.364198139832 500.157584656429
499.785376869932 499.549924733874
498.463748986478 502.338315171863
500.9752849368 499.453905395085
502.088526917961 498.758879042541
500.96168899693 499.858158159116
500.543987004669 500.548205903629
500.522167035362 499.463387318812
499.282120599522 499.657265989384
499.772804931163 500.379554029461
499.289386458333 499.999812973287
500.562837754732 499.407729354473
500.875524637409 499.642156723228
500.078386408205 503.09791887624
498.983630193593 498.547826541982
498.899110768948 500.712835652757
499.193863478217 501.705682513336
499.819405193823 500.440582603184
500.321313190418 498.619583937741
500.788366125065 501.045445794532
502.047925066138 500.668210466815
499.328505957908 499.621186351808
500.97590457898 499.130408443512
501.357716881839 499.350419289551
498.304056858638 499.779822896636
498.156741765038 499.729761439291
500.916391845036 500.203591198379
498.356342003974 499.700269430959
499.332122244011 500.623297360546
499.74965550914 498.186988167808
501.210966744279 500.752176143626
498.001435676322 499.125584484928
502.666480204649 498.578627482936
500.33625012692 501.115535688973
499.068863110485 500.635876523976
500.343709520509 499.120960040204
499.403816612205 502.001733013366
499.035637295376 499.68678511529
499.936988988465 497.939078561245
500.255979145553 499.140208656494
500.754920025555 501.115288422647
498.997250941376 498.048187581248
500.774230407708 498.541186133729
499.387347638198 497.456580528015
499.118721782062 497.855533176025
500.427798974555 500.181363557423
500.08767410542 500.150588452286
498.926658812006 500.051155718583
500.606458876681 500.11772243399
498.029493957471 500.065114239294
501.079985040946 500.892435230728
500.434197877874 501.053867474227
500.848745015241 500.017389413947
499.262580696619 500.444428515476
499.669007813923 500.066573755604
498.928499081161 500.089434472489
500.990954572806 500.303141925652
499.999756235286 499.57006043653
498.73906020562 500.91448260674
501.369717118899 498.988925034123
499.177858949735 498.70390783862
500.823813584707 499.815155128927
501.512556530383 499.848203040669
498.292644719147 499.660336703802
498.885513184474 500.275992620455
498.78701682459 500.59545137497
498.971407871664 499.976903155787
501.723529301968 501.246155872644
497.836727861762 500.101162623338
499.541156164875 501.108654753828
500.309541475231 502.154929538284
502.50551186204 500.887787707797
500.389101164046 501.266023010428
500.267060677004 499.307222991614
500.090233213252 500.535976467328
498.346458189534 499.123431296866
498.913931386284 500.692403904965
499.244037279437 499.361822909949
499.40672455948 499.800490847182
501.533048936979 498.172216043804
501.331570390043 500.570952301016
499.571950992641 500.349823467496
501.603658326107 500.338707070214
499.3187852512 500.724468718622
500.596507042199 500.545537543018
500.018062245109 500.027023619851
500.807787886497 498.921107550465
499.709601665423 499.978429608315
499.463751752014 500.702308533415
500.865245256791 498.144365263002
498.47829383513 500.112506418234
499.632419831578 499.124367685761
501.182113876012 498.789343329159
501.251509113322 499.023829299021
499.854415592304 498.680972984458
500.301691508061 499.543050788287
500.236406997636 499.952850632729
499.840381452576 500.59491468154
500.668078099719 500.180025921889
499.530025896966 500.004516979263
500.661960675483 499.915211636739
498.469515665171 498.833392667815
499.641579759713 498.994937975646
500.766759811453 500.222134328308
500.326469364238 498.898069673051
501.067472562237 500.491380988021
498.895248677665 500.572490936714
499.526076224867 498.761281439978
500.671804088136 499.563252688389
500.184861220016 500.916021244538
500.377354275642 501.033992866989
498.86358089367 501.409117015972
500.210213178557 499.272568736873
499.318858337243 500.248922467349
500.916484830378 499.591422703497
498.311144753136 500.55057185937
499.172999452126 500.481999792975
499.652160250467 499.402148728142
501.47429582308 499.694809143083
496.785517010574 498.555901622813
499.601706600484 500.816290132113
499.217649706813 500.029051508079
500.200967559759 498.090906305835
498.526905060535 502.137283352531
500.090330196889 499.237347291703
500.174835346708 500.151488526319
499.305481945505 498.798270905299
499.740105138205 498.177672798289
501.615910466931 499.688106269323
498.837201241085 499.551998724737
501.005773279832 499.839930824849
500.408402161143 499.922220302348
499.041151494825 498.150207744688
499.924466430318 500.83961045666
499.232144889326 499.880009327183
500.968719146074 501.27134927482
502.652568827936 501.420713538993
499.965192346941 500.652789828555
498.281476427775 499.288672632408
498.943929603582 499.570560617748
499.676064339663 501.268988959202
500.332066756197 497.990198880936
501.711626327504 498.650176200676
500.82816083851 501.517290319458
498.991931133185 500.343845721723
499.10370335584 499.787131218931
499.944590605013 499.486578845034
499.485195839826 499.347900203803
500.227374017255 499.134947007119
500.145238281645 499.104330600747
500.018505280786 500.199312416283
500.324821882549 498.907446715847
501.29555279547 499.144522125263
500.08087227228 499.618144950798
497.903001664926 499.107528740679
499.100034138729 501.576673620587
500.652899270372 500.564816783269
499.22645700601 500.599497170642
498.245459761304 498.944742267529
499.357735509285 499.647256524105
499.433798923804 501.302513391005
501.074203410828 499.895073457584
499.136457343644 500.50858828024
497.580416798623 498.948151059754
497.636577116121 499.723776858102
500.1778826305 499.462231068835
503.097652505012 500.270069585884
498.835505213546 501.299504935215
499.894544243096 500.173757680416
500.263985669231 502.376350089368
499.411618590071 500.319813730673
499.829607367853 500.853715295861
500.162255991389 500.221810663293
501.769676944729 499.374990444467
499.946532625012 500.19771088531
499.501420015759 500.206813755147
499.77999167089 500.385846779369
499.637283386453 501.057379161619
498.898147059254 499.67262034517
500.468287234364 498.725895037874
500.650952517019 500.247900236253
499.958819359386 500.610923578103
499.651831124087 499.895695737855
498.789432190076 501.21701969051
498.481405392931 500.984907218354
500.723843645284 499.692863265174
500.999731757048 499.880149988781
501.341104132334 499.265819019518
500.218173271059 500.468291724059
500.75959174948 499.322836684133
497.797519821187 498.440120344094
498.99779056681 499.61672324291
499.218205534345 500.830828265548
500.393590109349 499.894453419973
501.382769166245 499.246418294291
502.695260726871 500.815055467524
500.71462188033 501.474534711956
501.407070233968 498.493495708121
500.25410264363 501.224545643768
500.169661496519 499.646581481498
502.06568360572 499.611657841351
499.84217636793 499.197292014132
