501.450670282015 500.299714162787
501.582903814125 499.546324892034
499.010195440206 498.221403913788
500.687607177142 500.028546396562
501.391781657224 501.412529789043
498.950172577456 501.219366636303
499.519746687762 500.201719613288
499.956002945047 500.965867557759
501.956263616333 500.913621232924
499.014096553681 499.330254019126
498.954640705627 500.626433792739
500.748407431702 500.816624954896
500.158049908855 500.366481840833
500.119790440575 499.426415638492
498.771849149551 500.144962838525
498.698980094636 500.434237866957
501.467599116874 501.050792754125
500.965152298941 500.316600180882
499.965572953575 500.388222646997
500.151048638748 499.803369016912
499.600840000155 499.923242314081
500.251849087035 503.539223621385
499.236934036407 499.525479043106
500.90350383683 502.010556152516
500.005835102225 499.090711696526
501.082169079061 499.269115617174
500.666553758979 499.231573653846
500.456626479425 499.783440958737
500.277361761367 500.37746937432
500.826142292988 500.091152058685
499.909153700484 499.648931443298
499.984134681756 499.749155340461
497.984927257141 498.455301563008
500.055807632792 500.503102884841
500.704948304442 500.306875547587
500.912691445667 500.292204477529
500.784297190807 500.645795351719
499.91006985749 499.937465536859
499.865348839948 500.98117985392
500.346312717069 499.901809981575
501.110978260123 501.920120532044
500.139533888242 499.163688128868
499.538995642492 500.940152962148
500.220930113915 500.741916311633
501.018109472827 498.88865879753
501.326472039473 500.806817386477
498.101740466743 500.298736703988
499.12308818105 501.383626372598
499.293869933972 499.401304969845
500.138143795649 499.925262010421
500.902229140272 500.249114491286
500.529076168718 499.25694367643
499.461026150762 499.333676402178
500.344911366111 498.657350027664
502.159185338532 498.554781652842
498.860359568123 499.533708463269
500.256678697639 501.100557991319
500.103237344638 500.288863152813
500.156692120557 500.059149235532
499.844872448764 499.220587501582
499.215387155816 500.338830943604
499.615659624194 498.921774569321
501.001841801213 498.200217835424
501.528334644326 498.771891522365
499.670896889592 500.347751191004
500.632430076202 499.908269480549
499.400310956013 500.709830203949
498.608967393773 497.719629274009
499.349540809626 499.704150725521
497.941321584163 499.878494063773
500.157046476668 499.360052327809
499.934593100046 502.215825306697
500.763363020125 499.45975944953
499.773717396134 500.223618542261
499.581687724519 500.085523626991
498.462685401756 500.346824906245
499.965433124106 500.218858163329
501.539420665588 500.731846056983
502.213063138755 500.208700444612
500.039442834064 500.522617162182
498.688258680838 499.344446643437
501.221316664981 499.634293240431
499.982603349579 500.255260173937
500.254658828189 500.478824981182
500.917190159872 500.238071799239
500.746454768652 499.967309672306
500.283645262264 498.446449894489
500.174593107216 500.147009691513
499.386975482721 498.349377586071
501.401019476754 499.684784420909
499.491873403465 499.578288438806
499.874420085441 498.397102603939
499.659471910307 500.759103263669
500.565446860953 500.097801399877
500.338307153596 498.074759232904
499.93272734129 499.955793896189
498.606822046314 501.911155969362
499.479103503505 499.480239930758
499.091894650221 500.210979309719
498.209583695051 501.427319180228
499.709644253992 498.794526950047
498.836966705095 499.407918141401
500.358173876511 499.228549616037
498.982491827409 500.257486800718
501.842675815406 500.362674740733
500.788886937377 500.986386663829
499.170030313641 499.498168234675
501.029017207578 499.265229126464
499.932557078258 499.311814671916
500.065846466812 499.840164316135
499.5860342008 499.077679851523
500.131163410323 498.070208539895
500.363652964325 499.707420141684
500.424516989958 499.668831441638
499.575707336727 500.899963664166
500.532996353695 500.287886574176
500.988264782905 499.944631666711
499.282039870432 501.292674553324
498.335180508861 500.66299207719
499.732870589626 499.936162743492
500.045623462607 500.521837045356
501.462585221837 500.119618628163
502.266143302425 498.935230075036
499.295956369855 499.451400666546
499.441238009306 499.539408396256
500.172497280096 500.197041756115
500.537405015251 499.600449929089
499.648357884222 500.669986477034
500.620153178976 500.204688656086
501.182489074846 500.463529102074
499.92461623931 499.733997082606
500.059619087372 501.009181889845
500.266732138254 501.344595257411
500.339424192646 500.104444192886
498.929843859256 498.297155619375
500.24190107116 500.645815830353
498.554028267504 499.975493961661
500.21000944225 498.620305619378
499.907462889084 500.320308828484
498.851234104564 500.865816000194
500.321320574016 500.23026492849
500.550343984323 499.356561337408
500.069529749123 500.279140123835
499.963959818159 499.426717765878
498.576031178703 499.964805560533
501.849775650403 499.370372499951
501.181120109748 501.64441723569
500.792573487974 499.725624204461
501.470293742933 500.469179480901
499.068024910422 500.389589191696
499.973373856966 498.621180208351
500.576778783518 500.541773315222
500.180169980301 500.736676579615
499.186391532253 500.23211767482
500.494609676808 497.954539043524
499.441700245201 502.692294606721
499.447745618717 499.540137329792
500.116772884081 499.930914043015
500.005000728581 499.449374157679
499.207087926365 498.047296049633
498.389409374939 501.568179513076
501.619403199216 497.80920455475
500.513338156748 500.041294786946
498.402583166733 500.077928493023
499.109749404041 500.190582693378
498.986055952762 499.842082608678
499.40963951304 501.065732747443
500.772574989679 501.188620184416
501.116760221751 499.89667475627
500.437738092911 499.45727792554
499.057310129078 500.065650115308
499.799158930126 499.131255171253
499.839952458131 496.787785543238
498.856203587116 501.22409653829
502.77623254745 500.70447719047
501.310909134538 500.902188886822
500.042819615348 499.886948512467
499.150884978453 499.532601629216
500.237871027814 498.90922693617
500.602761592157 499.295003505439
498.123440510509 500.640793207542
499.491666981185 500.631412154937
502.972747341474 499.023169834566
499.946289359412 500.690849036678
498.466646145383 499.260622041354
500.73660696398 499.669383201999
500.36693620766 499.945153842788
499.733605420862 500.969373576196
499.377782058899 500.920226776921
500.582683960337 497.668343950902
500.688641000711 498.977271961326
499.765695129898 501.137422923391
501.451472573998 500.298608511568
501.355566945375 500.104230627738
500.111564338023 500.314807287569
500.111064309573 498.411027545315
500.817447616807 499.823208921884
500.071582527895 499.46674940949
499.295188529611 501.48560248308
501.071118463174 499.83000539437
500.485689130404 500.499423335501
500.315936312509 499.789921976228
500.045151531918 500.269418220486
501.009450024061 500.30221164747
502.520854465612 499.973069806855
499.645143668462 501.250270779301
500.182199252817 501.580006171024
498.69744055751 501.094324574505
500.407656915593 499.684398573471
499.818196433759 499.730391723034
500.141404469299 501.086786194409
498.850557976912 499.602491803744
500.85540792856 500.692196756208
499.746477162009 498.665534191398
498.886816743646 499.450752986019
499.565508753719 498.394758351397
499.504147907769 500.256737504565
498.93928615002 501.163389265964
500.178628624441 499.196135531392
498.74339366609 499.952598788442
499.998460404166 499.753100056777
500.095528064448 501.253943580756
498.192542425563 498.111255906535
501.271467650397 500.400534110217
498.140100005591 500.772281148094
499.953664702456 499.853039701925
501.132069756216 499.372254614394
500.604054102274 498.846603316674
500.402050830694 500.30042954761
498.797436000497 499.955033714244
501.308436633488 500.323458955637
499.824104968728 501.116876338975
501.416207641439 499.934672676744
501.718261387944 500.318553498095
500.156182983823 498.750277922929
496.710912900051 501.049279310662
499.009290889451 498.064997648891
499.763292281682 501.181450560526
501.902838133761 499.722478382878
500.443843654432 499.623635836667
499.965647027948 500.355304320737
499.182979309484 501.758495867124
500.009402969951 500.088923235023
498.07567102384 499.350011013302
497.688530300689 501.064753176085
500.09482967527 500.325775789162
499.745506783678 500.184438658976
498.672114777438 501.822266979336
500.105748144684 500.363340634077
500.420804338634 501.280540179584
499.233921798204 500.194374457338
499.197145435696 499.666981437537
501.707386007262 500.240327089578
499.841852898563 499.896748271801
502.683084005374 499.407912764063
498.194682208599 499.19036684926
498.951653099563 501.314023204733
501.273323010703 498.699207441787
501.191192761319 499.638199764104
499.545992910779 501.436404746461
502.037346500028 498.433658299993
499.447918532807 499.453991197896
500.078442883938 499.217103472768
501.943373731578 500.921256951931
499.242398487094 500.043080026335
501.326310519006 500.385868964215
498.663216909789 501.090988309542
500.614120757516 500.870662637397
499.132235264751 501.322964578378
499.121214286972 500.218140993041
500.275076544383 499.515802897425
499.693013516096 501.751286613195
498.635638254172 500.239925405628
499.212829804398 499.406078216976
500.106811526333 499.918799790371
501.403864580637 499.685156610833
500.494507335343 498.251764912977
501.586979141721 500.875422216432
499.424357510994 500.578210405374
500.227247806458 500.008731211039
500.371646915529 498.924450115021
500.110223559811 500.054914926822
500.645273394256 499.629936619272
501.096491523766 500.382685251652
500.686641730221 500.920295990944
500.270525985925 497.752711562016
501.591561597182 502.380357759429
500.665394758294 498.843130954651
500.294759158965 499.481781767489
499.472093096264 498.050674519157
500.073130496806 500.911066241225
500.860054671839 500.52193728379
499.670621221635 498.896387648242
499.531577962311 501.80708925947
501.270895667192 498.193012306273
501.288066650847 500.550325998716
500.044301891153 501.539270390876
499.891703206177 500.150429581187
500.905770204069 500.25583130103
498.34701598082 498.936228599102
501.730578122074 500.890757833647
499.588678153646 499.489310771885
500.802402658877 501.014477531187
501.619452639654 499.300193033279
499.602117371492 500.339503331756
499.884112857633 499.434385110094
500.457172808348 498.637976185098
499.399729405436 502.023656294301
501.636444035629 501.36804350911
498.912940139553 500.291038260703
499.652828064439 500.22843569052
499.665711307114 501.352986535369
501.416257944928 499.341239516553
500.705778031601 499.57633986879
499.134465804248 500.746357261819
500.212867244196 498.239642323359
498.019494261266 500.245611689823
499.526666946756 498.69992290862
499.202078722219 499.921389709266
501.046018143985 500.466524257037
500.52850410428 500.619912068714
498.118444544253 500.260796508916
500.374206403294 500.854267839428
500.206677373466 498.554024740018
500.860205582253 500.797855714434
499.731256066642 498.167164752837
500.461615644351 498.52269751521
500.714610754607 501.319864082624
500.73191426299 501.571321105626
500.056298713489 501.124241323116
498.722930801314 500.366285924773
500.319612450184 498.370497502963
499.804176625919 498.997364384762
500.007611276981 501.458094752085
498.61131939406 500.775331925562
499.770729017502 499.849136614057
499.906465173008 500.914621044153
499.320342101843 497.871568594271
501.749012530258 500.510179524502
500.414850875719 499.776159921398
500.963563141789 499.162684224327
500.846906841385 500.019827141244
499.859249437458 499.804948074917
498.520200738408 499.678699030235
499.786026996055 498.956401173646
498.554470223667 499.099622788902
499.161428074898 499.013094337596
499.856682781731 498.588437301891
499.51614002771 500.848057424214
502.487594480646 500.279809137387
498.119366388722 500.424940640849
501.101172445555 499.84437194793
499.607864682284 498.155988966554
499.357717445016 500.867079724041
498.515229409628 501.198616806137
499.73594415964 501.238528418079
500.511055107479 499.144675306283
500.593776486846 500.865626546784
499.057780535244 501.561049930845
501.58780213275 500.027166874349
501.656098172687 499.848600653856
500.760445442622 500.435825674506
497.968123140407 500.907875634811
498.512173501571 501.6313426615
499.580349077876 501.304921745117
500.818932637441 501.925776777484
499.337599508922 498.74046367339
498.972567361897 500.439322568148
499.019497546567 499.818440748017
499.754924741476 500.632909775077
499.959190982329 500.866470099198
499.386926439861 499.566065153082
499.747964367304 500.058876911288
502.226123434399 499.431753514494
500.702911507696 500.99228149942
499.834000853749 499.417078268932
500.045600344747 499.703950970443
501.3187511916 502.327711832796
499.305607625917 500.230882594544
500.3927975669 499.395460288338
501.398376923914 498.533411940405
499.323051935015 499.261859804108
500.216574510939 500.196782880848
502.05017885983 500.195962053108
500.831809353652 499.828046334403
500.037034986211 499.735647208763
501.262767700968 498.641438783962
501.068948923226 500.006969443232
498.649822778075 501.923531107363
498.780803154858 500.317821467425
498.968891877222 499.107545025369
499.053648226018 499.54496491835
499.550889818239 500.901129824982
500.317261451831 498.651569024346
501.542667658027 500.133351634939
501.398872089977 500.104097581866
499.232860384602 499.436256612078
502.15940318462 500.211052374248
500.552605182591 499.151939277933
496.987243675212 501.077147484826
