500.836576084398 498.897225521516
500.140844283212 500.412553334216
502.302582920174 501.101528749664
499.343172975306 498.823392876553
500.783377051634 500.278623739472
500.358102282668 500.233808511634
500.386971859442 498.804148924281
500.88654189224 500.236498688285
498.700993037762 502.438928337834
501.04324883187 501.114930345967
499.717248373886 499.342650046614
499.210365783621 500.938711534391
500.603163093038 501.23676383192
500.281544969543 500.757640963625
499.15577957034 499.877097601083
500.254727088208 500.52211329763
500.287081256554 500.929731835804
500.160701364122 498.986386306165
498.575786063135 501.59059322269
499.497882233708 499.101365718469
498.833696838447 501.327501238387
500.027509353131 500.724245604095
499.914657420232 498.863336247159
500.684330985638 498.643267035656
499.524306074174 500.34325473477
499.987083473664 499.294472415033
501.05512987234 500.418013665254
499.613031127593 499.576972785699
498.852675710076 502.974736356743
500.618679295558 497.826803166027
501.632438211603 500.108809531161
499.349641953168 500.886962858818
501.184754874565 500.258485279477
499.71658052463 500.792569594784
500.678721124641 499.018353472732
499.996321010408 500.462790183685
501.450124120833 499.344387876896
499.725211828863 498.868614181443
501.228003383105 499.159998103067
501.806129809615 500.557282320396
499.632183382701 500.440743165704
499.676153180576 500.577166912044
499.923341526798 498.602574649897
499.387360504405 498.471416597549
501.961154822364 499.1246028653
501.15935507982 501.034415700854
499.469225668569 497.674113923257
501.672979815706 499.325283088344
499.050005238054 499.004115223938
497.345607718704 500.587565004372
502.515430379111 499.65934443664
499.551602428095 498.940607139742
499.36656949171 499.138527851116
499.646391900263 500.549913965379
500.519295924678 500.275621915322
500.617468072411 502.279898601745
500.105022276647 500.046106842172
500.455150329885 499.893006904473
499.817725220252 499.640391918839
501.885013466951 500.742364868597
500.678464710714 500.637387621372
499.168299129967 499.763353851062
501.389078414619 499.444356972732
500.748026104967 501.002095270299
498.701999291931 500.04036681984
499.101073596763 498.129122104385
500.699925702603 499.465405288798
499.732488029851 501.129429595169
499.822334790015 500.740522977287
500.095920855392 500.382359035065
498.199663971902 499.245511363543
499.754754987554 498.990837007524
501.825223248642 499.118116355833
498.59674889093 501.450753257489
499.98362087338 500.102735689729
498.164407189115 501.621656963659
499.138382287311 502.137552616405
501.156280731112 498.372489186148
498.548528734247 499.990321319102
500.245644636487 499.883729194375
498.887108895382 499.897090020687
500.146371750473 500.55034480578
498.376536641817 500.922008555692
501.588037070904 500.116365299611
499.682896543688 500.129011460113
500.033274266227 500.166146491849
498.347932895831 499.135389856297
500.907508939345 500.402435213466
499.236214843588 498.889998224747
500.682715744031 498.353304346546
501.74738978703 500.71669977547
500.987552555546 499.932475610849
498.236677498908 501.455170650541
501.181511126087 499.248976079292
499.135412961713 499.561135262324
501.383754980782 500.949582353152
499.652489346008 498.0001155386
499.303291615375 500.792238501267
501.395109880738 499.989336396262
499.635721115107 499.857883252454
500.534054233926 500.537952276355
502.122921138492 499.800171094977
500.071754741825 499.104606123884
501.301180229697 500.065824856047
500.321654801042 500.676452177953
501.247645536842 500.647785535843
498.829650900959 501.492451732344
501.974299013055 501.119414056656
500.772945507506 499.324241902584
499.586231834541 500.836427689242
500.873181326343 499.363255447084
500.033285820307 500.337099216347
501.083467105815 499.27151301323
500.767947382706 500.371316706403
499.704019334682 499.493529919113
498.485921981869 499.102979911304
500.176376602797 501.875157052059
499.874643352375 500.010994292038
498.432494401336 500.625790830391
500.814312505854 500.227504547753
500.454013725244 499.806202625845
499.352194529115 500.677517613276
499.900381608608 499.543460414674
501.061135240491 499.495116320484
498.876978539348 501.831218862285
499.497018987352 500.419239379068
498.985472186883 498.872628232136
499.815429477432 501.2644225493
499.066368448914 502.740481846636
498.282464324474 500.475957663828
499.194085164064 501.649443678077
500.878273097581 500.199471048765
500.978744553457 497.876119154001
501.023776234156 500.431869509484
498.596888137193 501.72581835884
499.077949389963 500.552339950865
499.410086473174 500.24727944347
499.616360426043 500.459380471946
500.90578130956 500.268585073537
498.980217458664 500.48995766281
500.614480814652 500.166069504838
499.231083591305 500.911939425305
501.01708064179 499.868316480559
500.946075086144 500.028863041094
499.560090502696 499.265546366836
499.686852783115 498.097092034673
500.787558665304 500.312553466695
499.244553315001 500.309732312057
499.105840657303 499.543591781134
500.503491984594 500.694601713445
497.9716495839 501.835406119775
499.591300970484 499.016207074524
500.199009176569 499.493137695532
499.32857679134 502.32380849973
499.636251410449 500.151657963191
501.266503699599 498.59370698278
500.303208903747 499.509656478101
498.666121688066 501.188916624884
501.280077071431 501.130678466738
499.685069729594 500.461126906824
498.525557514203 501.684195007252
500.581119230776 499.610963786244
499.277366944833 501.557580656613
499.653539485567 501.722027828399
499.562012701588 500.728700561158
497.521913016792 500.447049131811
500.597688948555 502.226064766762
499.495096137239 500.211872339441
499.899911858111 500.461857208033
500.271861496648 500.297744820548
498.295748026445 501.323918302602
501.263926795602 500.241283156948
501.370666431686 499.561580617427
499.252169496696 499.701645983696
498.27220990646 501.010030847685
500.26154935194 500.053529194269
500.046791847035 499.2272509906
498.556841516778 500.053790079852
498.793363222799 499.826541834917
500.651851646806 501.356545891105
499.766995335959 498.487152644596
499.058254931136 499.888922420086
500.382086871422 500.603986401882
501.692750165128 498.86826949919
499.288276152418 499.59334549512
500.793186624891 500.711970526795
501.137584727103 500.201424244028
498.550597541439 500.405086662703
500.604570575303 501.085858007413
499.293692308595 499.389947420977
500.01981127085 498.61253168116
500.573243124173 501.126083463365
500.665358354648 500.092240873962
498.908364202776 500.221157379036
499.317201591422 501.097192730633
500.576388110416 499.487552936203
501.152328793884 501.0295560747
500.089896720553 499.353144809965
502.25815608518 500.581377374626
499.090333079736 500.179904301501
501.716810994404 500.829117081143
500.62049651224 500.754431778751
501.203582010691 500.456392852352
499.153886044142 502.341784000942
499.79798706776 499.693257076866
500.8399560813 501.204027057721
499.78781530085 499.213118981769
499.687693357289 500.644225688207
500.091173420828 499.561815115681
500.296255102395 500.526269421554
500.847630786713 501.684820911928
501.990209836825 498.611904288921
500.869561597369 499.899184852167
501.514587399125 501.633087385285
500.181327735042 498.755163582948
500.019503397512 499.478583533604
500.878793901134 499.800629460801
502.462341519624 500.960782845181
500.696470028544 500.486645721776
499.317784139794 498.48128526137
499.298576178809 499.51262255192
500.043575821377 498.828229291591
500.061794489474 500.693555891541
499.015337670032 501.374268426501
498.729824745243 499.649129898942
498.965038379272 499.203585461191
500.325430221348 500.290017166758
499.622171638163 499.802010972241
498.47982338152 500.111646370504
500.122054024414 498.648423213267
501.47078480225 499.937666288559
500.231639992776 499.966875282498
500.048160292443 499.092099731022
502.530388758977 501.040163724628
500.158668362956 499.158927975417
497.775288599149 501.067284084543
499.497636534523 500.519705969817
499.317560030125 500.107983110813
498.641736362236 501.128037398816
499.900463665333 499.855837673858
499.055913259193 500.125356574309
499.434435188567 498.686011225712
499.740015766848 499.903865169191
499.601107845326 498.959550485303
496.80982795579 498.762278779366
500.287275831148 499.897396737365
500.826499485453 499.865110035158
500.842589138258 500.461956093756
500.579787527457 501.751402950924
500.042616164154 501.339138704636
500.59438315023 501.542528693675
500.12877846725 500.252785484242
499.275968577565 501.202582372674
500.437765086522 502.268570678977
499.621531070525 499.771213983909
498.963320024788 500.169284651872
501.643847976955 498.791585283222
500.537377899332 498.357825187754
500.462906589912 500.904757805644
499.243732197374 500.488005871109
498.90820708249 500.195813422578
499.337240751334 499.632681156538
498.52618401103 500.278813304436
499.922431668478 500.800701591274
498.437752209778 499.35172679976
500.253218825616 499.648611399754
499.491214423297 498.73575235309
498.740595169541 500.655205200953
501.150898557139 500.984796322393
499.332661018193 499.431722724795
501.249956979277 500.46994115152
500.42424736738 499.910821911302
499.849126031027 500.812686352576
498.264325354218 501.589755495477
499.454163610734 499.303641016623
499.551684339021 500.404409293747
500.091673177116 500.765318357076
501.567965258835 501.673584965795
498.487494728114 499.151614561935
500.610544337042 499.040879677512
500.128605142617 500.712598372322
499.558605936034 498.824427933926
499.258735291399 499.227496375399
500.472659175963 499.482630871465
502.205127723117 498.661900289036
499.209155642075 499.140613552783
499.487856726437 501.356351537265
500.054482660039 499.986335887526
499.465784216453 500.661798614738
499.862011533047 500.521944754647
500.381920637491 499.072451795922
499.192884205268 499.103341273507
499.063322646994 500.163451865711
501.225903495586 500.772815624367
499.357101517199 500.176382783906
501.745102983634 500.538483758763
501.086843376529 500.202896646486
499.798860877906 499.457981138107
498.527573435913 500.776370908494
499.286042345712 498.830412302323
499.695763626529 499.662544236935
502.115319653604 499.303431918329
499.056596188631 499.20281279193
499.786576700414 499.948590638133
500.485379943356 499.063506501587
500.696429932252 498.740940750467
499.979256505288 499.552876229078
499.830023344191 499.10806203595
499.200623263063 500.329732961646
499.137048896018 499.960108223641
499.742653635887 499.021274258197
498.393366775502 499.312872676348
499.696684511253 498.742990702102
500.380314878662 499.348539827442
498.058422579917 500.340246717383
498.790156907768 499.938671402313
501.461836224121 499.621411909779
500.9436990252 499.59597513179
500.787909799239 499.847429573308
499.526280202853 498.337443231963
499.709116132538 499.223823479713
500.548719009066 499.316072307893
501.048242101253 500.556437789761
501.652971035269 499.294028820717
500.640371719762 499.47094487786
499.347047627407 499.627332006375
500.233773669481 498.976982144212
499.55576736719 501.252443873003
499.683573382061 499.413272839959
500.179489525762 498.926170458488
501.305709018274 498.53854776864
499.814607534637 501.034311452348
500.448828497167 500.131630682539
500.952073452797 499.636120589698
498.919237489087 500.761909747081
499.957056148179 501.08072129766
498.860050170278 499.300778515648
501.299397303016 500.911423661028
500.613550713602 499.865217782108
499.5088599674 500.640846752245
500.382467257506 500.362042339156
501.070236298301 502.423121710695
500.259143258822 500.653008835821
501.297100622671 500.975250096907
497.858103661621 499.21944561427
500.043537314792 499.018512191848
501.084057404522 499.655092950295
500.499070574214 499.841545590296
500.23902948312 501.332884746088
501.530400830832 500.522821834052
499.791561182692 501.230458027246
498.7753722231 499.137197222443
500.438553497323 499.891074118658
500.46803418743 499.625110341983
500.258808405091 499.770802859006
501.116122899396 499.019676118795
500.181396349359 500.278426963245
499.723637073338 499.995630888481
500.807913673012 500.380247413505
499.468122239681 502.01294276079
500.80136559675 500.740402196854
499.649046589993 500.13559224528
498.713913746372 498.838432619034
500.677000455723 501.456229439201
500.714474305464 498.744792081214
501.898062892749 499.923917535276
502.148307990242 501.478002411237
500.096369156205 499.862934951251
499.585843703708 500.747589210977
498.667354226755 497.288248004032
498.301808086131 499.791197803783
500.213402605781 501.175821379511
498.733265518266 501.401891062139
501.315796134149 501.57722761836
501.12033160491 500.295700384156
499.668536128574 498.295032495009
499.229105813251 500.73851371269
500.448227996022 499.479460394691
497.294868612748 500.012296458804
499.967052637151 498.276765321072
498.088070627894 499.528595259612
499.71158703148 501.762021684016
501.321024814441 501.499389646706
500.183266214537 499.008187303376
499.886654504666 500.257046122082
500.672038398404 499.473735320175
500.433244027518 500.76992794051
500.899638436998 501.357753448388
500.886361158676 498.95491656224
500.155416732834 498.810022259709
497.918354410919 501.125493775064
499.215203057932 499.821571076166
500.107171125093 499.339133748999
500.988648168004 499.941454924491
499.923931794334 499.712164700819
500.677645908443 499.938453720034
501.140430796568 501.20400119095
499.923344137689 501.141743886751
499.027005581894 498.635651121954
499.881022896791 499.55340346534
