500.30807	501.17456
500.15146	500.5434
499.51855	501.71625
499.57745	499.2499
499.4463	500.87097
499.33585	499.072
500.87286	498.9196
500.69083	501.52884
499.75998	499.53232
499.80957	501.5371
500.29025	500.51666
500.2371	501.03644
498.88095	502.1266
501.09122	498.12686
499.42468	500.59927
499.4598	500.76108
500.12088	497.90976
499.74277	499.34332
499.8713	500.15723
500.17502	500.9899
500.44037	498.9868
500.05826	499.53558
501.5031	497.90027
499.99103	500.65527
499.06793	501.24713
500.1602	500.30762
499.07626	501.04126
499.77515	501.95102
500.2365	498.59616
499.655	500.6212
500.03513	500.7236
499.26804	499.17642
499.50128	500.7034
499.89056	500.92474
499.60986	499.27213
499.11258	498.3439
500.55643	500.90274
499.3526	497.38382
500.09024	500.201
500.47235	497.7855
500.38715	500.7053
499.7365	500.86334
500.0701	500.92212
500.68698	498.35782
499.8468	498.37885
499.47504	502.1087
499.45184	500.5598
499.19116	499.06485
499.65662	499.469
500.089	500.2117
500.27213	501.47302
500.491	498.44125
500.0372	500.1338
500.5894	498.50076
499.78464	500.29575
500.50824	498.79883
501.22287	498.77075
499.50153	500.6939
499.45483	499.4423
498.72906	498.5929
499.53296	498.21396
499.49442	500.89636
501.52496	503.25223
499.6578	499.2341
500.1859	501.44543
500.37256	501.35968
500.2571	500.717
499.62924	499.47766
500.59003	500.77417
501.55768	501.71713
500.06778	499.68723
499.7696	500.46265
500.01724	501.1908
498.48135	502.07205
500.2874	498.06448
500.74768	499.1506
499.88138	498.3508
500.07434	499.8728
500.06418	500.65686
500.84348	498.65906
499.57944	498.49338
500.19135	499.46573
500.7893	501.66714
501.46957	497.9722
500.41318	498.2014
499.14233	497.4298
499.50797	498.88904
500.3151	500.44162
499.84656	498.749
500.2777	500.65756
500.38815	498.32767
499.20566	498.36188
499.63074	498.3232
500.65506	498.55
501.00208	498.94543
500.4538	501.45944
500.4642	498.65512
500.44965	499.2752
498.60916	498.3615
499.60178	501.7205
498.9726	498.5552
499.50305	498.78946
499.51923	498.2162
500.42413	500.42548
498.09433	502.608
500.01498	500.73886
501.43027	501.6156
499.93387	501.12396
498.9864	498.5014
499.85315	500.57867
500.2807	501.3555
499.97937	502.10373
499.65732	498.81296
498.94113	498.8182
501.0163	501.6426
499.87592	499.2685
500.0954	500.23965
500.52048	499.47134
499.68585	499.56137
499.88348	498.00876
499.31982	500.83133
500.04926	500.4099
500.18112	500.2066
500.78882	501.28976
499.82385	498.79886
499.5934	499.42188
499.89224	501.26147
499.61942	498.5687
500.20016	500.8539
500.7035	498.97058
500.3018	501.04642
500.31824	497.85867
500.53467	501.6949
500.82578	498.90128
499.4618	498.3556
500.60486	501.2617
500.15643	499.5028
498.8649	498.706
500.0862	498.12997
500.10248	498.80667
499.9742	498.928
499.7718	500.81354
499.95776	502.37805
499.46017	498.92932
500.03033	501.38275
500.35782	499.36453
499.54544	498.40634
500.5952	500.69025
500.68567	501.25278
501.12073	502.12186
500.8016	499.17035
500.02582	501.47726
500.02798	497.81537
500.99265	501.2262
500.97446	498.32623
499.18387	501.17572
500.0776	501.05267
500.46783	498.6287
499.86392	500.41586
501.87817	502.94577
500.28207	499.41367
499.64883	497.50644
499.3545	499.34836
500.31116	500.9725
498.47748	501.56955
500.18256	499.76166
500.16272	498.99802
500.0122	500.17114
500.1932	501.09583
500.05692	500.3869
498.96323	501.2757
500.19696	499.49695
499.88504	500.5498
499.41803	500.98737
500.08466	499.38266
500.547	499.07156
499.75092	500.9292
499.8712	501.48883
499.31064	502.754
499.6613	500.7948
499.54324	498.3972
499.76978	499.61575
500.46133	501.70355
499.65118	501.1096
499.27252	499.15164
500.01416	500.03363
500.27228	500.36993
500.06604	500.1137
499.74222	500.70416
501.50626	501.61612
500.5778	501.16296
500.83957	498.72684
499.5751	498.1648
500.07877	500.2293
499.14954	501.54645
500.89877	500.9328
499.54678	498.68854
500.29843	500.79166
500.35757	499.61786
500.52457	498.4549
499.91354	500.93445
500.82733	501.55682
500.10556	500.27942
500.13043	499.55203
500.6135	501.46558
500.14175	498.93564
500.36728	501.34912
498.9106	498.83633
500.04193	499.1226
500.47104	500.5114
500.7359	498.38538
501.36142	498.14468
501.26254	501.32047
499.6686	499.03754
500.07053	498.7315
499.9553	501.1414
500.4925	501.45096
500.2715	501.75348
499.63452	501.36288
500.17093	501.94394
499.88284	500.46237
500.2721	499.5055
501.53497	498.2485
500.92493	501.1337
499.7493	498.5507
500.0192	500.0297
499.53793	499.35846
499.95145	500.3962
500.42084	499.16748
500.27216	499.2349
498.05704	497.8658
500.11887	499.6185
500.38248	498.8765
499.41766	499.2421
499.34512	500.84326
501.03714	501.06094
498.36224	502.36203
499.58347	499.10117
499.1779	498.1066
499.74927	500.58752
501.1239	498.8099
499.56836	498.84512
499.57614	501.5302
500.15515	500.6611
500.21576	499.65427
499.07043	499.0259
499.75885	498.95663
500.47464	500.90344
500.08875	498.8654
500.71207	500.77863
501.338	501.5085
499.42865	499.3857
499.9779	499.45963
499.68906	498.96844
499.24182	497.0196
500.34732	501.9839
499.7311	500.42325
499.86258	500.1523
498.9869	498.58102
499.15833	501.87668
499.87253	499.6946
500.5049	501.06195
499.43298	498.6604
499.63104	499.0267
499.6291	498.84958
500.48547	501.28207
499.60355	499.36993
499.99628	498.47934
500.72467	500.9922
500.04614	499.51114
500.75174	500.80035
498.375	498.3019
500.2921	500.38724
500.28214	499.70245
499.6853	499.18832
501.37875	498.59976
499.7819	499.63495
500.36362	499.25104
500.7491	500.94418
499.82	500.7956
499.7674	499.54733
500.3609	498.16928
499.7085	499.29312
499.50525	498.38007
500.00305	500.6647
500.4229	497.89212
499.59662	500.42422
499.29218	500.78433
500.2038	500.9759
498.6676	498.2835
499.8719	500.88077
499.70175	499.24002
500.5272	501.69443
499.53235	501.84186
500.26904	498.09967
499.4885	500.68094
501.15652	502.44653
499.6912	498.29074
499.9081	501.24008
500.74255	498.82224
499.9156	500.12726
499.75604	500.8414
500.18628	502.48282
500.85995	498.05643
499.93115	499.70987
500.08286	501.8153
499.4861	501.02603
499.93463	501.1995
499.27597	498.4393
499.90723	502.06558
500.3604	498.94696
499.84863	500.3588
499.11786	498.17834
499.78485	502.08707
499.8682	500.3734
499.95438	500.12488
499.85406	499.74243
501.0443	501.0505
499.0612	499.00208
498.80206	497.7648
499.4777	500.6688
499.79532	502.41296
500.10107	500.167
499.8254	498.4457
500.73892	501.60806
500.19476	501.1582
499.69574	499.2168
500.0975	499.55573
500.42834	499.2391
500.25058	500.6543
500.11728	499.72366
500.11563	500.3648
500.06244	500.49124
500.1862	501.37436
500.99564	498.09988
500.34943	500.40466
499.88684	498.34854
498.9083	498.02972
500.66727	498.85535
499.81607	500.30704
500.7933	501.60333
499.67722	499.56702
500.14798	501.32776
500.3388	498.63483
500.64862	498.8156
499.96063	499.5325
499.96207	500.0929
499.8223	500.88367
500.2854	497.9868
500.1488	501.04785
498.9195	498.77307
498.23178	502.0502
500.80737	501.1234
500.7382	499.0475
499.94684	499.75842
499.80066	497.42065
499.1395	498.76263
499.59787	499.4705
499.46466	501.3024
500.22305	500.3447
500.16187	502.0781
499.78284	500.29172
499.9849	499.1428
500.4807	500.6879
499.63257	500.8172
500.2264	501.5712
499.7809	500.32242
500.86606	498.83096
500.0216	500.42593
499.9428	498.7546
500.0608	500.29404
499.37018	500.66367
500.4461	499.30063
500.4071	498.3993
501.20245	498.5405
500.07935	501.70096
500.12692	499.80487
500.09293	498.63568
499.77765	500.9266
500.11823	501.23242
499.2907	498.78058
500.0282	498.88794
499.7322	498.64935
500.43887	500.826
500.00125	497.3513
500.05377	498.24597
499.8847	498.80905
498.51608	501.77557
499.7826	501.19287
500.63498	498.57822
499.08246	501.1498
500.56274	501.7326
499.56708	499.03687
499.54532	501.07394
499.5909	499.22113
499.80606	500.55878
498.11722	502.03033
500.31085	499.04163
501.04947	498.84332
500.0733	500.9998
