500.83658	498.89722
500.14084	500.41257
501.10153	502.30258
499.34317	498.8234
500.27863	500.7834
500.2338	500.3581
500.38696	498.80414
500.2365	500.88654
498.701	502.43893
501.04324	501.11493
499.71725	499.34265
499.21036	500.93872
500.60315	501.23676
500.28156	500.75763
499.8771	499.1558
500.25473	500.52213
500.28708	500.92972
500.1607	498.9864
498.57578	501.5906
499.4979	499.10138
498.8337	501.3275
500.0275	500.72424
499.91464	498.86334
500.68433	498.64328
500.34326	499.5243
499.9871	499.29446
500.418	501.0551
499.61304	499.57697
498.85266	502.97473
500.61868	497.8268
500.1088	501.63245
499.34964	500.88696
500.25848	501.18475
499.71658	500.79257
500.6787	499.01834
499.9963	500.4628
499.3444	501.45013
499.72522	498.86862
499.16	501.228
500.55728	501.80612
499.63217	500.44073
499.67615	500.57718
499.92334	498.60257
499.38736	498.4714
499.1246	501.96115
501.03442	501.15936
499.46924	497.6741
499.3253	501.67297
499.05002	499.00412
500.58755	497.3456
499.65933	502.51544
499.5516	498.9406
499.36658	499.13852
499.6464	500.54993
500.27563	500.5193
500.61746	502.2799
500.0461	500.105
499.893	500.45514
499.81772	499.64038
500.74237	501.885
500.6374	500.67847
499.76337	499.1683
499.44437	501.38907
500.74802	501.0021
500.04037	498.702
499.10107	498.12912
499.4654	500.69992
499.73248	501.12943
499.82233	500.7405
500.09592	500.38235
499.2455	498.19968
499.75476	498.99084
499.1181	501.82523
498.59674	501.45074
499.9836	500.10272
501.62164	498.1644
499.1384	502.13754
501.15628	498.3725
499.99033	498.54852
499.88373	500.24564
499.8971	498.88712
500.14636	500.55035
500.922	498.37653
500.11636	501.58804
500.129	499.6829
500.03326	500.16614
499.13538	498.34793
500.40244	500.9075
499.2362	498.88998
500.6827	498.3533
500.7167	501.74738
499.93246	500.98755
501.45517	498.23666
499.24896	501.18152
499.56113	499.1354
500.9496	501.38376
499.6525	498.00012
499.30328	500.79224
499.98935	501.3951
499.85788	499.6357
500.53406	500.53796
499.80017	502.12292
500.07175	499.1046
500.06583	501.30118
500.32166	500.67645
500.6478	501.24765
498.82965	501.49246
501.11942	501.9743
499.32425	500.77295
499.58624	500.83643
499.36325	500.87317
500.0333	500.3371
499.2715	501.08347
500.3713	500.76794
499.704	499.49353
499.10297	498.48593
500.1764	501.87515
500.011	499.87463
500.6258	498.4325
500.2275	500.8143
499.8062	500.454
499.3522	500.67752
499.9004	499.54346
499.49512	501.06113
498.87698	501.8312
500.41925	499.497
498.98547	498.87262
499.81543	501.26443
499.06638	502.74048
500.47595	498.28247
499.1941	501.64944
500.19946	500.87827
500.97876	497.87613
500.4319	501.02377
498.5969	501.72583
500.55234	499.07794
500.24728	499.4101
499.61636	500.45938
500.2686	500.9058
500.48996	498.98022
500.16608	500.61447
499.23108	500.91193
499.86832	501.0171
500.02887	500.94608
499.5601	499.26553
499.68686	498.0971
500.31256	500.78757
500.30972	499.24457
499.54358	499.10583
500.50348	500.6946
501.83542	497.97165
499.5913	499.0162
500.199	499.49313
499.32858	502.32382
500.15167	499.63626
501.2665	498.59372
500.30322	499.50964
501.1889	498.6661
501.13068	501.2801
499.68506	500.46112
498.52554	501.6842
499.61096	500.58112
499.27737	501.5576
499.65353	501.72202
499.562	500.7287
500.44705	497.5219
500.5977	502.22607
500.21188	499.4951
499.8999	500.46185
500.27185	500.29776
501.3239	498.29575
500.24127	501.26392
499.56158	501.37067
499.70166	499.25217
501.01004	498.27222
500.05353	500.26154
500.04678	499.22726
500.0538	498.55685
499.82654	498.79337
500.65186	501.35654
499.767	498.48715
499.88892	499.05826
500.38208	500.60397
498.86826	501.69275
499.59335	499.28827
500.71198	500.79318
500.20142	501.13757
500.4051	498.5506
500.60458	501.08585
499.38995	499.2937
500.0198	498.61252
500.57324	501.1261
500.09225	500.66534
500.22116	498.90836
499.3172	501.0972
499.48755	500.5764
501.02954	501.15234
500.0899	499.35315
500.5814	502.25815
500.1799	499.09033
500.82913	501.7168
500.62048	500.75443
500.4564	501.20358
499.1539	502.3418
499.79797	499.69327
500.83997	501.20404
499.7878	499.2131
499.68768	500.64423
500.0912	499.56183
500.29626	500.52628
500.84763	501.6848
498.6119	501.9902
499.89917	500.86957
501.5146	501.6331
500.18134	498.75516
500.0195	499.47858
499.80063	500.87878
500.9608	502.46234
500.48663	500.69647
499.31778	498.4813
499.51263	499.29858
500.04358	498.82822
500.0618	500.69354
499.01535	501.37427
499.64914	498.72983
499.20358	498.96503
500.29	500.32544
499.802	499.62216
500.11163	498.47983
500.12204	498.64844
499.93765	501.4708
499.9669	500.23163
500.04816	499.0921
501.04016	502.5304
500.15866	499.15894
501.0673	497.7753
499.49765	500.5197
500.10797	499.31757
501.12805	498.64172
499.90045	499.85583
500.12537	499.0559
499.43445	498.686
499.90387	499.74002
499.6011	498.95956
498.76227	496.8098
499.8974	500.28726
499.8651	500.8265
500.46194	500.8426
500.57977	501.7514
500.0426	501.33914
500.5944	501.54254
500.12878	500.25278
499.27597	501.20258
500.43777	502.2686
499.7712	499.62152
500.16928	498.96332
498.7916	501.64386
500.53738	498.35782
500.46292	500.90475
500.488	499.24374
500.1958	498.9082
499.6327	499.33725
500.2788	498.52618
499.92242	500.8007
499.3517	498.43774
500.2532	499.64862
499.4912	498.73575
500.6552	498.7406
500.9848	501.1509
499.43173	499.33267
500.46994	501.24997
499.91083	500.42426
499.84912	500.81268
501.58975	498.2643
499.45416	499.30365
500.40442	499.5517
500.09167	500.76532
501.56796	501.67358
499.1516	498.4875
500.61053	499.0409
500.1286	500.7126
499.5586	498.82443
499.25873	499.2275
500.47266	499.48264
498.6619	502.20514
499.20917	499.14062
499.48785	501.35635
499.98633	500.05447
499.4658	500.6618
499.862	500.52194
500.38193	499.07245
499.19287	499.10333
500.16345	499.06332
500.77283	501.2259
500.1764	499.35712
500.53848	501.74512
500.2029	501.08685
499.79886	499.45798
500.77637	498.5276
499.28604	498.8304
499.69577	499.66254
499.30344	502.11533
499.20282	499.0566
499.94858	499.7866
500.48538	499.0635
500.69644	498.74094
499.97925	499.5529
499.83002	499.10806
500.32974	499.20062
499.9601	499.13705
499.74265	499.02127
499.31287	498.39337
499.6967	498.74298
500.3803	499.34854
500.34024	498.0584
499.93866	498.79016
499.6214	501.46182
499.59598	500.9437
499.84744	500.7879
499.52628	498.33743
499.7091	499.22382
500.5487	499.31607
500.55643	501.04825
499.29404	501.65298
499.47095	500.64038
499.62732	499.34705
500.23376	498.977
499.55576	501.25244
499.68356	499.41327
500.1795	498.92618
501.3057	498.53854
499.8146	501.0343
500.13162	500.44882
499.6361	500.9521
500.7619	498.91925
499.95706	501.08072
499.30078	498.86005
500.91144	501.2994
499.8652	500.61356
499.50885	500.64084
500.36203	500.38248
501.07025	502.42313
500.25916	500.653
500.97525	501.2971
499.21945	497.8581
500.04355	499.01852
499.6551	501.08405
499.84155	500.49908
500.23904	501.3329
500.52283	501.5304
499.79156	501.23047
499.1372	498.77536
499.89108	500.43857
499.62512	500.46805
499.7708	500.25882
499.01968	501.11612
500.1814	500.2784
499.99564	499.72363
500.38025	500.80792
499.4681	502.01294
500.7404	500.80136
500.1356	499.64905
498.83844	498.71393
500.677	501.45624
500.71448	498.74478
499.92392	501.89807
501.478	502.14832
500.09637	499.86295
499.58585	500.7476
498.66736	497.28824
499.7912	498.30182
500.2134	501.1758
498.73328	501.4019
501.3158	501.57724
500.29572	501.12033
499.66855	498.29504
500.73853	499.2291
500.44824	499.47946
500.0123	497.29486
499.96704	498.27676
499.5286	498.08807
499.71158	501.76202
501.321	501.4994
500.18326	499.00818
499.88666	500.25705
499.47372	500.67203
500.43326	500.76993
500.89963	501.35776
500.88635	498.95493
500.15543	498.81003
501.1255	497.91837
499.82156	499.2152
500.10718	499.33914
499.94147	500.98865
499.92392	499.71216
499.93845	500.67764
501.14044	501.204
499.92334	501.14175
499.027	498.63565
499.881	499.5534
