563 669
432 962
655 630
360 631
490 137
381 886
681 297
259 608
514 3
415 28
689 951
289 990
674 710
540 803
507 832
357 359
466 188
728 469
644 698
498 335
648 170
414 121
556 438
588 397
315 697
422 606
591 692
656 895
740 373
573 976
721 452
700 622
563 233
299 987
557 429
695 515
682 494
562 552
551 352
529 156
620 170
380 47
572 865
601 307
372 677
543 134
740 502
573 262
730 772
261 276
636 755
630 357
381 784
663 832
530 247
446 954
470 369
728 796
274 315
576 169
670 742
388 452
330 606
562 131
438 190
718 406
723 234
715 46
575 546
288 432
550 577
410 462
406 92
380 393
378 879
551 858
653 508
619 971
670 587
366 954
647 371
309 698
410 982
640 327
742 603
470 441
748 259
301 593
522 919
319 577
519 576
564 741
386 829
530 907
558 765
703 365
627 671
540 439
574 406
532 88
313 428
253 252
466 588
736 773
722 770
342 988
340 401
581 969
447 248
390 68
714 270
311 250
650 586
261 963
326 399
316 336
253 268
621 381
714 367
684 405
731 760
263 705
301 415
744 979
643 316
746 934
546 556
441 464
729 959
728 646
722 638
522 808
393 543
398 753
382 371
456 121
605 992
365 744
567 787
467 904
285 944
611 161
309 582
749 398
403 913
398 450
506 604
725 197
330 14
577 992
640 463
347 842
523 942
398 473
287 846
491 101
550 828
682 720
348 550
630 564
294 230
569 229
262 159
349 62
308 315
598 664
283 122
412 67
285 177
712 449
378 860
367 455
367 238
484 977
708 560
385 31
571 235
287 314
437 956
408 272
739 338
585 880
297 583
375 78
639 492
324 45
480 246
613 868
262 866
344 542
265 562
434 177
665 825
397 923
622 98
349 692
544 808
512 25
564 741
394 508
593 726
585 336
716 599
259 294
406 687
358 156
540 159
295 893
727 686
298 45
570 533
727 61
393 932
458 379
440 543
380 659
548 403
510 450
549 985
690 258
643 737
625 997
536 721
433 807
574 345
337 300
414 57
545 610
711 370
676 752
618 49
499 553
698 282
365 114
615 465
296 791
696 431
324 786
351 911
368 522
305 234
339 121
470 364
720 398
606 475
650 977
643 384
427 252
724 117
573 622
710 985
564 859
516 540
498 104
289 714
457 149
547 97
571 278
426 889
317 62
607 78
744 844
266 183
411 263
571 460
366 565
534 223
580 921
432 698
487 47
706 301
728 730
316 952
451 261
631 507
678 357
331 694
456 410
474 532
303 996
268 417
488 789
626 315
703 888
458 362
660 466
624 616
545 837
726 92
708 764
330 645
711 129
491 497
617 981
491 997
347 393
283 644
705 468
305 374
442 347
561 280
632 160
581 767
653 602
581 59
546 867
250 89
356 442
297 954
423 511
613 902
695 935
631 202
336 752
336 145
653 429
582 411
442 302
511 640
734 835
617 992
523 560
567 658
411 502
262 847
427 885
284 914
385 623
415 922
710 888
319 647
344 946
704 203
262 697
503 370
663 759
472 884
718 340
310 11
444 591
261 49
300 799
434 768
333 458
486 956
449 229
492 624
723 827
388 164
361 674
618 109
273 244
353 579
655 98
717 694
405 562
511 269
554 174
529 301
261 649
312 311
548 76
589 691
733 54
443 979
454 697
533 895
546 45
476 650
599 831
380 710
288 618
612 30
716 950
732 620
338 646
264 214
659 235
515 5
740 239
452 607
489 841
414 466
741 904
656 264
725 143
641 885
537 742
707 513
254 220
326 325
624 735
479 888
693 365
558 76
276 952
575 588
623 408
312 955
671 929
