462 598
569 979
555 410
401 19
532 442
613 584
686 901
439 749
551 783
458 55
320 588
567 680
656 769
276 538
401 524
645 649
475 681
692 30
642 378
274 628
312 243
310 911
300 316
618 94
374 66
481 358
549 745
629 762
570 663
518 105
517 517
543 219
578 979
733 632
356 25
448 274
437 804
360 867
678 333
252 660
418 717
459 725
252 416
632 951
507 286
459 318
667 437
597 897
288 847
391 198
469 124
388 153
622 926
625 467
688 400
686 72
735 25
538 994
655 892
728 130
324 67
255 950
386 138
637 263
355 906
636 292
376 671
375 240
407 236
410 817
491 716
539 284
577 693
516 88
339 528
424 780
675 985
593 620
478 805
319 214
503 358
653 0
327 932
311 173
675 313
656 141
562 481
728 329
286 46
373 723
385 645
570 226
548 378
264 254
366 197
299 703
670 986
735 642
294 532
383 323
320 451
712 939
556 463
533 127
383 443
538 78
583 136
321 549
365 981
467 155
346 217
591 125
464 406
467 614
642 357
387 234
609 410
308 682
646 170
623 289
593 512
692 629
511 561
519 356
251 747
548 68
640 402
721 689
266 308
559 294
265 710
637 802
270 732
542 800
587 69
501 738
299 410
689 315
253 509
661 880
512 779
574 971
687 884
588 43
301 261
268 302
363 215
483 148
330 870
355 661
518 165
554 575
559 318
682 265
402 885
408 43
406 499
364 457
328 333
594 678
534 739
581 37
577 258
648 338
740 677
704 461
341 178
411 860
341 328
432 250
455 824
513 954
599 233
543 618
559 390
589 387
696 852
611 11
377 332
326 677
497 337
533 399
371 62
394 834
387 965
322 337
325 212
443 937
591 101
254 520
706 520
321 770
530 721
438 376
519 216
339 33
377 157
669 436
599 886
698 913
438 458
316 557
611 19
689 587
638 890
343 477
361 755
649 237
368 611
687 34
600 74
645 228
409 657
441 988
647 282
597 961
576 933
411 579
692 237
613 631
267 700
675 653
558 38
739 121
606 573
695 140
372 811
671 41
578 767
317 18
476 728
473 364
415 610
533 216
325 345
705 208
420 880
269 382
573 638
629 5
267 248
287 198
562 152
304 344
530 333
290 984
415 740
456 250
321 631
399 325
420 603
466 482
292 111
483 348
730 864
501 597
678 581
627 782
685 6
460 734
456 868
287 212
283 880
437 379
263 193
541 443
587 19
263 338
276 832
496 7
537 882
264 733
355 452
285 898
307 278
634 415
257 747
484 906
329 991
333 511
458 218
707 149
524 131
510 356
438 655
448 70
610 530
481 317
393 552
483 197
432 642
643 578
405 312
262 927
487 990
374 402
500 321
457 245
671 899
459 352
578 680
376 172
319 206
418 565
515 720
499 974
424 784
570 770
735 63
262 44
537 541
545 853
728 347
619 624
649 557
435 153
586 249
479 818
559 861
346 132
347 961
415 980
289 877
534 733
402 573
551 587
397 817
686 665
369 686
707 780
664 859
426 850
411 550
367 627
296 834
436 730
511 633
727 891
404 918
267 351
730 906
396 99
534 194
612 584
303 596
319 917
368 315
685 804
504 232
291 642
710 878
287 594
575 61
665 669
616 751
289 897
726 11
735 686
497 686
676 482
683 83
560 41
446 884
322 452
711 964
412 555
609 106
745 663
561 683
610 779
708 472
597 383
520 268
706 741
746 226
600 348
519 103
355 936
447 316
694 208
359 366
634 865
271 21
410 391
572 349
539 317
421 350
704 775
400 979
672 383
273 78
546 223
590 558
607 37
560 160
381 201
746 621
281 455
643 192
632 704
