472 134
534 341
547 333
732 1000
268 26
613 141
417 794
669 65
705 790
293 8
619 476
427 672
537 716
583 70
495 509
667 461
485 86
719 834
298 916
656 676
633 117
688 818
264 982
617 788
558 781
265 538
416 372
556 837
472 565
690 190
738 714
544 475
283 113
640 581
541 342
306 421
267 491
593 650
591 904
289 958
391 414
698 177
318 53
310 600
685 800
355 975
587 311
486 403
314 47
479 145
498 268
377 88
720 842
750 17
616 871
366 218
421 266
567 960
712 467
714 571
713 210
717 902
341 833
522 663
670 932
606 588
283 156
439 893
629 1000
610 467
343 829
524 593
746 471
689 751
452 393
467 887
589 581
541 933
745 673
342 126
381 325
671 320
473 101
548 425
401 4
341 578
387 895
356 808
447 600
358 28
703 926
370 532
251 411
478 507
555 106
305 768
428 394
630 778
446 406
284 612
335 332
357 105
725 701
434 382
539 451
323 854
665 393
285 540
254 142
726 963
259 379
349 639
542 348
328 732
573 57
348 287
417 819
562 630
404 138
629 814
283 537
597 64
389 646
388 715
631 66
652 509
721 130
683 740
362 697
615 687
595 632
643 722
400 274
448 948
631 343
541 753
541 280
292 906
401 673
527 951
690 790
427 2
386 773
734 769
404 622
680 108
338 479
588 302
368 220
473 307
711 520
541 674
516 342
484 397
627 743
292 128
393 802
733 706
506 560
701 425
438 395
613 578
589 304
390 709
260 379
604 749
683 640
286 65
513 170
557 994
359 175
344 303
601 49
622 576
609 967
270 724
527 990
431 779
504 520
255 82
530 981
676 963
523 258
473 822
724 162
500 579
619 969
407 899
590 468
343 918
564 712
489 773
686 273
390 895
652 166
541 986
720 477
744 724
702 944
350 881
253 682
283 755
662 910
431 810
558 293
420 859
582 172
719 305
505 713
604 452
455 537
509 475
387 365
595 477
735 367
697 672
536 158
519 716
452 718
573 762
500 747
620 252
261 707
654 132
501 466
366 418
478 543
310 862
561 311
668 560
687 576
407 41
451 589
321 516
712 620
669 662
517 513
533 179
488 624
504 775
579 820
522 200
302 387
732 517
298 877
338 361
513 953
268 369
412 790
454 640
714 802
609 986
626 677
315 135
690 900
514 676
372 219
306 475
638 557
354 118
495 477
467 520
738 892
730 975
321 870
316 868
686 860
434 152
489 447
702 655
510 685
643 786
458 75
629 957
402 46
320 527
640 309
638 780
484 524
388 919
392 690
587 634
630 906
259 335
678 442
269 403
610 902
672 251
603 366
654 446
651 577
349 811
636 63
748 715
548 976
588 906
428 495
596 469
292 40
598 807
733 224
354 649
437 153
639 557
366 445
343 379
337 316
464 711
522 66
327 533
343 169
473 93
735 973
318 91
292 577
259 166
558 491
287 116
684 99
531 419
327 49
426 197
376 427
704 781
387 292
342 462
327 303
460 666
425 140
485 716
747 158
294 931
613 340
657 331
303 609
308 53
746 27
267 113
719 328
388 404
397 242
698 798
295 364
328 507
729 752
533 672
640 257
669 696
420 158
330 613
625 497
405 514
353 371
289 809
408 413
708 659
719 622
479 921
695 256
571 421
729 344
422 42
456 585
572 345
475 557
451 565
674 57
589 313
654 179
584 740
654 816
657 476
515 191
511 62
584 119
382 116
670 630
367 780
655 444
707 934
382 961
483 980
361 948
468 930
334 753
414 861
463 902
347 393
416 438
413 494
412 174
284 804
500 637
252 76
665 238
701 893
289 613
281 160
288 913
402 233
