314 348
452 673
263 547
413 95
697 764
541 81
610 49
529 769
628 270
343 873
655 220
366 502
439 310
719 905
637 996
389 413
472 686
700 252
613 522
540 541
365 860
634 276
644 940
335 647
463 356
553 493
718 200
471 203
554 569
329 133
594 637
670 357
503 846
279 710
467 167
679 170
456 561
311 14
709 436
505 145
539 256
318 132
400 115
665 690
654 227
542 143
314 387
689 850
318 608
422 931
621 243
438 836
600 404
291 305
650 356
716 190
264 374
648 611
649 609
584 240
316 402
546 661
534 828
737 0
381 665
689 459
419 985
462 405
357 46
484 261
676 316
472 587
371 107
331 916
515 434
364 771
578 810
606 33
641 737
299 180
390 13
652 366
716 906
413 775
262 657
367 387
259 160
677 654
562 571
585 400
598 134
467 20
535 366
703 281
306 645
674 182
703 168
699 26
351 372
254 370
601 866
390 571
619 761
572 902
332 45
430 339
272 484
734 900
621 420
399 638
669 52
339 828
566 229
640 174
298 711
458 610
630 506
564 150
518 861
346 32
586 788
438 626
744 315
420 185
335 0
542 881
650 563
277 57
269 848
520 330
662 396
425 385
375 153
314 530
261 108
508 283
271 103
473 245
518 114
714 545
370 355
675 178
492 926
551 253
660 632
416 371
633 412
429 5
643 123
352 508
698 52
326 582
462 838
522 210
557 1000
257 315
707 672
354 27
507 863
258 568
299 437
653 930
313 807
631 176
630 599
251 970
518 887
487 481
692 361
630 213
398 853
512 577
481 478
264 161
286 922
731 935
610 149
691 233
497 900
473 302
534 12
407 210
283 552
435 618
262 293
398 411
400 565
258 849
734 746
501 62
441 734
692 377
631 423
328 455
539 259
505 570
412 94
295 528
685 500
565 271
698 735
328 281
658 72
618 570
539 82
446 620
681 339
482 418
727 175
728 639
741 72
612 475
308 801
369 822
677 69
653 744
731 197
263 860
556 322
262 664
700 602
589 633
441 956
640 710
531 212
689 643
618 755
631 968
290 378
630 651
610 178
444 453
525 776
583 954
638 866
272 11
548 291
257 479
340 221
722 409
355 164
600 571
682 423
599 465
737 360
285 821
623 74
704 781
527 490
667 231
714 319
581 986
672 880
676 170
719 9
451 333
536 855
275 841
569 575
582 144
718 528
719 671
611 956
268 904
642 998
383 427
706 245
571 269
690 287
288 786
530 900
581 666
646 386
520 471
329 945
621 215
545 733
257 825
399 735
427 940
304 749
398 409
616 154
539 580
556 441
339 435
724 268
505 103
255 38
636 360
490 367
638 42
502 409
435 450
386 908
530 928
355 134
646 867
451 734
456 782
538 759
293 395
744 314
538 207
447 895
502 790
674 694
490 389
472 987
398 517
481 943
474 780
451 959
666 279
743 312
656 73
713 795
550 139
402 522
254 918
619 126
279 537
472 760
312 525
604 468
748 803
606 830
456 290
635 228
657 354
602 972
267 254
380 670
629 555
302 679
277 292
459 49
709 627
378 26
744 346
536 317
599 10
446 515
428 75
653 397
294 684
474 998
720 935
259 643
285 168
571 243
590 531
459 202
623 823
285 970
413 812
714 180
354 209
627 848
721 510
607 348
327 122
428 582
274 394
515 577
648 531
606 954
368 388
296 563
633 961
328 853
443 834
670 658
451 118
564 719
288 936
258 483
724 430
657 90
503 132
651 37
707 769
353 970
346 508
393 915
301 299
484 108
735 660
463 360
388 188
595 934
604 920
706 173
680 726
601 301
543 849
473 481
322 663
457 524
496 775
