575 434
739 395
469 558
455 615
298 477
509 498
495 806
283 387
477 21
406 857
296 69
510 275
356 756
657 722
396 15
393 620
583 605
444 522
710 685
610 630
500 563
475 644
696 831
323 772
251 252
633 492
730 294
360 954
456 599
303 829
306 788
417 362
717 56
713 113
452 924
628 798
394 109
508 960
505 87
502 635
540 93
395 250
496 603
624 942
410 188
724 128
654 702
616 158
710 646
379 124
715 54
628 627
519 173
569 296
306 251
672 54
732 163
600 228
714 279
709 158
450 687
417 437
317 208
510 220
369 763
306 272
694 214
618 619
750 943
517 938
733 705
475 551
684 241
336 184
478 171
273 722
486 644
280 808
661 30
390 863
621 131
308 899
582 897
672 97
577 579
388 983
646 55
631 538
628 602
347 561
544 195
272 103
335 566
474 264
494 484
490 527
330 521
416 154
594 850
745 926
673 240
435 811
508 318
325 868
705 71
473 511
399 652
460 676
259 798
689 754
451 196
497 460
396 437
348 715
737 357
662 246
382 683
324 849
599 253
560 757
311 215
373 592
663 955
749 44
477 871
658 827
423 403
719 338
721 932
510 302
566 41
545 145
577 210
303 909
510 870
614 81
470 286
530 785
499 453
711 287
580 94
666 227
645 527
316 558
654 521
386 138
709 559
357 510
277 866
712 111
589 215
660 319
406 364
743 247
348 404
532 63
299 895
444 657
348 364
323 284
734 199
652 52
619 507
482 283
259 997
633 882
689 957
258 170
373 987
504 636
574 705
720 504
424 741
295 985
456 811
739 320
706 466
285 35
638 407
311 822
349 391
556 148
628 961
634 645
347 516
546 416
256 908
273 361
377 377
508 344
329 733
504 535
471 11
584 278
604 526
701 5
335 55
668 833
460 461
382 786
520 778
570 299
509 370
284 850
392 850
400 400
477 387
428 118
290 534
618 439
572 39
316 372
401 115
370 849
675 977
555 505
669 104
306 411
646 54
513 158
276 941
321 760
343 370
575 370
511 141
719 339
382 330
504 239
276 207
310 41
449 447
585 153
291 621
540 862
635 290
547 173
508 667
512 61
283 333
281 729
305 156
404 923
644 106
409 277
655 103
438 833
472 925
509 30
625 407
579 336
681 24
576 180
305 174
609 925
530 570
627 888
415 417
296 695
541 585
663 776
488 231
720 307
298 866
273 190
744 431
393 702
325 302
589 833
503 553
367 491
535 787
326 561
613 511
269 240
474 880
555 527
727 569
494 629
546 31
420 223
549 771
521 7
440 332
436 441
688 85
742 281
743 439
716 892
392 342
562 914
562 967
424 521
345 665
343 115
639 24
302 353
475 862
599 722
436 909
641 651
360 411
257 259
697 872
354 574
297 415
323 73
318 239
549 7
617 927
705 325
605 50
604 490
374 402
472 997
467 331
747 737
421 535
439 981
327 38
368 595
624 804
613 825
546 900
491 625
469 750
616 182
462 392
454 989
252 906
639 709
304 721
734 621
603 521
662 521
665 747
432 632
741 322
628 877
359 962
599 119
720 720
344 384
313 775
331 334
585 957
370 676
458 174
557 607
638 161
300 469
317 617
529 752
562 196
659 8
559 37
407 300
431 67
361 74
582 412
665 717
628 652
710 309
349 309
612 511
359 974
563 305
274 627
731 212
649 948
685 654
730 436
654 701
457 151
577 589
625 565
392 783
305 349
422 931
585 926
535 236
537 926
461 643
551 41
293 499
369 516
520 676
629 914
693 776
342 24
338 540
647 876
474 301
331 988
663 849
307 846
746 62
633 754
424 455
461 2
729 797
