473 472
322 240
273 512
524 189
250 401
475 717
482 976
461 916
685 788
651 797
441 253
552 673
739 237
671 533
409 383
664 40
641 822
717 622
254 703
676 96
324 280
586 702
742 404
599 871
623 938
255 620
569 312
718 284
419 919
251 108
608 569
714 132
686 848
351 601
696 854
502 18
512 980
583 671
714 217
346 343
546 663
511 873
280 204
686 996
651 703
514 203
552 296
252 530
549 979
707 126
511 743
719 100
727 911
593 313
583 278
488 257
430 810
689 555
295 880
554 150
456 420
373 366
662 27
593 848
371 897
346 88
558 538
256 515
343 113
256 840
602 171
357 744
455 855
574 728
692 982
489 340
738 588
475 54
309 327
274 122
372 160
375 598
386 27
551 420
576 433
549 590
689 136
370 526
543 343
659 786
517 551
506 697
402 83
263 46
719 80
599 496
548 745
440 543
619 29
470 298
579 979
465 917
362 142
563 262
338 876
526 576
340 1000
607 3
333 483
305 231
665 266
476 125
519 201
455 677
597 145
364 503
440 207
336 355
323 489
328 820
315 206
385 348
589 373
381 166
533 588
683 920
280 228
573 243
250 834
663 388
711 967
706 507
399 467
507 197
266 94
337 623
661 686
650 462
298 749
409 187
745 635
327 600
337 554
603 24
335 517
268 277
321 12
299 564
551 117
542 788
509 603
417 39
743 483
543 816
392 274
377 603
280 870
387 195
301 798
554 420
722 423
495 807
624 584
362 32
342 324
450 655
455 360
596 881
264 429
546 492
614 2
594 742
406 88
420 577
502 289
281 342
431 61
414 431
733 329
279 765
679 103
287 606
390 884
658 806
515 672
521 841
454 494
454 884
425 362
501 311
706 285
258 106
686 907
741 832
626 861
409 800
454 789
285 383
414 163
284 930
686 319
711 947
343 290
651 215
525 885
256 413
538 470
726 635
720 336
473 772
421 744
643 203
553 899
535 533
619 290
744 841
401 949
685 443
541 309
536 11
473 796
540 471
538 218
326 244
708 841
526 402
418 0
510 154
699 279
467 429
544 208
745 113
300 10
692 203
359 246
325 989
326 81
581 272
429 34
325 661
613 631
703 19
733 152
492 190
478 793
263 222
741 873
674 129
430 600
634 718
521 466
470 347
269 598
358 976
521 164
461 751
473 442
504 116
698 878
628 95
343 988
278 731
593 336
748 131
574 880
566 120
708 968
447 98
646 676
572 228
410 629
379 848
280 96
572 317
517 172
447 403
435 713
380 862
396 890
372 430
572 752
642 925
327 715
556 547
475 461
597 69
675 568
274 14
547 102
652 261
487 331
283 953
295 558
694 467
481 449
262 715
575 381
560 687
649 593
474 161
448 246
556 859
628 393
576 498
325 267
605 90
373 532
529 978
627 197
475 349
286 800
646 463
282 32
382 438
482 384
475 868
255 303
630 919
299 285
321 282
393 368
562 834
332 536
326 31
466 274
362 447
700 765
313 945
656 77
340 69
292 750
346 764
541 112
547 816
567 980
369 428
269 406
669 128
651 5
502 215
475 416
376 470
342 454
712 539
462 684
484 774
519 237
364 438
450 250
637 202
654 677
721 220
669 294
470 189
428 425
652 215
748 118
551 35
726 716
327 694
577 929
423 464
427 891
574 485
357 363
633 192
430 100
308 308
627 24
557 222
511 893
646 227
509 825
524 854
583 896
307 760
684 884
597 628
659 430
278 881
342 152
476 297
403 797
619 130
302 734
637 628
709 422
278 871
453 546
745 407
275 870
559 492
576 320
482 0
267 871
579 814
354 260
678 925
557 39
622 248
