460 161
639 487
274 722
586 32
288 498
403 594
587 566
675 506
477 941
345 614
599 483
569 895
591 678
318 696
720 443
322 463
413 417
476 215
356 251
588 138
451 743
265 281
314 998
719 457
412 559
657 888
715 716
473 333
741 685
574 829
735 180
743 160
486 313
430 662
404 956
589 73
370 674
290 445
464 251
315 768
665 55
649 916
350 763
703 121
324 131
460 203
608 663
286 149
478 726
317 817
285 245
305 300
292 378
646 540
590 546
511 999
716 95
584 547
396 881
560 484
714 181
679 274
313 77
456 616
497 685
620 880
649 474
749 22
398 800
721 475
353 124
449 422
398 960
573 475
286 593
368 952
549 887
329 57
415 414
287 456
639 636
330 751
487 225
304 160
292 552
548 312
458 473
283 55
628 44
500 547
489 680
279 742
578 307
701 885
362 499
691 578
579 605
636 107
280 584
306 735
365 407
570 170
692 525
435 48
627 507
468 19
659 95
574 789
608 900
293 614
403 885
349 815
491 540
410 269
667 749
552 265
491 309
750 166
581 504
734 161
261 880
645 887
665 921
560 989
617 437
649 708
454 902
431 875
510 113
352 685
338 827
647 669
604 160
371 381
731 866
658 62
617 999
748 832
541 724
579 209
503 996
664 117
255 594
562 667
430 891
423 56
543 802
723 753
521 238
356 814
258 206
331 839
367 437
250 932
566 390
642 210
383 904
595 28
678 449
718 437
336 526
622 532
589 397
716 351
649 903
625 276
396 762
413 160
290 506
658 55
365 434
740 346
691 265
642 375
620 896
281 102
652 878
717 813
481 638
465 288
715 431
418 376
442 254
676 447
422 563
297 904
387 121
553 637
351 331
291 647
470 57
469 397
280 957
581 412
572 24
511 994
289 771
668 529
680 303
427 205
275 993
518 36
487 312
484 508
491 10
421 87
620 280
566 835
412 249
726 681
602 284
332 504
672 510
594 653
410 575
668 677
624 344
674 801
275 433
418 236
499 356
688 270
467 440
607 162
466 432
268 710
549 966
331 16
450 128
721 816
366 701
419 177
606 744
610 45
680 233
716 508
436 460
591 320
632 442
603 131
270 109
278 358
737 768
305 53
498 89
611 117
667 643
393 255
715 989
298 176
562 907
276 58
350 305
591 424
262 895
672 147
331 52
611 127
470 351
561 24
646 524
405 260
481 419
370 311
613 828
368 415
283 19
438 256
719 418
677 498
356 668
536 786
513 42
410 537
306 493
727 209
271 858
717 289
329 240
564 261
514 748
478 761
382 674
260 581
411 712
388 202
518 179
575 195
438 340
653 866
728 680
398 507
528 841
477 559
658 301
434 927
505 510
613 160
627 472
572 712
599 880
510 669
428 663
547 595
455 969
340 302
348 354
345 611
565 96
692 633
376 385
737 680
583 920
446 344
262 192
507 986
523 495
614 431
501 614
345 785
466 714
551 703
373 28
410 120
583 155
401 996
672 47
736 705
568 923
744 39
390 680
456 270
609 1000
405 368
267 717
582 195
502 296
724 548
617 987
344 491
594 970
676 393
716 519
374 144
348 92
702 452
682 358
464 156
346 752
437 568
463 234
442 643
582 986
304 840
353 653
305 805
342 164
425 487
720 443
344 243
323 255
322 334
464 605
376 527
265 162
700 605
406 406
306 389
668 110
717 586
343 711
343 506
413 180
352 101
325 207
313 652
487 899
504 167
578 993
541 496
587 850
478 796
527 435
555 576
658 533
321 971
583 87
730 9
721 477
423 581
438 628
554 829
554 303
567 511
666 678
329 589
633 301
335 823
422 508
686 94
