446 269
387 351
288 565
343 891
581 489
688 862
460 489
705 977
386 570
286 965
552 750
378 15
453 630
342 916
398 312
565 240
562 175
693 617
706 726
647 475
677 117
419 418
298 483
698 85
555 892
729 404
622 502
587 663
579 878
687 743
281 86
381 424
383 461
735 626
593 860
270 426
659 953
527 283
401 840
682 681
559 549
389 544
416 212
613 651
607 699
257 163
684 399
609 452
739 115
399 845
420 763
556 678
368 81
445 530
254 602
357 50
559 572
344 565
469 648
690 771
531 873
680 141
326 819
505 453
683 983
734 851
722 32
555 350
635 273
575 567
543 682
728 966
534 960
638 325
552 396
689 387
443 633
445 653
736 527
274 799
454 97
312 129
326 847
309 44
587 977
579 155
694 769
475 655
520 611
599 930
548 512
407 743
492 445
557 761
528 842
310 269
717 668
742 443
260 512
373 787
668 768
474 458
344 265
750 360
444 230
603 898
533 611
427 899
508 397
724 222
483 741
402 607
375 801
622 446
733 208
711 850
736 238
554 93
691 48
679 61
443 927
561 504
472 811
498 356
541 265
750 276
340 978
744 997
517 760
284 97
366 184
362 433
313 437
320 663
602 507
418 536
655 655
718 745
428 5
354 440
750 295
294 102
398 75
574 979
382 590
634 974
295 192
446 374
305 632
504 245
453 520
708 424
657 532
547 267
649 554
335 522
419 158
368 963
405 875
714 552
634 925
464 99
684 769
629 462
378 20
447 576
261 915
360 437
389 707
502 9
471 613
632 131
709 293
357 603
567 513
484 700
542 389
366 649
300 975
365 163
592 226
647 636
440 277
552 94
544 305
344 678
592 38
295 948
311 773
317 572
409 29
394 936
355 707
731 344
332 769
617 138
318 910
377 737
402 634
639 569
431 118
279 164
350 837
486 990
567 630
472 125
722 636
434 535
389 409
496 276
668 758
321 937
315 224
320 510
482 815
671 979
654 880
397 707
635 220
337 936
711 599
356 182
267 850
313 961
739 72
535 869
394 2
541 124
735 68
723 751
374 938
530 571
601 742
323 719
371 269
388 237
641 34
595 774
689 463
331 258
252 217
332 104
750 572
429 568
674 595
506 593
445 565
392 734
383 454
608 64
726 131
638 398
736 279
537 949
733 239
315 328
415 67
679 843
691 202
594 3
665 246
632 993
576 477
515 183
721 533
574 499
479 825
601 663
498 540
664 67
614 814
664 377
671 89
667 468
383 98
314 243
286 583
608 243
489 375
696 316
337 833
252 131
294 381
392 726
295 41
547 103
289 413
350 953
279 752
481 644
464 396
586 679
593 925
495 22
656 676
475 924
389 669
381 354
571 434
597 548
431 579
568 904
538 331
608 828
587 585
448 539
532 224
696 634
709 997
463 329
666 350
253 154
252 807
295 267
663 414
396 465
499 19
509 214
519 222
606 790
668 438
467 704
280 926
750 191
505 248
280 642
416 778
739 509
456 914
282 505
654 896
267 863
300 617
432 198
318 480
307 860
335 351
314 65
309 472
589 973
285 385
311 442
702 897
429 807
354 164
312 99
679 480
452 238
486 377
513 957
288 994
481 461
618 205
508 789
288 674
407 832
260 585
559 957
544 647
337 689
496 236
749 222
421 520
749 112
340 669
298 432
523 506
376 469
380 623
250 558
465 880
661 260
388 75
354 831
488 85
401 103
567 527
579 402
411 145
593 525
382 482
566 702
308 203
336 802
551 729
443 827
644 879
299 862
348 664
394 15
579 952
409 276
653 839
421 905
434 312
666 626
390 692
470 846
354 935
676 505
