272 574
462 573
692 688
311 457
518 356
411 547
324 780
587 701
319 349
678 10
443 803
531 289
508 202
744 64
436 528
710 753
733 662
420 531
300 646
407 343
652 361
418 859
730 577
567 442
261 969
566 982
339 857
404 641
317 453
533 911
483 916
462 524
434 640
680 989
272 398
607 891
311 148
645 146
670 741
623 842
462 703
414 523
404 221
544 862
650 903
580 792
371 444
315 660
631 711
477 115
381 689
374 362
290 987
265 969
515 721
275 672
706 565
267 331
384 537
258 729
284 299
374 269
701 720
656 304
386 35
734 749
381 775
637 161
322 52
380 870
513 347
676 444
414 980
337 292
742 115
467 681
358 266
680 616
708 827
480 863
388 683
452 409
547 426
494 992
422 253
698 961
343 471
503 73
459 280
417 661
515 330
299 578
295 391
613 499
454 40
440 224
658 311
343 699
555 318
491 301
736 450
549 992
750 45
594 260
373 351
508 898
552 806
427 98
494 687
391 0
370 550
728 851
299 552
700 18
488 808
733 762
649 677
376 816
642 119
708 392
497 12
309 88
340 762
272 833
428 311
525 333
727 111
455 996
585 339
399 509
536 764
729 10
708 867
476 68
292 880
350 824
573 391
554 162
476 145
588 452
320 825
317 638
260 237
660 282
670 878
745 481
631 70
500 983
285 306
693 340
573 321
618 387
461 534
258 114
275 99
517 730
508 987
609 416
555 321
279 967
469 50
424 645
506 894
534 689
449 606
470 260
267 849
412 885
447 290
604 396
293 474
265 287
383 999
534 593
356 915
392 651
609 945
455 833
530 72
693 125
295 950
270 664
520 412
453 639
716 285
290 662
355 745
350 233
410 144
486 322
382 511
545 897
746 0
689 233
271 520
294 952
378 528
489 264
420 228
700 888
269 829
677 364
329 129
696 392
586 382
287 930
688 393
525 10
743 453
459 855
559 567
694 793
726 501
555 975
521 10
748 500
514 38
639 675
424 857
353 836
550 339
452 639
598 931
257 22
511 215
494 240
519 976
668 15
701 551
739 478
360 331
494 937
288 157
491 212
309 865
346 214
347 412
645 514
307 19
567 33
490 33
500 128
740 916
748 663
337 966
552 826
598 936
453 710
257 180
431 881
490 525
650 783
305 396
495 238
352 519
690 794
324 253
252 84
562 916
576 73
282 126
434 937
527 45
650 539
456 442
643 600
723 656
441 404
488 266
252 94
368 491
631 179
312 856
298 954
400 213
653 794
651 551
483 623
702 592
561 69
427 137
373 924
508 64
467 223
605 173
528 953
429 512
397 430
738 779
586 575
708 422
568 533
678 606
402 624
385 487
263 800
562 226
682 289
446 697
577 38
268 116
579 878
549 826
312 46
403 771
345 405
604 849
272 799
369 701
529 225
633 739
654 11
322 58
540 621
434 389
352 264
509 202
603 6
616 803
594 610
472 765
597 245
340 958
272 961
504 791
425 602
632 576
570 580
569 799
578 246
488 574
608 804
433 45
637 702
499 628
464 929
484 965
305 899
681 638
723 196
305 177
623 748
371 232
479 189
634 415
631 718
525 613
278 69
302 292
702 559
643 339
482 394
463 936
511 827
612 552
396 738
377 80
531 147
707 524
590 451
596 822
467 936
543 685
601 459
502 986
664 657
734 405
722 928
270 825
302 500
412 826
488 480
322 962
562 567
689 534
351 203
473 976
465 600
493 407
676 638
358 545
294 444
562 90
467 950
700 159
548 845
512 18
666 548
622 305
689 579
740 969
600 936
569 246
438 17
430 979
717 208
447 889
569 740
545 976
425 28
