650 7
423 30
315 809
435 523
387 344
424 319
677 407
652 895
269 94
620 134
278 361
374 169
589 950
428 930
311 727
567 714
275 128
624 402
505 995
504 388
630 121
357 852
651 436
592 592
395 35
313 104
467 161
347 297
438 746
349 517
746 931
695 920
591 204
445 840
322 909
253 769
412 620
373 986
434 946
692 135
624 648
265 468
652 783
560 894
464 542
584 331
464 583
620 389
368 364
524 876
673 454
748 56
691 809
385 37
629 958
350 536
445 75
606 635
259 572
466 164
313 368
618 758
352 254
683 195
458 707
573 938
394 948
726 996
256 174
360 566
689 246
489 477
318 110
364 779
547 168
672 874
723 277
595 526
418 603
377 819
550 204
456 184
488 82
309 877
264 482
614 211
439 678
251 212
310 375
565 209
327 154
628 543
307 60
488 512
380 187
458 614
667 464
511 596
271 623
503 298
606 128
266 12
443 100
538 968
339 735
499 27
344 882
730 417
427 644
635 353
619 771
621 576
259 589
336 699
254 813
300 399
507 804
518 736
420 983
295 81
475 560
291 442
302 153
407 963
436 526
393 947
306 676
551 47
723 149
391 581
311 184
465 102
332 777
669 819
680 169
663 790
473 847
715 766
438 966
410 842
591 613
578 723
286 845
730 109
252 171
550 169
679 980
542 363
744 926
316 961
639 368
431 642
458 952
369 17
590 82
514 173
290 315
402 735
630 466
451 970
339 894
296 337
485 206
715 776
451 540
699 389
497 69
744 967
703 45
722 150
471 331
731 35
458 620
575 434
706 481
316 168
680 518
648 400
502 760
512 461
495 213
740 81
600 246
574 27
665 174
358 816
643 4
607 218
588 555
739 158
292 778
367 728
480 667
744 568
463 184
481 762
594 916
741 14
449 62
607 636
701 43
687 818
431 833
253 433
307 399
486 842
640 938
401 491
580 773
274 50
687 604
313 903
689 487
727 967
302 676
379 899
470 710
619 719
439 672
400 86
353 926
284 372
709 431
282 750
342 172
535 956
260 230
307 926
416 692
497 792
579 258
654 723
567 890
417 335
263 737
572 245
359 857
280 185
583 941
401 890
633 84
290 432
735 375
719 325
377 387
397 675
374 670
587 858
395 710
663 864
463 9
493 173
414 615
453 536
355 985
742 108
278 712
499 12
691 897
708 726
510 214
574 652
632 511
631 88
459 90
544 536
576 753
491 957
544 620
420 607
353 3
542 584
254 340
480 378
572 18
515 191
325 428
603 845
540 65
535 809
460 896
736 310
413 592
735 257
473 41
535 651
431 685
365 411
367 264
685 956
643 782
540 900
260 498
732 324
686 715
296 574
418 790
353 59
262 707
469 226
461 314
272 580
313 629
277 77
737 421
569 250
646 964
585 335
575 436
389 903
545 901
721 793
448 455
473 53
323 674
257 505
531 877
602 88
342 828
285 991
715 703
353 113
474 686
489 440
535 985
667 254
667 932
268 467
693 757
401 782
708 206
320 23
735 459
702 740
378 922
585 995
262 787
326 922
525 663
594 326
250 165
269 174
373 354
299 403
330 971
640 567
358 162
530 5
673 505
414 404
276 687
493 717
454 951
500 780
607 130
670 840
600 946
681 864
525 726
633 870
519 638
672 714
302 451
535 520
649 531
406 345
697 988
383 304
309 174
437 352
574 931
729 679
420 370
644 81
454 173
413 608
507 575
297 838
604 672
325 915
539 69
525 614
742 560
608 627
280 648
566 945
669 600
696 717
743 199
335 336
697 854
380 994
548 129
484 179
348 892
626 301
502 731
598 698
313 9
279 30
