523 749
489 207
391 876
676 181
339 150
48 132
200 302
423 861
745 696
342 83
625 75
402 979
263 165
511 89
859 13
926 469
697 222
511 802
833 355
774 639
415 141
781 189
329 556
71 671
369 884
945 415
709 12
723 153
572 999
210 160
759 978
687 432
411 85
653 150
530 935
718 487
200 130
927 64
323 169
426 379
318 356
642 768
569 2
71 146
957 711
48 38
664 721
209 661
203 316
788 173
643 792
32 476
399 158
756 336
786 564
167 19
692 187
85 741
782 96
798 565
264 321
881 742
635 211
181 648
139 846
887 668
580 75
559 720
576 641
5 597
611 712
15 688
878 441
689 845
356 610
942 1000
981 472
345 661
267 628
726 101
383 155
446 749
673 991
130 924
469 884
776 473
939 784
390 992
37 405
130 904
464 607
499 28
255 131
594 786
376 458
95 652
236 774
470 926
338 792
867 727
957 25
739 2
21 171
651 622
247 842
871 964
692 3
487 330
501 776
254 792
355 232
853 320
147 551
957 490
623 507
65 187
949 760
416 716
233 338
737 170
465 518
857 696
393 918
748 232
317 966
31 593
646 109
56 171
670 649
183 503
867 140
603 813
175 531
133 1000
823 862
565 236
745 225
659 913
532 185
768 750
916 953
550 44
677 85
539 611
269 307
574 397
683 461
656 957
871 612
452 59
716 109
651 760
429 511
414 813
941 141
659 52
405 800
108 613
568 852
129 14
418 374
137 632
320 326
66 581
819 366
580 617
156 104
501 331
218 145
427 968
569 57
694 82
773 227
761 828
146 835
213 246
374 651
990 933
694 5
500 904
313 300
132 989
384 275
759 374
933 589
616 768
169 512
934 914
808 36
982 591
3 149
970 29
560 395
536 799
696 7
448 104
360 876
652 268
237 304
676 247
298 942
244 495
862 250
285 93
825 861
738 773
223 142
254 590
903 451
638 433
889 634
380 918
658 714
247 780
495 193
891 555
576 388
857 4
27 505
549 833
31 38
392 900
993 497
900 233
550 982
344 407
960 939
494 436
870 832
82 373
307 297
988 332
343 130
365 822
819 130
328 857
207 845
739 169
848 782
730 5
827 537
606 593
937 712
822 322
996 162
157 657
39 866
246 202
290 785
701 681
701 30
642 568
795 536
193 627
360 966
781 576
376 177
770 241
403 557
800 448
13 257
686 873
997 837
621 729
680 784
63 922
993 574
281 761
202 236
12 470
807 235
837 466
627 974
226 294
686 762
304 449
675 272
426 827
69 734
646 128
189 596
381 627
884 165
897 863
800 672
677 520
982 162
235 19
407 860
562 695
422 786
500 409
867 125
716 245
539 978
150 115
997 820
356 407
339 710
722 810
941 255
12 519
638 532
9 472
29 552
163 316
574 538
746 953
245 789
782 629
766 208
43 397
931 79
93 292
352 363
913 487
707 449
993 638
139 559
647 996
95 973
301 928
364 748
642 213
380 762
786 267
987 887
486 734
46 898
149 105
141 417
585 244
562 241
279 782
922 912
958 961
885 631
780 101
980 524
0 839
134 782
669 457
324 530
976 465
893 82
383 880
612 400
844 940
243 145
841 209
474 78
197 142
1000 548
328 293
223 96
734 721
528 677
500 682
879 506
986 270
859 910
807 886
565 80
825 775
566 83
231 227
232 961
918 679
760 952
601 328
370 855
367 488
434 796
830 193
335 22
653 183
23 98
114 945
138 327
718 21
443 808
79 610
899 762
435 667
0 998
526 595
301 404
770 424
161 733
259 775
874 851
364 327
699 71
316 544
328 608
576 942
4 732
602 146
171 35
585 397
