326 304
977 987
434 15
911 902
196 536
453 270
347 332
287 864
436 604
547 920
950 40
584 528
211 202
954 945
198 189
304 700
176 981
850 94
808 625
133 900
432 239
185 41
427 691
546 33
451 648
175 776
85 866
99 767
543 411
417 661
811 276
917 140
757 964
377 340
542 255
836 194
859 827
982 66
913 910
344 898
212 241
307 816
613 212
800 526
168 949
741 649
523 193
830 382
188 488
390 987
280 423
896 271
894 563
967 246
982 895
751 293
15 41
985 81
265 973
99 143
153 234
546 246
608 849
689 249
555 709
260 595
754 102
201 594
565 864
444 265
374 397
624 201
391 562
53 549
256 453
255 811
999 667
220 16
234 237
767 864
815 364
732 492
974 692
242 826
389 141
400 189
627 672
361 571
402 102
155 503
813 39
161 928
858 889
158 198
193 930
924 956
812 396
689 366
651 559
554 435
556 202
904 98
473 514
391 930
823 116
982 327
114 759
223 439
182 716
589 423
549 510
43 405
252 610
468 951
68 437
828 509
919 877
370 287
85 547
16 295
201 794
493 116
617 292
895 321
175 186
385 484
712 989
647 677
319 912
249 909
156 740
583 647
265 504
289 88
709 842
416 913
549 128
26 336
404 178
211 606
35 53
459 777
980 961
746 283
88 62
902 222
778 890
15 953
10 149
561 590
431 484
666 852
594 932
506 21
301 71
898 260
12 901
41 262
296 60
138 389
107 542
796 134
894 824
651 365
46 161
483 478
847 510
23 925
697 656
961 785
475 951
363 653
661 480
697 460
849 561
259 572
921 575
173 535
213 552
66 198
985 347
540 628
574 345
537 806
623 732
35 353
176 117
69 318
314 307
774 189
457 402
793 785
228 847
856 146
745 296
823 235
59 358
414 528
203 713
857 371
303 323
991 581
406 690
462 335
976 116
750 634
969 867
389 728
255 25
684 200
860 259
614 743
666 1
755 341
804 628
326 105
877 722
989 153
809 726
94 756
423 733
57 769
760 118
127 185
201 726
256 569
916 155
931 654
976 546
93 272
424 742
541 411
186 250
340 273
191 517
731 205
581 752
696 13
859 484
908 97
651 664
349 389
494 300
976 795
409 174
112 224
143 766
100 964
55 920
776 141
360 422
104 853
456 843
125 292
558 818
504 522
558 563
587 249
0 308
271 701
849 45
472 913
517 857
327 12
943 922
276 925
651 804
833 994
32 54
396 191
532 685
138 994
333 727
438 931
141 842
456 342
363 587
249 401
332 889
34 453
332 887
950 594
340 441
240 939
419 481
467 816
503 252
644 19
683 956
195 490
466 986
581 708
234 418
17 586
864 737
227 697
788 915
153 918
709 649
792 811
276 716
160 565
475 995
309 696
60 643
58 639
285 636
743 284
124 384
352 480
187 955
760 350
275 454
235 483
407 951
369 471
966 37
648 230
242 405
121 425
215 882
37 78
827 615
547 641
693 0
115 859
276 843
237 495
512 326
503 921
463 708
104 176
157 644
762 446
117 335
330 419
175 822
588 656
470 537
724 227
512 39
391 54
837 30
711 822
558 259
291 423
976 706
70 729
332 722
799 154
968 19
664 728
771 964
744 401
119 455
529 567
994 18
547 484
805 65
962 213
492 539
464 574
676 887
203 79
703 467
199 419
897 341
988 943
222 600
969 137
361 211
377 443
193 418
301 691
642 404
864 865
332 880
501 395
129 437
547 994
438 140
940 542
877 35
738 977
961 537
399 849
35 64
743 227
998 182
931 804
734 388
496 902
5 810
829 673
250 446
746 760
574 183
246 140
393 771
441 346
