172 471
420 760
36 382
173 695
165 947
70 911
121 226
6 51
184 996
938 990
499 730
731 759
839 987
587 187
109 218
596 835
283 237
15 334
605 421
126 207
292 863
88 683
691 358
238 986
233 316
57 311
274 865
731 713
706 382
925 152
96 781
966 654
773 97
310 117
135 313
112 836
210 783
249 17
20 240
605 332
688 707
898 897
833 759
66 920
265 969
623 52
685 388
350 17
43 613
881 19
451 498
833 15
555 817
539 665
504 512
596 648
562 46
32 939
210 342
415 399
766 837
680 992
542 849
416 189
857 930
908 73
353 260
785 693
931 856
671 256
931 52
994 897
776 150
924 786
152 951
242 168
500 577
662 51
782 996
941 254
324 653
951 35
179 809
537 291
92 3
284 26
406 88
201 874
99 214
25 684
656 141
413 797
929 412
416 950
104 780
56 329
615 661
288 665
782 540
959 763
7 629
499 895
698 204
113 130
302 155
634 761
229 326
854 922
824 280
919 996
855 789
346 263
63 221
779 751
219 545
505 413
860 593
199 978
674 611
810 567
354 302
850 139
837 908
209 482
106 137
558 248
96 28
68 700
339 354
484 121
206 954
942 770
347 850
518 396
425 691
989 988
529 41
128 728
256 413
314 296
941 76
402 35
660 253
363 639
927 482
843 830
753 57
445 592
311 275
893 284
849 472
582 405
185 715
195 731
516 876
305 553
14 260
16 751
772 825
689 251
922 870
304 983
13 192
722 665
313 846
331 847
289 193
749 415
862 242
874 145
736 363
958 231
782 838
500 528
538 662
584 81
789 117
843 895
641 129
66 101
276 768
245 565
535 891
817 827
910 407
85 881
192 328
970 165
945 398
693 503
965 288
28 417
109 872
762 742
1000 446
710 547
400 523
574 604
39 781
660 556
238 150
819 448
709 762
656 657
714 708
519 810
899 570
887 262
954 989
968 763
964 872
571 506
777 477
899 382
571 464
68 158
521 9
757 350
277 762
653 772
99 567
539 867
901 760
977 624
301 455
677 478
284 582
775 871
409 276
977 869
623 930
557 675
634 225
916 261
322 640
864 915
426 99
640 334
830 601
996 838
239 242
952 973
706 905
260 197
577 791
885 593
808 375
328 951
3 273
268 540
23 679
146 97
897 35
395 976
420 750
674 792
492 62
769 538
458 488
436 588
717 186
729 379
95 595
788 159
536 647
897 931
280 238
272 574
630 717
878 343
841 416
518 660
990 103
554 639
435 714
521 692
557 884
778 567
551 867
840 219
293 751
771 340
185 980
174 827
857 386
879 251
709 804
357 232
74 402
953 612
979 756
746 92
614 973
501 62
75 187
716 85
80 65
926 623
626 90
581 888
939 312
729 574
1 140
908 995
274 840
494 784
318 835
718 58
923 963
889 89
551 46
83 848
897 28
349 125
802 469
251 435
492 486
610 26
91 196
550 185
554 541
202 995
891 501
823 205
974 681
166 410
734 218
86 257
460 858
832 686
327 848
926 536
530 871
885 643
377 366
291 110
230 114
801 402
389 254
279 91
286 496
957 281
499 837
291 338
965 407
21 391
215 357
237 821
304 55
637 604
298 892
299 708
449 134
754 248
242 514
766 565
761 718
62 910
107 895
562 813
85 426
916 110
515 41
21 596
68 468
84 912
846 782
40 193
551 396
119 6
57 601
686 521
32 520
429 935
850 199
579 874
873 277
13 815
466 196
361 280
313 727
825 959
894 683
263 348
170 490
484 247
34 444
683 106
116 159
989 664
253 309
185 900
255 185
436 854
328 925
754 75
127 968
522 12
385 287
931 133
