627 700
954 728
785 297
885 896
278 268
825 554
746 443
771 62
842 869
985 986
191 147
931 652
727 333
463 107
369 719
0 226
273 162
633 621
667 918
146 426
452 579
129 89
878 922
28 414
728 743
746 934
823 570
375 195
126 183
595 62
940 262
126 452
206 666
429 74
482 161
799 325
398 142
241 450
724 257
151 838
999 349
638 63
409 219
917 616
327 475
21 674
369 70
664 122
664 247
156 901
210 674
395 250
470 174
253 840
749 995
44 60
973 795
667 381
740 297
131 588
385 984
566 1000
29 778
145 754
624 750
640 833
945 726
951 431
138 744
252 170
204 846
11 431
800 652
186 920
883 154
499 90
12 246
325 138
227 849
884 523
852 804
445 385
290 537
349 8
291 775
84 918
984 949
108 236
302 910
629 677
422 260
86 932
986 878
830 54
287 828
226 593
380 779
593 723
862 752
928 604
70 425
794 702
61 840
665 637
300 319
12 899
764 170
64 441
622 199
94 973
838 776
304 54
203 146
890 505
237 383
311 94
712 848
207 650
539 364
369 308
862 486
764 865
0 927
615 908
889 233
97 328
511 572
765 10
775 888
37 53
371 276
897 960
620 678
209 358
4 957
68 848
469 267
134 466
597 359
932 401
413 420
115 28
575 714
482 623
496 365
716 178
709 21
117 565
257 840
921 637
829 920
57 194
213 236
754 429
125 300
819 574
733 261
630 54
400 39
283 52
506 921
461 614
609 656
189 645
753 869
823 839
927 683
302 890
135 149
242 267
194 515
479 345
891 629
930 686
368 970
988 636
766 36
714 576
794 473
94 665
177 72
695 667
323 2
148 640
936 686
81 795
687 140
828 91
14 546
807 310
39 42
330 520
59 359
128 790
919 988
707 875
509 503
171 962
563 365
345 920
713 973
234 615
52 326
923 405
214 909
90 706
580 568
772 810
294 545
914 859
837 695
503 572
112 822
772 687
904 563
416 821
415 962
428 818
149 746
0 508
777 48
709 514
187 995
136 487
801 242
866 393
171 617
143 273
945 51
260 142
824 167
398 851
297 459
986 490
416 767
680 316
788 292
357 334
625 915
329 528
734 595
272 852
884 195
209 522
838 591
264 133
72 57
281 877
345 838
436 982
494 895
534 978
448 190
278 391
835 140
491 235
834 928
792 41
346 815
500 991
946 329
240 857
312 967
351 589
975 461
979 109
962 744
865 572
24 161
663 843
110 543
49 159
252 808
92 188
792 72
805 763
874 322
454 909
527 442
983 139
421 97
620 972
26 207
373 781
421 149
280 342
93 480
776 123
346 495
742 768
652 202
198 769
400 300
759 12
234 441
258 557
230 654
837 469
911 530
545 398
417 956
36 547
141 895
585 633
946 517
498 841
829 113
649 961
705 544
49 587
909 473
227 525
440 292
708 260
571 249
342 864
177 65
288 456
712 714
262 213
338 115
689 606
117 348
762 629
794 830
877 919
108 694
815 912
625 234
645 281
525 696
986 112
963 404
37 163
741 3
147 814
560 459
726 586
147 906
936 761
187 605
569 381
218 415
131 246
689 433
386 870
700 474
948 7
37 764
540 584
864 296
315 618
753 485
799 45
397 166
92 29
660 509
736 169
792 801
390 816
923 859
203 404
318 3
25 508
776 597
567 557
358 427
284 943
726 60
330 52
555 109
547 747
630 726
285 859
136 77
932 232
718 174
454 100
456 830
383 721
625 504
34 858
979 331
385 675
308 846
179 474
350 786
524 220
390 391
46 177
826 158
380 169
737 774
374 810
68 631
301 95
239 521
445 599
716 967
451 679
