91 450
736 227
350 902
663 133
251 580
97 981
595 598
307 540
312 740
541 336
889 461
621 443
241 977
613 872
238 971
43 363
584 715
21 752
806 725
992 520
800 499
319 686
794 42
598 259
336 246
807 874
585 855
790 760
100 913
768 412
69 4
367 23
733 873
247 39
823 385
92 166
816 406
493 921
930 920
44 193
558 153
582 571
255 105
603 856
998 137
727 791
41 631
537 503
803 404
687 251
682 305
556 651
455 38
578 931
670 765
638 862
790 572
601 312
657 546
822 715
98 451
19 839
836 475
80 650
673 181
620 567
427 16
671 133
853 999
761 970
729 927
263 44
485 334
213 610
459 173
297 546
35 651
332 218
514 578
17 364
153 264
811 903
747 252
858 163
119 804
818 123
755 111
710 344
855 653
329 770
470 569
203 516
869 202
274 447
93 612
706 541
965 340
984 996
550 249
358 475
59 794
283 138
117 812
995 505
446 962
988 681
761 504
181 219
964 130
79 733
729 881
371 157
415 680
235 142
881 165
512 853
455 683
257 946
257 747
863 435
280 467
805 778
265 190
961 544
359 875
71 170
106 437
818 695
369 265
349 573
832 926
166 502
508 416
380 680
395 179
308 983
566 235
715 338
969 757
941 633
433 897
468 662
157 233
194 567
317 579
780 7
12 459
49 482
436 489
472 662
112 815
429 777
532 339
166 864
646 649
300 29
170 151
557 984
178 644
274 808
336 876
193 945
178 96
385 103
109 913
770 576
731 947
600 187
401 401
436 604
866 446
329 304
890 639
65 219
517 675
356 463
289 589
744 538
946 644
940 885
482 560
724 747
623 551
124 335
137 753
980 573
918 680
760 444
168 741
420 290
787 786
804 749
452 287
742 664
778 419
236 726
291 296
423 858
772 965
960 449
642 740
109 841
601 205
907 614
474 418
661 737
575 709
466 733
578 566
153 13
86 194
266 432
933 439
347 872
88 954
395 611
662 16
328 271
796 191
925 335
155 739
152 8
590 801
202 567
903 128
218 472
752 334
503 748
995 114
970 368
162 639
651 135
301 329
217 159
814 807
7 899
902 949
43 469
725 687
74 436
600 977
49 233
979 878
304 613
682 134
385 875
49 550
824 374
990 49
731 660
207 151
1000 954
50 263
976 604
482 254
412 779
689 146
998 719
369 514
92 283
374 532
647 574
222 762
175 416
217 369
748 574
105 757
224 829
260 546
438 187
29 802
58 15
125 631
794 927
101 0
777 135
687 579
935 709
671 320
110 923
410 83
694 730
905 446
652 441
589 763
283 628
506 679
504 29
255 43
805 674
946 155
79 112
522 584
536 80
186 834
879 471
384 178
47 178
711 172
151 134
105 763
356 562
630 386
23 85
589 480
400 918
688 377
123 495
474 151
918 697
237 249
515 402
51 963
475 717
713 550
801 814
730 403
812 654
319 54
456 348
618 252
52 757
925 307
448 989
201 286
306 29
590 831
137 719
900 499
723 990
275 486
5 590
183 130
346 633
428 853
159 49
102 24
324 402
689 670
818 570
139 462
654 337
52 502
526 980
89 100
522 75
326 842
892 818
855 881
1 69
289 368
292 644
587 871
210 959
759 610
495 372
440 895
426 189
702 332
628 276
952 708
306 229
381 949
873 369
78 989
629 102
259 203
906 383
618 325
357 572
285 340
83 927
152 495
623 616
612 178
89 806
691 828
21 451
162 206
703 677
794 74
583 529
19 412
402 107
736 308
490 179
325 530
80 34
579 968
247 988
415 949
514 295
778 562
228 374
142 934
73 974
457 497
335 912
42 355
197 658
