189 136
602 407
397 567
103 125
80 979
990 659
888 654
196 538
750 791
229 934
228 592
847 701
907 690
864 921
182 136
294 249
780 548
402 846
962 115
368 746
442 4
440 65
570 99
848 338
575 184
739 377
495 598
45 934
926 830
365 467
284 0
95 796
989 289
572 436
928 294
985 938
535 289
359 515
224 978
627 833
952 518
825 650
686 566
609 3
566 987
850 223
272 750
647 465
282 775
223 65
327 3
566 914
11 38
898 540
904 933
460 981
370 442
827 124
883 601
101 257
823 934
497 859
743 332
897 377
633 985
343 190
611 331
488 864
62 500
509 267
850 756
878 7
496 810
471 694
286 911
459 668
918 817
791 120
43 111
188 53
717 977
28 649
790 663
623 918
917 670
733 964
689 596
508 694
248 558
747 637
850 563
448 854
165 901
133 39
720 885
847 542
574 323
62 590
532 121
31 636
447 657
176 729
87 195
911 912
228 250
491 434
116 220
69 184
907 175
880 507
755 158
865 137
275 126
885 884
732 742
550 375
971 649
719 508
791 165
601 236
488 400
962 152
311 515
955 304
672 211
185 11
624 919
786 334
833 665
598 820
111 904
303 902
915 288
823 448
403 223
513 167
579 694
40 506
916 273
53 329
371 270
749 435
327 645
340 36
283 473
119 631
414 390
929 861
272 912
611 847
501 636
477 625
245 160
201 357
449 948
378 137
820 660
22 855
183 882
287 377
856 823
585 266
867 117
652 937
784 795
764 325
165 165
791 74
892 694
967 341
495 259
322 441
687 33
569 468
918 499
350 949
597 94
208 326
882 191
910 789
616 877
521 391
650 134
917 611
224 830
450 752
505 340
911 778
128 981
629 130
894 63
34 738
866 127
298 538
877 241
631 775
841 616
804 981
334 423
742 316
63 244
483 447
439 956
332 686
559 522
658 192
738 925
23 156
561 145
768 512
530 346
956 51
271 762
303 919
505 162
830 386
493 245
472 209
306 284
845 911
303 115
285 675
878 539
958 988
326 854
439 706
903 743
901 837
180 812
841 232
89 234
230 385
442 809
584 97
706 424
201 370
586 753
288 415
694 398
291 853
516 213
714 754
762 69
326 205
743 558
982 772
365 267
687 487
69 948
832 260
900 294
635 488
452 383
541 563
883 718
503 809
606 385
446 35
609 307
83 892
171 431
104 776
531 1
512 246
860 765
25 671
465 688
887 551
461 181
400 756
161 750
27 312
206 236
394 933
604 807
289 959
203 845
87 747
408 54
106 365
860 496
620 68
852 239
267 58
990 692
394 938
15 155
211 999
868 156
987 994
121 646
532 898
427 347
487 923
870 860
184 885
46 915
308 498
232 110
393 38
467 399
590 78
453 350
39 291
304 495
309 73
324 561
114 677
316 820
637 796
52 169
367 384
671 588
967 181
624 251
116 624
888 917
23 783
891 400
91 791
235 720
596 695
549 992
436 818
894 623
759 327
760 573
188 500
837 792
638 518
47 738
316 253
787 608
593 781
768 395
52 169
697 730
439 894
18 901
504 124
46 546
935 34
964 351
86 26
282 650
51 395
431 155
790 430
943 801
119 481
232 913
483 962
509 730
940 14
194 186
405 684
161 682
196 271
430 799
913 345
243 557
121 206
778 960
478 397
395 527
996 852
32 431
660 503
910 579
370 933
543 290
49 936
157 124
838 221
774 776
364 971
426 292
290 62
384 966
103 588
716 192
279 230
418 805
582 770
679 49
700 660
364 57
151 451
996 528
653 78
93 629
201 463
836 585
651 302
827 257
482 462
986 600
74 969
217 726
766 708
