462 86
748 87
413 475
824 599
205 494
222 597
35 325
480 978
913 494
278 64
398 166
810 312
824 976
638 173
961 429
24 904
714 71
762 263
772 466
351 382
337 166
367 271
256 53
918 801
499 997
968 251
823 21
774 487
257 28
562 57
205 428
739 578
738 130
562 866
652 572
346 341
397 467
431 18
307 569
334 549
430 449
941 94
261 575
508 20
84 243
437 309
305 810
584 274
388 37
32 241
495 514
484 302
273 971
785 233
532 29
439 759
436 561
516 586
271 31
612 200
213 520
580 518
782 909
619 222
997 89
261 285
760 740
2 193
431 628
536 993
199 198
971 571
758 266
912 515
414 715
219 183
381 561
703 19
209 446
181 447
442 576
975 398
884 712
301 902
694 839
304 473
689 479
640 901
329 853
319 418
47 332
741 351
17 292
34 958
333 726
76 510
311 996
820 394
35 408
370 709
46 450
420 366
488 657
499 991
37 841
811 643
422 933
979 370
433 741
115 842
132 869
202 357
146 191
719 523
662 278
412 558
397 274
202 981
516 133
831 171
255 844
105 873
241 425
37 910
90 778
36 919
679 150
72 513
450 446
341 783
291 280
316 713
962 673
431 653
267 120
866 384
738 613
540 980
29 132
960 343
440 708
967 22
225 376
735 546
607 978
583 89
332 733
708 121
169 745
577 659
61 499
655 454
218 869
982 935
851 304
104 692
159 846
572 618
670 100
167 672
207 793
69 956
128 871
613 225
621 264
515 759
228 133
872 776
780 469
355 504
592 927
469 121
210 45
613 933
545 567
838 13
387 499
22 355
12 82
26 697
925 887
319 173
914 259
361 692
35 989
881 799
104 546
716 70
359 214
524 600
716 150
316 256
447 694
905 906
966 539
779 654
988 665
560 654
320 566
340 972
618 287
500 423
338 262
890 680
996 795
18 944
688 247
989 744
660 845
377 418
98 168
767 813
443 472
343 653
841 967
885 294
981 237
24 802
505 13
113 631
72 245
743 546
641 879
308 276
641 202
432 328
528 783
689 683
27 159
857 832
462 721
525 775
32 458
777 914
443 575
819 627
971 141
774 154
614 334
403 97
690 969
448 598
640 137
660 947
815 546
519 325
806 619
424 483
131 782
995 871
875 18
969 241
76 201
70 851
537 631
984 858
554 685
47 366
239 327
256 539
106 799
597 788
365 191
43 70
265 44
366 866
662 441
163 942
955 280
614 242
74 284
656 202
415 72
483 833
976 448
351 893
629 167
815 537
981 423
694 805
452 12
716 925
588 522
425 470
220 553
967 55
987 888
46 258
523 213
11 697
544 430
338 720
797 827
634 531
141 583
544 955
686 302
428 918
323 251
764 192
449 102
524 943
547 910
369 752
62 697
355 684
44 133
677 843
916 9
55 318
900 668
758 955
211 659
672 928
750 140
440 222
975 890
904 166
665 951
697 759
383 374
971 87
544 525
937 572
520 818
844 207
23 531
71 311
854 329
221 739
754 791
223 737
392 41
374 842
14 943
452 291
97 99
763 676
962 788
873 322
179 381
927 985
922 933
625 563
195 750
931 912
735 230
379 97
251 447
893 534
556 522
583 254
113 518
751 994
829 434
284 87
325 846
766 204
490 761
234 172
641 67
665 413
848 490
433 226
136 601
730 297
772 925
734 188
961 955
486 6
607 898
268 242
505 515
561 951
159 965
192 271
843 813
800 534
805 136
400 430
403 612
980 53
32 550
391 705
738 435
365 90
886 315
353 10
391 930
42 970
443 326
498 49
732 681
666 525
274 154
538 3
464 1000
808 783
572 117
127 242
