790 571
184 310
691 639
430 26
698 575
906 78
348 615
765 809
809 655
955 2
450 931
437 456
813 93
597 735
562 82
616 910
93 408
594 559
294 792
429 849
484 792
501 937
973 377
418 707
689 340
830 827
586 676
409 780
898 692
490 614
541 550
955 23
45 292
330 517
395 960
842 39
273 913
832 151
942 605
500 7
331 983
277 270
833 266
292 550
137 213
628 673
371 243
427 681
840 650
284 971
832 226
289 960
219 832
958 495
615 635
1 533
345 814
347 732
871 253
310 373
153 220
190 171
219 809
468 225
802 958
244 854
237 28
429 954
903 527
574 926
249 471
720 364
243 144
295 311
623 292
6 595
342 138
984 235
169 682
467 487
429 487
143 133
641 102
108 347
977 74
615 586
448 519
888 665
139 663
773 260
978 522
38 93
598 155
833 482
680 483
676 800
340 477
851 789
661 491
14 759
970 53
5 481
580 322
787 250
745 354
69 294
753 405
654 964
91 342
642 953
377 426
615 537
958 295
871 725
95 436
748 343
223 675
155 337
847 731
8 547
358 673
840 881
225 177
415 166
768 445
920 749
49 677
234 59
128 196
118 375
800 185
915 957
317 837
322 52
612 284
713 312
563 124
351 468
641 941
967 781
473 29
997 255
808 464
177 714
26 55
585 277
47 151
361 388
287 654
3 408
902 204
172 612
448 982
567 834
946 752
613 137
12 514
349 595
772 99
304 67
284 645
151 812
493 933
393 627
572 276
704 664
754 817
53 483
424 468
838 193
877 660
735 515
987 121
308 438
250 474
940 743
625 115
215 912
265 806
266 179
436 952
791 988
683 227
161 795
273 778
238 34
767 458
93 269
995 191
131 130
841 329
487 953
237 497
202 815
499 47
385 636
828 976
158 769
336 13
141 424
915 596
708 712
213 173
736 932
176 735
788 787
279 330
614 323
889 755
367 679
603 99
594 290
463 159
175 979
790 126
707 510
632 312
883 374
574 915
1000 822
1000 239
386 308
926 602
557 738
658 411
249 396
710 3
389 73
988 206
528 128
928 84
702 127
508 117
915 835
155 609
564 545
529 65
147 243
360 999
145 892
44 410
5 470
533 441
94 320
881 636
6 489
258 807
665 366
360 893
147 545
562 444
734 587
649 554
673 326
234 939
437 311
778 321
595 362
992 900
887 90
730 777
383 348
266 382
925 854
850 207
87 791
191 514
542 362
923 282
176 700
749 952
794 739
189 971
972 660
929 712
589 322
333 710
747 319
780 664
975 203
547 852
175 379
218 885
360 340
292 943
766 649
456 561
583 702
957 538
0 670
22 830
277 963
776 794
545 358
758 717
128 269
600 655
703 711
483 424
974 472
458 77
984 152
292 299
23 917
596 425
165 981
585 16
502 433
84 529
705 809
219 138
115 367
323 789
903 933
257 721
820 170
261 642
388 197
642 425
285 733
148 428
668 500
370 713
165 630
634 216
177 110
299 88
109 144
259 532
15 559
870 206
17 981
589 102
625 125
207 795
533 595
205 821
311 461
551 541
861 808
949 787
708 710
637 650
718 252
921 900
795 926
909 493
169 408
261 431
253 189
346 63
2 498
682 570
579 681
322 765
881 849
154 143
978 403
525 544
903 372
23 54
928 18
919 62
480 486
431 661
653 756
688 572
119 290
795 282
448 267
252 382
58 79
769 201
216 182
971 228
412 767
987 131
959 141
736 162
761 502
581 372
254 713
692 747
730 630
500 394
433 520
641 851
785 692
644 387
289 3
398 297
416 435
71 403
87 129
150 722
983 564
668 399
496 339
376 671
531 68
