652 852
687 59
710 422
747 590
368 718
542 65
274 712
786 866
578 169
446 932
427 349
290 41
460 338
415 929
3 736
612 768
779 344
369 590
951 428
646 635
129 300
218 402
472 828
307 622
460 337
300 91
864 826
447 118
159 207
853 184
926 161
159 995
71 903
71 40
516 142
720 157
579 418
835 141
314 873
950 517
142 761
395 186
583 394
515 927
855 793
762 945
899 414
476 951
639 414
667 316
559 852
56 92
216 580
359 971
769 131
194 611
191 43
589 459
164 741
521 651
350 960
686 71
834 169
599 43
70 631
591 589
358 96
104 532
197 995
112 778
903 257
947 324
839 177
462 657
743 717
537 643
225 715
641 474
4 988
650 735
310 677
213 778
720 57
74 236
578 134
51 444
262 392
38 775
953 513
381 998
843 753
954 313
933 195
273 650
583 329
379 578
129 288
65 652
131 724
373 764
599 389
4 140
741 624
899 461
163 513
433 153
870 753
256 824
947 483
213 525
592 624
433 791
213 475
129 905
466 681
893 575
118 846
878 294
268 635
347 241
209 557
833 462
1000 194
469 165
9 624
451 683
409 686
611 192
535 877
492 799
47 517
894 488
511 671
340 304
357 98
141 549
333 782
629 551
341 12
767 968
144 842
97 661
7 90
922 75
946 948
32 930
382 137
132 154
674 985
883 542
716 304
877 466
806 72
783 605
605 478
894 222
508 707
283 484
548 431
791 306
187 539
722 1
487 101
601 682
732 730
4 715
347 86
474 321
191 954
560 161
268 372
383 318
284 695
42 718
650 75
477 253
940 367
537 943
658 862
995 988
345 823
398 932
408 271
185 565
133 243
364 354
454 291
471 740
740 407
293 533
608 932
549 457
971 451
777 198
574 523
984 118
787 40
540 663
162 29
373 32
399 220
302 265
703 549
432 591
55 54
139 998
554 6
914 152
873 224
581 209
8 220
772 224
230 842
721 252
178 763
244 978
642 872
497 929
626 392
197 697
368 366
276 493
294 819
770 657
632 833
897 744
113 570
203 197
989 794
614 133
972 984
77 395
213 495
611 995
702 215
741 477
803 191
798 327
693 630
57 671
184 298
172 743
597 515
537 585
295 942
681 842
318 55
56 368
536 60
427 428
467 177
862 853
579 112
410 996
362 646
877 782
305 630
32 468
79 22
917 376
285 103
821 893
27 113
344 652
53 392
284 23
412 56
12 756
487 415
641 823
582 946
201 390
375 317
829 440
318 133
182 991
419 433
956 650
384 9
353 552
392 195
590 565
356 818
92 638
718 442
378 405
206 287
748 686
960 644
966 598
502 414
51 311
527 529
848 869
852 649
17 341
48 402
953 434
707 162
396 641
419 709
672 777
299 9
55 302
183 120
315 852
837 605
227 537
350 884
111 124
124 100
732 84
808 650
680 298
883 592
448 832
764 143
16 167
545 583
836 319
591 564
83 875
124 267
481 633
155 748
473 606
617 184
301 768
893 227
376 661
929 14
271 262
784 995
730 350
288 399
351 592
388 813
571 450
15 261
483 541
783 781
272 64
325 788
798 196
698 262
365 521
47 959
358 710
959 747
853 76
454 530
497 924
481 859
581 354
288 476
177 732
213 868
716 346
604 516
612 881
698 32
556 208
66 251
931 123
691 364
13 843
372 195
303 602
505 279
871 75
97 576
458 882
779 545
415 683
430 854
348 878
394 477
375 4
292 570
764 477
864 428
871 363
942 226
712 186
8 935
53 529
17 203
437 801
201 920
173 333
414 514
536 933
692 681
129 266
82 658
752 28
756 839
805 75
402 826
762 958
