316 634
868 153
957 64
212 304
962 306
51 190
906 701
31 174
865 795
339 108
502 141
209 909
200 536
318 946
977 84
763 64
713 321
668 639
121 838
818 133
48 244
862 20
408 650
444 907
869 208
872 446
266 165
530 875
432 173
645 771
313 293
518 49
271 70
10 171
160 527
943 995
96 18
26 24
601 731
461 216
987 818
652 233
998 395
588 913
543 378
720 870
811 635
947 165
424 396
263 719
896 396
68 934
746 365
662 276
29 225
522 54
373 880
203 981
860 31
461 455
627 296
402 935
120 472
691 207
230 416
371 922
871 848
477 576
717 853
425 969
342 848
84 836
31 249
779 804
758 157
394 288
151 94
437 931
880 14
390 103
683 924
715 589
399 898
911 661
209 731
353 935
530 480
774 850
132 58
437 689
715 392
751 404
869 816
993 68
429 708
463 416
665 209
516 698
644 658
506 671
817 65
307 820
402 142
774 561
299 130
705 428
69 266
381 597
199 772
295 599
930 54
491 1
333 204
16 88
197 531
514 342
274 358
478 451
896 623
753 480
772 982
272 58
64 24
175 176
628 17
34 299
439 93
178 976
644 136
691 210
624 247
445 9
898 390
999 392
730 618
51 514
364 490
680 846
978 514
512 328
508 880
513 379
846 618
887 965
259 392
38 610
451 503
694 408
484 744
797 763
35 882
343 245
413 632
289 978
268 799
751 242
81 569
254 964
90 621
221 84
511 198
736 313
856 183
925 315
485 539
346 920
676 566
578 306
867 451
266 607
972 557
371 50
257 271
656 767
57 78
864 761
305 980
300 433
102 295
368 755
490 587
745 468
924 65
775 152
283 326
137 697
444 997
873 926
974 521
947 63
269 397
911 269
30 607
244 838
209 591
638 780
702 23
268 522
417 659
730 338
472 762
768 690
35 31
332 975
38 770
887 603
194 364
55 508
38 509
303 260
494 268
805 104
194 938
445 817
183 963
907 769
852 896
81 557
123 381
456 81
356 235
23 803
987 698
974 148
306 967
317 25
176 159
740 974
887 96
624 553
406 807
35 577
378 246
735 586
214 90
629 440
225 0
483 268
978 519
538 211
970 321
540 145
616 566
701 114
505 985
777 610
884 833
630 957
883 62
879 726
335 942
327 898
151 843
643 182
184 798
243 493
604 17
566 334
506 872
113 214
721 293
853 565
132 645
355 85
239 881
440 807
353 725
769 400
203 492
711 502
502 337
17 16
339 958
794 499
89 392
58 901
673 413
376 463
188 490
569 502
563 54
312 97
400 904
277 636
669 386
901 450
55 100
837 87
877 935
333 374
668 809
842 397
860 957
331 563
125 602
826 200
236 748
834 141
552 338
502 887
368 103
177 987
995 219
710 279
514 655
727 270
638 143
802 49
874 58
985 595
569 346
403 687
692 300
534 210
652 123
90 82
685 395
375 936
297 360
419 467
499 855
421 864
18 433
31 684
219 115
192 519
558 118
142 891
412 322
713 527
891 695
890 684
478 143
292 2
968 916
376 892
965 315
921 414
169 53
452 972
216 346
777 992
366 681
916 696
834 293
771 586
799 882
966 239
502 223
979 480
736 526
900 651
763 296
559 68
792 264
795 767
412 469
984 763
854 559
788 353
705 892
307 576
920 211
880 968
275 176
724 483
64 813
319 294
246 282
945 723
461 666
520 158
211 650
996 863
111 513
830 906
223 678
255 614
783 651
750 849
571 980
702 863
922 275
285 28
104 652
950 845
602 822
416 58
58 440
819 450
927 18
391 636
2 749
664 967
430 109
504 850
609 177
470 451
333 625
59 616
