474 911
576 60
342 69
729 819
626 325
438 973
357 992
337 165
550 943
453 787
675 591
416 871
392 754
275 881
523 522
456 805
744 99
395 941
724 749
323 677
347 738
474 534
478 376
544 779
685 112
644 787
687 993
681 96
309 360
574 228
414 955
669 205
349 372
404 268
354 405
679 910
657 144
292 79
403 712
255 853
649 255
619 269
280 532
613 964
316 778
739 886
460 21
690 45
565 392
744 167
592 540
357 542
618 313
592 475
711 69
650 928
580 306
651 258
452 817
375 876
290 252
597 648
665 295
537 706
393 211
721 701
548 380
592 9
722 349
498 457
731 709
704 751
727 393
473 427
445 820
558 614
322 600
354 951
737 275
646 357
275 69
453 672
627 140
357 396
260 386
506 792
287 830
370 193
279 717
623 217
488 843
694 77
583 8
694 486
583 676
528 460
706 184
571 71
674 272
365 725
