537 128
250 363
565 37
692 515
285 955
700 114
438 13
645 53
683 476
297 227
423 646
469 434
428 479
475 197
440 224
614 472
290 826
713 159
355 197
437 948
503 283
744 470
556 355
621 635
681 894
578 406
489 814
573 211
360 149
667 696
335 39
368 782
381 164
273 192
446 854
510 705
573 592
315 241
407 197
519 761
652 306
635 138
382 815
378 112
330 748
382 341
582 143
409 416
292 12
333 773
549 451
305 476
470 693
292 196
550 836
683 393
250 865
733 265
392 886
552 702
536 374
281 867
402 912
287 841
612 924
622 429
282 958
328 104
274 104
318 766
604 203
498 409
391 622
312 173
425 315
705 706
704 143
464 8
298 775
738 155
630 785
503 579
432 251
687 255
404 860
706 146
750 215
416 164
380 393
403 299
540 50
285 511
537 209
369 806
310 478
637 574
333 415
680 468
333 375
430 475
