570 120
665 124
682 988
452 411
740 88
701 61
678 107
517 630
667 136
729 95
597 368
263 737
481 832
487 520
380 67
366 867
656 911
468 343
730 348
514 333
424 390
257 602
312 895
267 689
539 938
705 864
311 932
433 762
393 621
628 670
598 608
326 853
701 957
295 199
675 458
571 326
632 883
333 272
614 159
613 356
741 195
252 333
684 161
594 143
687 391
458 129
467 297
660 488
538 693
481 220
711 43
540 910
511 735
678 808
291 831
664 905
347 221
693 837
338 98
724 923
370 83
680 689
482 567
745 246
567 818
617 362
436 633
451 201
704 243
512 282
681 835
255 524
673 495
713 545
542 242
458 634
326 854
386 258
491 204
709 812
362 328
316 185
513 113
266 721
403 531
621 816
581 148
671 388
416 948
744 936
652 360
271 427
620 521
636 800
290 217
388 327
625 321
459 462
519 698
274 412
