474 936
689 97
637 214
421 989
380 971
543 68
648 125
322 961
284 883
318 686
269 655
539 604
321 413
568 107
338 60
549 71
258 33
632 297
257 801
350 978
660 261
499 813
652 807
545 362
480 311
670 803
275 117
418 393
543 392
722 175
542 749
537 598
302 62
627 151
322 264
373 605
676 387
297 283
544 411
603 652
682 726
289 220
750 749
573 953
675 51
737 105
688 233
516 722
296 44
577 485
719 551
433 503
315 692
407 242
622 404
586 732
738 908
517 354
596 108
526 477
320 184
658 320
323 580
311 882
358 452
251 897
590 112
300 115
460 439
373 720
500 188
593 631
707 186
717 964
503 191
593 444
483 457
514 681
657 311
414 296
410 78
443 243
545 583
642 318
513 720
528 294
343 611
463 701
383 690
551 780
559 636
558 99
444 656
572 571
388 767
399 378
356 751
540 774
259 676
261 44
