661 276
472 553
630 599
553 386
445 127
268 17
586 922
341 236
393 451
720 113
554 252
303 476
691 938
687 962
508 690
280 468
669 795
345 451
445 950
570 914
673 365
461 720
665 97
667 131
425 237
474 43
300 539
741 301
383 679
383 2
409 408
478 506
688 848
655 373
631 537
327 68
363 613
385 184
300 567
308 197
749 580
333 683
706 965
584 877
510 627
585 886
331 550
401 270
255 774
595 236
626 485
275 285
417 833
638 718
726 339
378 257
463 244
737 109
333 962
483 523
364 487
742 15
475 890
595 52
511 323
570 820
646 363
541 460
650 433
276 530
555 418
316 16
378 827
583 812
464 21
367 692
347 493
273 528
692 568
273 992
356 419
347 713
269 454
497 529
492 505
539 143
329 600
254 680
750 996
341 630
343 554
656 195
372 36
328 992
496 436
503 263
585 398
361 821
637 962
356 443
