604 336
582 214
575 466
505 985
363 764
527 145
270 433
529 385
547 910
527 132
482 347
427 39
656 251
423 945
394 922
611 17
479 713
314 647
280 208
565 464
508 816
535 644
634 686
327 529
644 304
281 886
275 542
291 103
706 781
479 987
335 759
462 489
372 71
444 162
737 683
606 308
429 522
351 619
560 269
519 750
302 950
460 837
726 597
682 439
498 466
305 822
520 879
679 150
522 622
472 352
331 191
484 829
270 273
723 723
657 9
669 255
464 946
738 657
434 734
356 236
608 358
320 599
725 64
446 880
289 277
315 245
256 367
748 14
709 832
351 893
310 200
466 461
510 488
339 424
413 727
328 656
692 134
724 749
351 44
560 195
481 328
713 911
324 68
635 888
372 210
396 632
716 753
322 170
273 225
374 510
489 983
292 991
641 733
621 735
536 867
270 610
296 413
293 282
360 852
501 548
