382 749
511 461
605 470
419 176
637 278
643 302
581 788
504 637
259 644
552 513
629 690
587 823
319 765
444 992
269 846
602 392
529 873
430 451
707 730
687 981
377 883
419 878
310 137
538 528
529 917
376 899
702 535
585 262
463 108
451 8
399 93
695 595
610 218
456 63
747 431
371 348
680 101
626 338
676 283
329 284
545 29
365 738
389 95
586 592
358 857
497 822
589 601
454 963
711 442
740 405
371 488
571 263
716 598
639 819
615 540
294 151
271 126
283 641
381 382
480 653
415 850
365 197
505 631
602 339
253 22
306 598
426 941
491 226
265 514
503 514
481 618
393 552
708 97
379 442
539 749
379 35
606 51
328 334
646 698
524 686
383 745
487 377
518 400
586 912
524 636
459 471
559 824
421 707
414 125
730 418
505 949
371 944
337 280
728 598
279 492
532 587
735 694
252 38
443 775
545 892
