434 135
420 495
527 119
283 668
287 808
449 939
581 663
708 105
256 78
338 406
320 662
639 89
373 8
298 272
408 288
661 144
568 587
443 376
410 902
429 834
595 392
619 602
264 198
333 197
263 706
626 484
352 778
472 860
649 96
456 874
425 96
612 475
508 472
648 332
572 534
403 494
648 746
361 681
630 645
626 716
440 295
683 813
632 469
687 422
659 644
647 739
479 99
454 984
345 451
725 648
714 531
590 937
559 695
398 880
586 995
540 832
279 199
521 848
474 664
709 29
659 467
563 820
656 16
498 125
706 371
481 441
640 380
441 965
662 877
423 640
705 622
475 696
497 351
626 118
554 333
552 491
293 348
636 974
275 894
364 798
661 828
285 626
552 903
618 532
491 50
340 166
722 183
604 89
451 375
556 275
738 839
629 301
379 284
313 146
465 732
284 52
670 765
259 575
660 433
308 894
