345 865
321 164
347 879
576 88
642 190
713 158
309 916
476 568
636 413
313 80
572 699
409 265
479 774
387 368
433 237
423 735
595 958
350 251
312 701
715 634
597 881
311 291
388 983
558 827
530 294
287 656
702 572
476 880
549 651
504 982
659 623
373 672
426 350
585 4
708 547
560 632
733 371
503 707
477 800
498 987
477 851
406 0
275 223
629 211
668 320
561 607
277 312
748 93
741 663
272 321
473 220
351 476
748 874
366 996
590 251
482 53
267 457
475 530
432 851
638 413
621 418
364 401
506 787
715 4
700 677
579 699
365 156
537 258
500 38
566 683
550 65
495 788
312 39
439 703
445 294
310 345
274 407
366 441
518 547
667 147
699 487
455 528
698 818
640 380
267 469
508 759
474 694
404 880
622 818
710 152
586 306
716 451
376 284
704 547
274 176
649 482
661 249
749 740
695 94
442 995
