496 861
572 802
277 59
285 598
671 884
482 645
647 766
291 87
610 22
628 259
287 653
495 321
669 868
599 880
455 394
492 177
281 716
625 360
274 893
552 870
637 916
520 109
736 533
280 147
346 109
384 223
566 970
528 392
396 726
361 484
426 423
733 167
516 853
578 932
571 44
546 958
289 96
306 340
305 249
321 984
543 647
332 5
347 362
530 582
298 239
409 137
580 906
311 463
683 131
277 236
601 275
359 378
503 639
397 985
435 194
367 722
459 427
515 706
593 892
628 296
311 427
647 0
701 923
580 161
660 997
268 956
632 139
286 43
496 612
550 621
285 964
304 933
521 467
340 520
390 22
667 87
533 643
652 672
526 388
507 88
484 993
744 198
355 850
491 566
599 372
622 322
626 815
552 328
737 407
553 8
673 117
658 53
258 845
380 189
556 756
340 171
648 413
439 565
376 553
406 694
