300 688
240 174
850 915
505 81
823 477
96 791
201 985
510 914
233 615
945 227
394 789
445 83
418 767
388 245
490 866
554 367
612 633
128 6
688 89
558 99
865 903
89 299
680 230
830 574
115 964
115 217
990 416
802 638
572 269
335 561
242 588
886 557
366 239
853 423
965 464
863 951
790 502
827 903
737 796
471 986
536 965
589 618
817 115
108 719
280 700
378 237
556 521
280 905
489 77
978 413
804 837
686 26
106 390
65 534
553 193
842 230
233 271
238 765
454 673
376 368
278 497
277 305
424 63
529 540
878 460
38 593
789 379
103 64
957 117
190 516
600 398
815 761
4 382
491 963
845 1000
366 700
247 565
925 177
728 409
979 516
276 783
388 374
414 953
709 247
169 883
166 547
54 757
507 45
711 376
608 838
916 609
710 139
709 302
203 537
220 54
318 619
991 313
242 392
389 339
310 184
