54 456
349 612
651 776
832 927
854 158
15 497
661 440
731 14
452 66
820 830
554 173
138 469
124 832
96 421
715 517
350 404
836 462
400 725
713 165
568 226
415 235
128 679
546 210
724 854
342 463
860 727
518 794
920 564
545 719
587 970
456 164
230 710
863 652
887 844
579 645
883 46
451 402
833 328
691 747
376 30
327 310
970 372
161 164
107 386
641 376
430 879
363 161
633 197
656 581
805 358
745 532
229 248
363 231
908 186
954 971
31 700
283 823
834 948
776 83
696 704
521 701
985 87
347 613
819 508
417 451
912 907
95 690
432 237
215 645
174 18
715 791
805 419
822 677
310 593
531 401
899 916
888 200
413 546
279 345
75 572
848 632
1 166
160 940
315 79
900 249
854 557
258 549
808 130
20 555
784 663
683 621
97 343
623 569
67 728
327 103
677 565
584 321
161 459
64 174
735 135
