784 659
470 543
961 338
553 320
901 732
48 824
777 677
102 554
22 627
529 524
667 359
358 373
565 965
980 825
738 242
104 926
325 143
906 896
862 5
394 853
534 579
522 470
835 490
308 783
271 11
941 960
599 165
349 270
139 474
490 920
21 930
180 640
207 494
657 83
455 206
891 951
784 569
163 991
139 696
996 431
934 34
740 579
835 827
919 166
734 64
857 277
953 31
27 926
504 912
987 17
909 546
354 636
290 577
346 234
312 183
136 999
376 215
623 510
992 950
732 167
335 891
466 244
201 312
776 992
507 95
825 805
175 153
149 595
135 571
375 94
668 232
343 168
98 829
307 230
568 337
457 709
689 127
160 97
501 284
178 868
769 114
650 101
567 872
399 254
552 883
966 586
244 275
204 667
654 703
883 671
909 102
11 583
391 297
285 888
495 4
647 524
416 652
67 5
733 558
989 709
