609 898
493 563
758 286
992 599
937 686
331 748
240 108
881 429
806 457
780 223
728 847
635 168
24 367
935 780
840 477
27 360
378 905
53 115
577 333
371 362
401 252
582 308
115 139
113 936
484 544
144 874
545 683
220 321
322 621
13 446
890 342
629 211
161 306
321 888
388 233
263 283
694 780
38 38
459 757
14 264
737 588
813 387
0 958
605 433
164 157
148 624
962 994
810 220
271 563
894 161
953 972
62 126
936 458
67 850
340 569
1000 719
84 244
332 861
517 39
515 113
625 430
292 298
641 26
20 647
42 833
359 387
800 184
541 681
607 751
219 852
149 556
774 689
680 589
103 804
732 786
161 452
592 279
278 971
884 611
533 975
131 589
348 888
695 639
129 116
731 119
247 532
730 499
905 718
690 918
595 382
392 749
416 294
912 839
760 718
876 535
275 698
656 988
583 547
858 761
134 260
