228 734
929 334
909 200
278 550
873 223
987 282
780 367
691 341
834 350
51 352
69 370
654 481
448 254
648 402
987 53
647 914
558 152
143 467
774 639
764 634
925 886
166 134
408 106
629 214
446 534
787 440
507 931
26 161
897 354
88 504
682 6
933 122
952 722
323 171
417 726
487 986
694 306
978 379
747 163
463 745
958 720
834 719
541 336
754 485
483 225
664 67
754 743
914 207
601 594
360 648
826 114
76 809
944 94
66 776
115 683
378 829
441 676
447 307
730 612
416 784
734 995
258 289
530 333
451 319
364 824
436 314
10 458
612 709
829 490
76 519
281 870
743 207
869 285
878 784
435 445
841 24
371 141
698 541
457 935
610 972
167 583
440 643
485 477
214 246
41 763
552 815
698 502
851 265
578 37
31 82
660 866
745 204
407 568
505 719
245 224
925 928
714 269
669 230
465 650
462 760
