606 355
725 953
683 566
721 416
979 544
226 668
101 930
482 943
167 132
872 570
467 628
12 939
873 184
455 880
486 27
885 900
652 351
928 502
194 360
323 811
181 503
18 347
124 194
453 987
335 1
467 55
229 939
35 704
693 976
697 531
195 258
219 121
813 918
235 543
683 800
630 201
171 751
912 436
89 445
447 145
169 408
499 190
399 428
630 66
735 831
875 906
720 7
914 712
493 871
299 147
793 595
62 287
251 936
875 26
506 140
784 578
403 219
323 815
616 66
52 18
993 129
787 561
990 210
881 157
571 312
728 278
496 345
527 639
388 647
987 414
837 11
391 303
540 150
669 9
418 522
437 615
524 784
210 849
682 622
494 545
225 56
364 289
397 616
738 81
811 157
609 675
471 114
980 824
297 165
969 873
869 292
975 257
659 362
757 275
666 304
330 543
69 410
39 728
493 604
145 445
