478 812
139 372
1 998
348 917
569 825
30 657
232 973
586 780
318 926
551 429
69 408
372 593
450 244
450 599
240 31
977 464
107 781
949 428
675 946
386 843
567 222
424 257
391 623
573 351
369 10
929 366
860 770
654 923
59 602
960 897
760 26
191 556
187 322
875 638
908 121
221 286
890 441
163 49
68 895
172 783
183 712
252 139
187 318
427 768
860 773
682 368
620 655
561 867
480 819
466 943
605 490
65 696
446 526
703 765
244 176
633 550
560 748
177 413
851 411
749 46
248 71
430 56
106 539
153 727
433 72
234 436
828 730
453 742
565 624
905 649
14 85
133 196
968 750
209 472
554 727
103 974
529 104
247 44
507 295
872 36
326 872
285 373
997 824
366 84
624 490
759 828
836 552
84 273
127 956
286 906
544 504
837 378
969 886
291 262
878 355
369 143
148 920
936 481
26 532
89 776
