759 996
378 0
445 252
633 578
649 469
548 241
234 258
714 483
745 311
400 499
480 509
41 356
738 851
3 53
164 925
369 512
517 771
569 924
215 730
258 160
499 674
266 266
776 854
426 471
419 529
664 620
528 473
710 97
551 547
664 529
974 383
442 949
414 856
179 354
900 410
357 65
224 609
886 988
985 984
406 744
550 459
61 681
39 28
521 287
26 727
829 896
615 236
950 255
199 955
746 289
517 330
426 774
305 816
113 209
518 823
141 93
888 123
996 150
896 192
848 122
695 672
185 227
908 92
810 438
116 577
386 822
647 278
668 32
538 213
124 300
17 572
908 309
799 577
66 331
786 102
590 347
121 776
733 299
24 557
240 903
263 691
665 37
100 790
726 203
73 539
855 957
598 681
325 823
969 123
217 398
804 725
206 838
915 591
946 428
836 191
52 782
54 961
540 362
971 631
117 285
