878 695
919 792
245 639
578 773
120 965
123 892
591 455
887 238
308 716
732 411
347 834
50 659
86 653
107 998
1 771
392 955
241 521
355 283
35 410
303 534
479 708
702 770
758 382
570 858
161 503
379 798
150 890
426 436
419 884
595 483
689 590
562 386
63 218
697 417
891 831
960 308
612 907
878 269
659 65
377 400
831 295
313 576
717 174
522 479
961 928
680 386
960 146
529 369
868 245
465 87
661 992
206 79
383 704
68 981
909 805
507 169
308 574
52 192
389 173
621 145
16 77
430 228
772 370
519 498
130 120
774 167
198 865
500 506
853 753
404 879
925 49
96 356
814 475
539 146
862 126
416 924
760 54
398 50
316 311
111 961
396 333
630 564
484 927
289 9
890 954
290 27
71 888
875 661
597 512
358 549
559 512
214 603
860 201
709 723
110 953
632 105
407 880
396 633
905 221
228 829
