324 429
175 964
85 542
576 516
665 150
111 588
633 236
941 18
129 70
231 241
927 485
866 878
165 712
983 412
373 395
639 594
745 252
822 832
808 451
634 986
426 62
351 8
0 362
888 214
380 936
290 306
612 779
160 58
442 273
955 802
79 84
452 423
273 322
960 591
569 735
647 223
849 460
391 119
87 721
29 36
329 472
221 393
545 194
557 399
58 35
668 661
712 637
703 667
132 448
757 734
666 854
271 98
725 222
562 922
551 493
800 72
172 488
177 292
879 776
286 411
501 461
20 666
98 118
446 978
452 232
665 754
467 537
2 738
529 710
838 162
376 749
141 682
360 833
944 975
133 251
774 555
782 746
619 79
871 30
190 686
890 790
462 410
973 427
845 936
626 739
388 331
334 253
176 888
137 277
255 881
715 734
830 521
465 697
730 256
892 438
361 979
380 503
779 748
405 38
471 539
