54.7848594416417 46.0656283108186
39.146110894467 42.9082267983299
54.2542917737753 41.8773628921609
38.2229211502071 57.040718770468
57.0315475818333 49.7373931843935
42.2503210961385 53.6383454535296
44.2618325983887 36.8559858505085
61.2848539644393 46.2751637794979
67.4265628156165 67.1879144694035
62.8249992355851 54.5835854833222
59.3387123888659 45.9710059088704
27.9255751388678 70.6347657895375
54.4994550855594 46.028200319124
58.4836994144891 50.1538662191972
36.1544410354451 60.8611681014652
49.0835703380149 47.0367537306723
58.7375985314699 65.3303259576608
65.9314095436153 59.541812019332
40.875987216616 52.1579802393498
47.3511995330296 47.9510832111642
50.3373008779523 32.6989119711132
52.697003726518 43.63746322404
60.4376787143 49.7891154382005
47.4152578861085 70.4024032313215
58.6161481943118 60.3458389661512
64.2689041237928 70.8927686070852
58.671183856783 48.6495809310038
49.074579893621 46.4532718331129
40.3661135459808 58.4936224608016
59.8496097920533 51.9058743605001
53.0480220056622 38.8631275168818
60.9612296216841 48.3916511830796
58.4298377154409 36.3711636422824
40.2692342807804 47.7996789644057
62.9132343836173 45.8803849505721
62.2085315814073 43.6010670254653
39.5171943608131 54.4392274006956
53.1533231498318 49.7095572606079
63.7110448360308 73.0350961286014
61.4982739684502 48.5301827903402
45.2258669090639 43.872090618678
58.7900598031709 67.511275240132
43.8877068213408 62.1388485099174
62.8240611134676 42.950097088867
45.1956159265434 44.2544799003046
45.3829638817919 41.8810900717574
52.2902774819171 54.1264817546223
48.0888892034713 30.2829942153221
43.9376847492113 61.51487035919
53.3095964553149 59.9934633075045
35.4162691530825 45.9309589897652
58.2206352524526 63.5889886681213
58.9135217501136 37.062219451032
47.7979191772809 66.8733413570455
49.933350430157 47.2810112297149
54.2514830576854 34.960630764303
52.666432211648 48.8203167879081
59.7610072116494 46.5546032275791
59.7328850544828 43.6929945792607
57.4753825474453 28.8734345953373
65.8008507599381 35.2757333235987
64.4178742325114 52.6848746503868
55.2670505624118 41.9861173884082
44.7746187367145 72.8696759404278
63.9149295204297 38.8689711649993
57.2554814785232 37.4376337182937
54.2617844873015 44.1558559283388
49.2480244013633 56.2905362723022
54.6855859953006 44.25017856555
49.2305677420521 47.2674587445575
60.1536155037603 52.0333554400017
41.6951150019198 37.9127941863559
62.4854415900101 61.1759944551401
53.897693572117 71.1651720262484
76.4548809381728 46.0797564124151
51.2958599043373 44.4351057612131
35.0261215329117 50.8184536151904
55.8406784025294 52.9497647644006
41.7816737557123 64.9355598810514
76.8473790516105 74.5130063615844
53.223766579572 46.4280864626916
42.2442394589618 60.445915618731
60.1698145918283 53.9458500203238
46.9585526082511 36.8051209978718
30.497894908862 74.9191802803537
34.1857532054398 48.2748766190916
59.2922817026345 73.4844959889905
54.8227773598175 53.0515710250135
35.0301680877083 60.9777404433744
43.3408224464885 50.7889513549763
34.0916686286021 52.8560233470658
54.1392653759737 48.3613786404495
35.3173015841692 61.1611567683971
56.1833282627629 41.9782178190058
58.1350255547732 55.7941690832958
58.8922989286161 67.8882049729905
37.7781614407236 61.6625769117803
51.1159485315656 47.8971017397013
58.7960085771283 33.4066252279214
53.6224924609028 43.9149276978514
