48.6451752332275 37.0031967858545
63.7672977194401 60.4741226785696
41.5613902469534 40.9538695877054
53.4451666193343 56.3503056059418
60.4763764252062 54.5176482773363
56.2452667004167 60.0966530505167
49.1258218359536 51.6360544097636
68.4081884275247 33.4475401165696
45.3278229098304 59.4963712702725
63.7189063661805 24.4247927242359
29.9612929277697 43.0582594843289
55.5575119952208 49.8825511285521
60.6665184444592 28.0107029477252
49.2718663654682 50.7051489559192
55.8397089774499 61.1513893797618
42.0886413590941 52.9779676355324
49.2026620032265 53.6225027655887
36.8352038902394 45.6417594478269
55.5269361272264 36.5675671750488
58.4870848758552 56.7064378328822
55.0929156372205 42.1236450589492
49.1125166538887 58.241944412219
48.0878566472492 30.5904957876514
76.5928701502747 60.1845120371174
56.1065760394219 52.0720663107599
48.458610526317 35.1822421869795
49.4749979214051 56.129501997132
60.193920553824 39.1678426922385
49.6670810328644 49.2280853630551
56.8486215743748 66.0897104334738
52.7043029731517 48.6388633336662
50.8493224669064 52.0834096230758
27.0877434793368 61.6092537294127
53.4258291192204 43.7442484618945
62.5682139454787 50.3082304695547
54.0739519790561 52.5779959471639
53.8562726965865 48.496514844798
61.361726672691 53.3902626292886
31.2896012218278 59.3020605161862
38.6587839824457 64.2591203576345
55.5534414232052 62.2177058316124
53.937575892088 46.7122279686761
51.0999967435364 42.2060727592176
57.1668548588169 48.7685685464758
57.241464057092 49.3579021013219
36.1089505727586 43.0202474644953
64.4505153060138 52.2938066681054
47.0896468530571 44.9298186404336
66.2944866175816 46.1418769221214
36.2519636805546 45.3515943832369
63.8249668054041 62.4983907251462
58.1737173024163 66.5598220095717
54.4689210345512 55.7712041593195
41.6712658087938 46.7010198104365
52.9515951636585 65.3585865743977
43.4950666774933 49.1353246001577
32.5129537180296 37.4496133363702
40.4932740009766 46.6929038231286
52.2171478335925 45.5871311791648
39.864206100969 55.9722084122694
40.4226189899441 38.7252126638549
53.4001248711509 36.9047164069799
39.5565818003846 29.7322218919764
44.6297621220675 43.2005522900849
45.4669282309831 57.0401855318047
51.6537212815646 39.8533010088218
44.6234641193501 42.5778196788695
49.1258062684702 58.416397322811
39.5585069893823 41.6467277175658
47.602461462592 60.6262767529251
65.1088150857133 69.509255748217
50.9242334446948 60.4092040201582
63.4340311161081 71.2733981839939
48.5200463465446 42.1622467206367
26.497436316277 40.6671458555848
50.7827986800555 41.2453116330777
42.5207077497999 44.282649740818
43.5811642402915 58.2212766342402
45.5702034667647 56.2693468706487
22.8812835310823 57.7671865032115
70.9563500806684 53.394538696515
64.0301856951084 52.3409298034689
46.3564313073938 37.6837027616546
64.503817058372 72.545344568303
48.6100857372989 49.8911735785895
51.2090824427817 51.7943519424002
44.5628057562984 54.257470140135
56.6997183512849 47.0753278488705
46.7801050976955 29.3926352222561
37.5691199983949 41.2118137761967
53.6497459949186 54.597850580452
65.5085837227753 53.6997805341358
51.01143881548 46.3967884464438
37.852253125803 48.0649554779012
53.0927224956451 43.1631836878606
46.7557269471726 53.22314106915
48.770043188143 67.9344038992234
50.1713359997717 44.9442554836175
44.6668848040744 59.6783505048424
51.851410014688 33.725576646573
