43.555109195644 48.3288262986818
43.5584857115261 43.7051022994868
58.6916979116701 43.6846726725917
46.8408584273257 65.6011189632704
31.1694968574507 40.4812235407285
37.8168192989292 65.9208690419367
63.3389934715437 40.6078268408296
44.6093987572686 51.0308985892177
57.8286404480203 55.2370368877726
51.6279197268735 46.8512594363338
59.7439476676586 54.4297878466108
55.3200463265537 43.2773932789254
43.6259117736844 57.5570309334661
40.821767106732 50.465223842388
48.2516142464571 66.3485184642124
58.243740633911 41.7098485222866
41.166178717173 45.3864405103912
31.9002177062418 61.9193171786046
49.0540494418997 48.4817526553858
54.9821741900235 35.3609362532903
63.1431156175064 54.9146194123961
52.2630801303568 53.9925871731683
59.3826497665066 43.1051459747827
47.6116622761963 45.0080966628006
45.0145652666617 44.0983665901164
53.7243597148416 44.7774455399388
60.1474382262943 36.3956103579739
58.9805409782682 29.9829700201146
43.5130330254754 66.9868657381848
56.3895467454361 32.764247231821
62.7674901900979 63.7611149209343
46.7853312239029 40.9831957640543
52.2768739183564 63.1302233939248
58.6754793309809 53.5223315688243
53.8010109092542 51.9643996718058
61.616289261314 46.3232610544596
45.2472126061837 65.5880882121857
63.7279904543652 49.1622257992921
55.6860365409414 41.9236878349846
57.5725565546207 56.6303559144373
48.2364459281337 55.0264679349955
38.3827084973051 60.7366650310998
44.9233848934817 45.6163636748597
60.875304055009 45.91095402063
56.2092905085918 64.099758251038
45.4310010752389 48.3802315857299
56.5514912098042 43.5933707817871
52.645998677589 67.4784950024755
65.5337155339971 52.5310814863522
67.7285463471443 52.6458551533924
46.9501181722969 59.3615675224581
53.6197126358155 62.6157064896822
61.4376412917948 39.0799068930724
49.9454380978217 37.2852947751178
80.3365028058236 45.6066750798959
32.5353649178751 63.8236590104171
64.5335288255609 48.6190131743375
59.7945324879751 24.0370690212812
38.6419210101382 45.0176933972525
42.9582566745595 65.8850239035285
44.5555953261427 60.2479842270104
52.821464399819 49.8730667893958
39.8504615279006 52.5690871808344
53.195892663774 51.6240619405077
61.2488489337025 77.1364989547401
53.4726896432087 58.3669139786869
44.8399448369038 49.8719269168144
51.3217324307017 43.4560512186955
58.7380265646685 28.0752367191477
72.7458849668096 33.9799126998514
33.7905461450072 38.281028838135
46.2833545931976 37.3580914081105
57.9545868916993 38.6931524112061
53.2006624871328 37.7578934714507
58.8666770703832 33.7961709008517
45.1241851162378 58.4528959764049
50.9159645328522 53.7584925906678
70.9517557687884 56.7499755312348
52.1704380210006 54.4451056267307
49.1326597963524 66.6722564656043
35.6389063051318 38.739441141233
65.1165761177847 52.6407413637583
41.9052186042844 45.2588422791555
50.0228698772438 60.9273996032912
48.1898508006209 24.7788853993115
54.8143793991752 24.9252135542159
33.5459062016532 47.2642756901723
47.7743010623958 55.5052518547926
54.9735065537446 44.2547405590415
56.521530856873 65.1036130825964
34.6180726056408 38.7659461141162
59.8433391005968 62.12726463492
52.4501355779192 44.4900702520021
60.9326745749307 42.9412645330388
52.5879169774311 45.5667700513628
66.6518685984605 30.8801011342911
50.8446016553203 41.3131297912534
50.5117444039324 51.0684292418622
41.3653068383752 39.6229200581764
43.4914573145648 45.5844876684006
