55.0687126593538 52.9145053652616
32.0677712388125 47.8022738411308
45.4391877162452 40.1761519458828
49.2435843572394 52.033113044654
43.3792264644138 43.9729733460278
56.6418002010508 53.6522796862018
64.7414579355452 44.5954976960338
60.3127715569019 37.2332634049546
34.9510640160706 38.9727216221723
42.8791697552258 47.2359889227144
53.598473900417 47.2465572908688
37.5703359226383 40.3665614377289
53.7956183623182 35.1255122009223
42.8279797085831 56.8194559698758
45.1374179718173 56.0643195279716
50.7514707739144 54.6609577957747
47.4554716602623 40.693177365861
51.6166310138456 50.4338840769433
28.5115585895085 47.4429474685995
60.9304105695748 41.0916653412236
54.3449258526022 51.5339829835295
57.8161633000912 51.0995908734876
24.1549994425757 61.2327041800177
52.9462147399007 44.0338851192998
47.8276131751852 51.5529941291437
57.1384208359299 45.6672729997107
47.4900927154873 47.468049321891
39.5475077141333 40.4744162168493
46.1891113037848 46.3880971410405
77.9736936529571 47.3374463868088
51.3840949118629 54.117680766885
50.6649993465187 52.2056327490619
52.764411571643 49.873712158038
55.8990683238735 46.7938243938829
32.8699802631781 47.91928455475
55.8311941184784 30.7346658008888
61.4281486572247 33.1724551959239
40.859250917152 45.5800063018702
50.7220865097808 48.5164880945223
53.8420329696754 54.4336145072185
41.9776653124341 42.5696055650273
50.881047243321 48.8049418122673
34.4743182831704 46.3316037191389
41.6618722950686 47.4015682975743
56.8259612915189 61.2304692970228
42.3252011145068 50.7044443966513
56.4043280831254 44.5463187463484
53.008147308033 53.4875685846324
61.2754670455907 32.7086985985312
44.7926494056239 51.6511339890321
47.7239171044754 47.7785735992244
46.5040309293801 78.0371417243546
72.2399420949066 51.4743945733912
51.473027922769 49.3830221116147
41.6054878080683 35.4160515333659
39.5565479402551 53.645316428888
23.0912496811554 67.1742568010924
47.50528203909 51.7898956335277
27.6432729725227 33.1829301302571
62.8391010952933 43.4713186161061
45.4218090121164 51.4896640080894
52.4817862956907 61.551876514706
37.4328946924051 50.207265197811
50.4466315906659 58.9986249397966
54.3306958779692 46.8163541697619
44.6604846385152 57.7573307010177
40.5869267031007 49.5426191968953
52.6770324903691 44.8167796921819
38.4628627226294 71.9117433210076
51.9978848563802 63.2794244391503
51.2410224817258 41.2453327589827
54.6386972337127 33.5436028035565
60.6172453744042 48.6088891871886
62.5325868766978 45.9070067254011
42.7851831445438 56.0164838785678
49.7970548321551 60.7526344128703
42.9095998880345 59.0875918800034
39.6283148719193 67.311529861244
62.9622473101586 34.335586014325
38.3181048657061 61.8519573833638
47.9508537473669 55.9152115260366
41.4317536104823 68.1585049892875
55.8133783866398 48.9392578824703
52.4605378562171 33.0853210475419
50.4366536875237 63.8384278375225
80.6280164419054 55.7708486097777
51.7675116258585 40.1329310900544
50.7689793942643 53.8670441840126
52.1293420779708 40.3421015281466
41.7493677518703 48.9482348414373
44.4995944908601 51.7934477145986
44.0144246472629 42.8779688331711
41.5141348158627 55.6645666627335
52.8082655704757 60.8539742182508
26.4043437231566 39.0414791479999
33.9438009900506 44.4765940373947
50.516132748543 58.8477462498211
54.2326376994617 54.5896455339979
52.8563740935056 57.2995921311652
43.7303735958878 49.2395342647006
