49.3392658406769 46.4935225565566
24.2286666029155 61.8180661191284
56.4324206577607 46.232279564698
22.9312874402455 42.5024677316156
56.8660720676112 50.9068076877885
26.2731236225141 45.8844757806067
51.6904750205236 55.9282747425041
54.0767330159623 66.5079226419919
34.0850015583775 50.9981762807665
54.534035937186 62.7076886637917
54.9517845536543 37.1761712713478
66.1597976931434 55.5609958366717
38.6421436817627 38.6485933344225
40.9091699215556 45.1587068751195
68.9697308099644 55.3957600172417
42.6885125249412 69.8993049013771
42.326702095252 28.9475999557598
60.6128315849688 62.5306665258776
30.907670334903 30.2635546942829
57.2513527450552 33.1350429527148
38.1268439290223 56.2657271638478
25.8110457260701 49.4991405980489
33.2737156431858 52.6981080285189
52.3744843715396 57.9946554039096
51.8481036065848 47.238984045801
55.7513447554645 58.0808992916837
52.6484326027591 58.7105363122052
62.7639143045183 64.4973568438085
46.0897529807786 54.6901077587034
57.5694665670656 48.3739755456981
72.0416478921099 55.43053891326
47.5196412087456 46.3472348778282
73.3394012832138 44.7431271812765
41.6253039145609 36.2204341158339
42.4133288143736 54.2788674202157
36.6943729367995 57.4489516757651
56.5315632808694 40.4929996353972
47.6372677948233 57.5126369243257
64.0352916261023 41.4947994911033
47.0070498769422 47.4343251078992
45.4712097581432 46.2301867160102
43.0001749325862 51.9343892516998
36.4308305388091 54.3941814847677
51.5798406457396 55.0838812394651
55.9598301710341 43.0836557429927
59.5757338389953 64.8034241345528
68.9016897038649 65.173597061901
38.3902661502746 37.9525066466878
50.5662399884927 41.4198021417155
42.7699269252712 45.834980831647
61.9568704236155 41.5809111320701
69.7301658682534 52.2355877237699
40.4136476571897 37.4785065412473
43.9906513627419 50.204188490249
40.3307168695276 76.9286752522915
56.9584539466447 49.9836270422064
41.6179418312378 63.6558777277861
47.1709893542679 59.0876627664778
59.0674396699275 45.4786580602356
43.2390654311995 44.8392789261915
46.4910025557853 55.47854347273
54.5424594312893 49.7920400578063
66.3501191529306 44.1032832260779
57.2698878930626 55.4870471873127
46.449890538521 47.1114894704104
47.423069873796 18.872668436551
36.5611244278402 30.8350751159742
48.4068019993515 47.6888084564026
36.8409472164761 42.7680744430381
58.2488938763635 39.5514205975028
54.0366926488466 48.2859436285788
26.5828883225942 47.5111037550141
72.0750620939835 49.5408024700424
50.2888182105789 50.4861451569919
50.0575782652177 41.704396509687
58.983790902666 48.3782741287259
56.1656908566935 58.4363256807365
60.6151378832266 53.9775287529203
48.730373727217 59.4207687567379
58.2566078782501 47.6149890205951
47.4502577668233 50.6373390789803
46.8859404965141 51.3349423534968
45.5874024277521 32.7215854786557
57.0038638902218 59.6140634515642
53.1970088340811 38.4239568416617
68.0034698165144 35.7951564334256
44.3907121136751 50.5747284078987
40.0282396121535 35.1484689921062
58.6728894534421 42.2336260122234
50.0879810065584 42.496786283514
56.0129288282918 40.7491030678763
69.2597705579339 46.8645335492701
39.2898763999874 40.2095094296257
53.1932794920243 70.1549555846107
54.0541728530802 42.2262149820054
66.2743103487214 61.8636810320937
49.6101285516729 52.1228789403988
56.2921390230416 49.2005871173783
39.0312644984355 52.5183311052787
46.5833965391788 50.1813740159683
