33.4077505549827 67.6402277981235
38.0042444650103 43.9276947122847
56.9199987545125 32.5580826142761
48.679975070537 57.6406439728967
51.9825468025533 30.2931581620206
29.5273265364631 60.1578518296206
51.7679066318583 54.4826501331818
50.2071838569614 30.4891592589854
48.180677531667 65.4246773946046
45.100906363504 46.5955930464007
40.892663753606 40.9581897887855
52.5690124762996 49.2522192176533
41.7469077356674 50.9619153844253
46.1767771447967 45.7141296474144
44.2667844791794 57.0480056019124
48.8682840418889 37.481540108907
39.0024378201084 57.683931928058
49.947337956698 67.1062900500272
69.9973863211071 42.6979006759859
31.583700374101 60.6281065010223
64.3367578123442 48.6977606490254
59.2211517820482 56.3450082436573
44.6052869969957 39.7736742463429
65.8466202599025 53.855875142905
48.2087560993702 57.816398665034
39.8023086641022 42.543445820469
41.0622217728729 47.4008551018499
63.5479211115031 56.6020122571518
46.869226256415 51.4008257595319
43.7585758913288 47.9122994235172
48.7704099385368 60.2865712162851
52.8412032046499 48.8707185790986
55.6640306517015 44.0857608927775
52.9289965166057 44.7997065048428
48.0744292636669 64.5676289991239
37.10681261891 48.7850327715031
20.5689339048099 62.6793158841066
55.1239440607128 55.1314524596237
36.868230229105 66.9719077766969
40.6673859585514 37.692636519949
52.5022612202 40.2837904954805
46.8330448522311 48.0591345976137
36.3947442079408 44.9473209883969
40.9649204821126 54.2777750821476
39.869453068171 57.1508320858207
48.4857307320089 40.0941848716376
51.7592163589199 61.5008560875307
51.2828304986941 38.4335875887665
54.9748389253809 46.7415602393315
46.0817917098634 41.2420593923954
48.3682684649826 51.9126509840441
40.3542372646551 63.7302557418659
33.1935729773164 43.2210278373992
48.4621769332673 53.1049579104888
59.2063749616842 42.5554349926903
58.9227915201895 51.9796685042261
46.2109574601689 49.8656276295865
53.5475242952539 35.2239735430053
50.6946142511329 49.1250522202214
39.7816667545786 63.4400811637552
29.9767186680344 48.994394122521
57.5792023471196 40.318591116829
65.9203811583032 28.6071269862057
40.5074883662053 61.3493517829288
48.5039265125675 61.4880012280027
43.8905765314512 38.6309131063467
58.3660106343817 50.6687857294542
45.5586291722008 57.6840809441329
57.7185764460062 44.9197822408957
53.9102982005667 37.102129835808
51.4176790498947 49.5379156580953
39.3727741638351 54.0469906583662
60.78798624643 51.1867712524403
35.1543517568072 61.7050418678182
59.0489724741753 46.3765968957514
68.7508032222229 54.7287903278701
29.0417084867138 61.9922261316496
56.7484966018365 54.3161188253225
56.0111940344121 41.8100739903915
62.5781337947508 58.8817878866456
40.1323014259491 52.4526058343562
54.0807263178318 51.5728218385257
50.9260987164854 25.291032647963
54.6444630719847 41.3814845995708
64.2150438016013 28.8663953720515
24.2119276222639 41.6428783541252
47.2551779483292 45.7368496362352
74.1840228991281 65.1896369467462
63.362250585713 60.5478874417616
60.268433140123 31.3361511523669
56.2657794986275 47.6957060820786
58.0803480894408 51.4831883653756
21.9004804067712 33.5839185899008
52.723869886322 48.9187671673385
62.8046762625306 43.4244835500891
57.552432371155 41.812328667737
49.8907144165765 60.4445442737936
42.9818172734351 51.6017288914178
41.2679259508009 44.1354998898387
44.3307615190406 30.9722666873964
