45.5054243539001 44.3493860644194
69.6941764549222 76.497753862081
44.1110760234148 68.2971314778074
68.4214975760852 52.9032449340997
52.1429270075824 48.292782030814
37.8078749053103 62.2825185995342
45.6693122892 30.8537011041385
57.6233069073325 44.5897146135747
39.1005446022036 50.1024729194723
65.9847109339048 39.8251198713381
52.4853174465282 47.2206789259353
27.9958871377115 63.3663023747325
55.177033837627 53.9125316981973
65.0639906544616 39.2213015189772
50.3564222723085 50.3400989242304
60.0146777815072 43.2762972766953
44.8917509042283 40.8578715119799
47.5616008671505 61.9065156790849
42.0154882205089 63.4139212161937
48.4788083511157 45.2687266687207
25.4797168230271 32.3352294198563
62.6071690284218 64.594882580417
41.1790718547237 46.7442046190098
57.9047617054352 45.8013823315675
52.62590858717 55.2838556312899
37.3997515513162 45.2935351409875
61.8209217272011 54.292307457777
54.4280825308781 56.9798022772729
53.6123328933083 46.0521624465579
40.7471314306791 46.6993128660843
61.451625545419 49.2889452869771
20.7717436707241 40.645666684574
59.7850142586948 47.026893005214
52.337579681148 42.9911860956722
35.1093350098324 57.7640649159135
49.4235449205106 66.6649463567151
52.5693353522727 54.1721460615019
57.1006404467155 50.7462894285882
41.5043911457573 63.582235378467
36.885125056737 36.2128995064189
60.142518799489 64.8341247907018
47.0801777892753 59.9041062114085
56.9588250439411 52.628904788459
64.5171331572008 63.0940885773262
56.1650340086953 49.1499637605013
44.8913712310535 46.5464588348856
54.5601199745028 38.3167516942015
48.4630637958133 58.3464982536189
46.7238098140525 48.8885246963992
57.3378030360363 51.3218670217548
69.8297451298831 46.1916942163986
50.7442502176249 41.4977199204354
70.850794730454 39.8135659158617
43.0759294572476 44.1754147967952
44.9605012676394 64.6952031097426
55.1117536678127 35.9959742641895
30.9252637926523 57.1048055751954
46.7802992018754 53.3456095611127
51.7635681072837 56.477376069626
46.4717865408898 63.4816574222045
43.2687880744803 63.0781356413378
31.8249535936402 64.7579668682469
54.5936344768726 46.6164574511797
56.3519408231839 37.702394024225
55.3916765251975 57.345891583285
58.93103959875 39.9137849734261
63.0438034704422 42.5804033419671
37.4933301076228 49.1609688907749
59.1552611579398 47.3196779650898
36.7126871574327 42.0632439561756
54.864480165546 53.0824990608378
46.0663758900582 46.2497612922483
61.0285746496906 41.223189637672
45.3609293322079 43.629899600627
53.7203019769231 46.7069737200785
55.1340989271774 43.8717077771413
50.3809071847695 45.7354143377485
51.7632750037601 43.7255120768613
54.7681452497754 54.623817781046
55.1491975069105 43.1504627127246
66.4729647707389 46.5505223915513
56.6781656764188 41.8555476374897
39.4658679025462 39.7149015710043
53.7466978251143 52.5110613499379
42.2756842560064 34.9752709864269
52.3155802882809 58.2586391772078
55.1948693713653 50.4582013078845
54.0169510797322 36.981492933719
49.8183252786566 49.2835096568121
54.2615164706792 44.0148712317485
46.9199867662108 40.4211057593331
65.5097662675954 44.2946126054149
54.2484691476074 53.2002039242957
31.2433123978898 41.9923111346272
49.5203851664269 72.3312593065437
46.4707709558716 60.1811720102327
55.779474986669 58.1442380567421
45.6328242617695 66.3949520465938
49.7423561009352 57.8622185761335
48.4962973023129 61.2438288835678
