40.4826173326467 39.7615701151116
46.7750340176158 38.3550881003766
55.363245416843 50.2999523107554
60.5217021264923 42.9957351920675
61.5482586150165 32.4636193758044
66.9739845830774 41.2313402449153
66.8092404523411 52.2537947785043
39.1226312564278 27.6205219672996
63.372144107641 58.7481183944335
69.591314902022 45.1300478215515
38.1085614378592 54.9831369321484
27.9158295377777 36.7303997468952
46.358448151012 41.337358193974
42.0020173098618 38.706004295327
55.5496543577386 37.0370863911722
40.8329731770181 47.1253815575311
74.3272415542188 56.0757105929699
66.8654150717086 44.9079863768802
52.9423614696337 61.7672672346119
57.3397816249091 44.299177484333
45.8994355551744 45.5060803408156
30.8718088665671 30.7657763896376
43.2538608025081 40.253697148291
51.9781494429376 50.8418446201028
27.2448494471631 56.9704304142345
60.6422776964195 46.6040274995443
40.3936651700884 47.3804792040222
38.9071483916639 50.3330247841614
40.016075104565 43.2061086189797
47.3549031046836 40.2496658278653
54.7029336496312 51.7039671729308
59.1098055970821 37.1633680732873
65.8050145475083 47.5351567928866
54.1928687763863 30.2575308394165
47.6226835453142 56.9875266580429
45.6949322035275 30.1761426925456
62.9680621289693 50.3348933446713
56.1783487189272 57.5842202165201
47.319004322127 58.3878518786789
39.8066191117167 52.040081494566
53.1827032657178 31.1630038031206
53.614509184066 57.398479732237
58.6256529238726 35.562424917759
46.4928254448448 52.2649427967972
44.741679134642 51.1530270653365
47.16612512509 45.0390951786521
47.3148305106311 53.3678812481133
53.0351402443831 48.8282756032367
49.1687954576507 65.0499229891263
50.4232154073302 59.4331642117006
65.9428764622086 55.8307729108738
42.9783865987709 61.6709327490381
58.9863789271723 50.4027037454216
38.3818373776461 46.0034114140536
44.790618494898 47.6606898541864
42.8584312289378 57.3123092542135
72.7796391610946 49.7454265972077
34.4646108622263 46.4922735159088
49.0757401633275 66.0725377421575
59.3693052105861 45.7391854494647
52.0301151882637 66.283819945353
56.3921496627242 43.1757804746163
49.8308955468873 41.3963056412367
49.3367638827232 61.0694329250397
55.1398843285844 58.3827399908635
37.016171604823 35.3461511926185
41.7602101575016 52.3898722699877
48.6126239534128 59.8177557120955
53.1359441740693 47.1448760848068
59.0366860424597 58.559532309364
59.285828774775 42.6030019936226
46.7988816862419 35.2331480265828
49.8518874092491 53.1638490247267
61.6565541684217 47.9145172567899
53.0681683665904 47.3987995251321
36.9538532647226 50.7147885056319
49.4887150061229 42.7313085783441
47.8878717688776 61.9702680439346
49.748023343925 46.2613629242314
53.2679856375883 48.0024119743243
57.2618867768181 47.4872512188758
38.4518943474458 50.4452190362565
55.7943738160268 61.529166799404
63.1083127611523 50.8126255036144
38.9854600845371 54.8618904112941
63.86626029067 35.7502140236897
43.068063912093 26.9144718008995
47.0528400989282 69.8909817307999
47.6280792743652 66.4238429990696
52.1126282719429 53.6840877396929
46.5636203807033 48.2003244893366
52.9392535401088 52.3709372555693
47.0206041121175 26.829525033228
42.1855913621512 49.2840334253685
37.9891329309954 52.7091234387237
48.6833972878145 42.2989040020123
40.4151853387199 59.6519332112929
45.0913022346243 47.9308168954308
55.4501197791392 46.1402784737263
55.0577775639702 37.7705958407798
