61.9497436639435 53.9617059592813
48.6881421658465 56.3105559702204
52.1638690138651 41.7058050618611
52.2675126922399 40.5700729607357
52.4594633828592 33.1551475061608
44.819983445658 23.193062017963
56.771724706844 52.5247987938177
53.0521809134485 65.9606023318798
44.4651273317303 37.1067215730541
39.0858026439197 54.9295119333966
41.288565242561 52.1396985986662
40.8979474302521 63.8634036217924
30.734912894124 44.8627500104382
50.6097471715387 32.209602475
44.9915318628126 54.0810063477891
53.4571721139855 45.7579006036283
39.2094210043437 72.3431335721953
43.1001871672596 51.7416010421882
46.3375281989988 37.5100144208088
48.3397039381769 67.8940624399681
31.3384304467101 46.6802643177988
45.1869852413739 48.3376628405276
46.7054544226283 59.2369160396348
43.0528099806994 47.2991380118351
56.018149585956 50.0351447100096
48.1898902686446 46.0423901552662
41.6742121974155 53.9038215420487
61.540054507968 76.1661957534984
50.1697744002777 54.1218174808855
41.490889367859 63.0696046383824
34.0553819488198 60.9982941268818
43.9620895577275 49.7779460069571
47.3801933089318 53.4837459658332
38.1958822250961 55.8589534605379
51.6779655856113 62.6264371865015
38.0234805820275 48.8830417017953
44.897683144171 34.2296059035069
39.9238789601639 41.4790314478331
43.7886115847564 62.6616370069529
40.3227805808726 35.3221224064834
63.3549589561664 51.1028159111777
42.1019247163275 51.5156182499023
60.6637576735786 38.1322057826939
67.7108130350884 48.0760056587797
47.8273047394958 46.6274646512244
46.3287373350898 47.1224766708035
52.2230173565201 43.7154945998587
52.2802672002215 52.4988687226744
61.2729721076931 58.5315282769467
59.2572230151616 60.3773173280207
39.278412616151 56.0313199529447
41.980463101433 54.6703631712997
73.1161708891524 71.8381184949239
29.7164083203783 41.5272995697358
56.1005680944573 69.8899177589269
55.2297255442832 49.119907724626
80.6952780151253 20.0105129965931
42.1524493672042 62.1543745730155
36.7814924384908 50.7727728973307
49.4213178085883 50.7490761469687
45.3136778046238 38.0761206291612
60.0769632904035 44.0493334589944
50.6651202060678 45.5314944759608
50.3273727648255 26.6096063071915
43.2029276723875 59.7110167433308
51.4499972385195 43.6992652887821
50.7417692586183 48.7529333979591
45.2619233915712 49.6317217466815
51.1299841955755 47.9631380020636
35.3005555581467 55.5397057443233
45.3452619445746 51.7006121731822
51.5747191955722 44.4085041653511
46.6889580821117 33.7669972490138
53.6142667949728 43.9952180942234
38.6415503825165 59.275307277883
59.4707345582024 65.6400652633383
58.6651346132905 62.3610367729915
51.4337857939946 54.4268907433829
45.7371038785477 59.537623783603
65.5177334487654 54.0710201183248
39.4429189053292 40.8527396875877
38.1738363078005 74.427285570852
54.6468237077619 50.3036031376368
30.954878803388 61.1314475317788
28.4474034640205 50.3591940638077
39.93707463054 45.1095070003055
45.3500396200693 56.6326147798572
44.8611016460859 58.3519196598115
49.4463890715547 52.561773137481
52.8925758747062 57.8336105802149
46.6536809403997 41.3760595078354
67.2825675012304 29.7123810955003
48.5582920554896 39.7804930924631
56.9245620004818 44.1569914636696
52.3979609396429 43.3356108253155
58.6420355195466 60.8664918560567
53.317426594307 46.9878335032511
46.908823701326 48.2637991380338
42.33658249715 64.2858003935823
50.3968645466441 38.1724004485308
