67.8981875542712 37.2795728608577
33.1804712368702 45.231454139425
76.560699722964 48.9045880797247
55.5962158125741 47.3840080753829
52.7458708167745 41.0751723312583
55.6329673993409 50.7242330265929
58.3136025888477 41.2701912101013
52.2676842724379 39.4328882699818
55.4994675075262 42.6997525794944
50.2704333800294 35.3181143556488
52.0115706640304 52.5752710141154
59.8343081271885 58.8128451670466
39.622945346447 48.3568674893192
54.4837855699177 48.4702859355749
60.2304952117346 49.5403438239665
45.000906107322 46.1536838637024
36.3681449790292 59.7961879707535
59.5272686308626 61.2112666206165
38.228073996419 60.2591584143303
60.0157095104646 56.8281963045617
63.9052563902317 53.6233692131568
52.7489492419879 50.6146414368398
56.1080712364004 60.0245195132119
61.3471928430041 51.0370409561461
38.8331470473095 50.0688763140766
42.3681792202651 51.9646376509088
40.3035665082179 44.970993543318
54.1091115822781 56.0398494691692
43.2376048423602 51.5742919736549
48.2012135137943 47.6311309924328
39.3043566893048 68.4340603716043
52.9569477940893 55.5436302361196
39.4738286079663 35.7627540640331
61.9879772510632 62.5380542961503
49.7373535225546 53.8016238806372
47.141102627058 62.9251659252472
49.25910558997 59.4846741965455
56.6387345124627 50.3690959685279
58.7276665418183 71.8440729679367
51.5355354964054 38.1536071611523
46.8307394234275 49.2512308747158
56.7985637033715 42.6704182612078
34.9101893373028 24.0375684227533
66.0232661929728 57.026538544118
41.0758082347421 57.5835274375339
47.8391268591832 60.2209020695056
53.446743106889 54.32204912734
38.0632493491845 54.0926890284041
71.4111091443884 34.0628421195232
57.2218494761263 51.1472860089698
32.2289998131307 42.584421695238
60.2272907581312 53.3135083996729
63.7593359379932 63.6781945699069
32.6664776459562 46.5333365427471
28.1698623295406 38.2320229824578
65.7856088253127 62.710622444074
62.6254247811108 49.6575606077076
34.5067657666081 37.4107403141716
56.9426335396489 60.2314941373329
47.6388283525728 42.7994214952856
40.0176093511189 49.9712483960835
47.5120203401454 56.5786343252864
59.2788872531758 58.7320196981199
41.731628885867 48.9694424864156
42.9567120547432 61.1881137061176
53.3716225462314 41.982375117075
53.2938983496577 54.5402323085864
42.1822692889645 48.4061765893052
44.9048025038121 57.2757249342097
37.4166178328921 63.5307399869051
51.8359318395483 33.9348158347054
59.4151873959167 34.5455411700674
40.0969899103569 44.4953985067778
34.6827312090553 30.3403776336062
49.9389539514138 42.2626271211862
60.3463275018026 60.1714347192299
47.674069566131 65.6640303627191
51.5737692064233 54.60910913876
48.309340442232 33.9591355509672
44.6052187139442 41.1116456517477
31.0550044751879 60.7842173578148
51.0232974103322 63.3538166611697
50.0848855264127 51.2887240741692
43.1713125820348 65.9422034103815
44.5394165510729 52.1401632679386
58.5431206347017 61.555397679869
56.8675401676804 58.1962060047722
54.6945080695164 45.3929602789662
63.2109886318759 63.3900476323834
74.659122034415 42.5732391654552
42.9201041146816 45.0661712201773
45.0146105604535 63.6612197624676
30.5937711203881 56.0838623883068
41.2072523356325 51.5983969343341
42.5810371098342 38.764254311952
69.0705706625266 40.0061369568321
47.9720094197022 52.8477825412874
69.2065761331791 49.8356270854748
59.0120239408661 32.8702899258541
51.2692285167125 34.0108918479224
