47.6590349374366 57.4572862140821
45.4079780070695 55.854942116799
60.9141447818103 45.1143234221283
46.4016291264766 19.4100712729482
54.184142295399 72.1701356021618
38.0941108547769 53.9276007034403
54.6168066486973 60.5612066263596
47.7281544334684 24.951928206247
51.4277140882539 42.9501370627497
66.0182328345351 44.1411175293217
41.7637287952438 65.1347650245672
56.2024919238274 65.634759206537
50.5411022910623 39.7769790529905
39.1560459051712 78.4012690631492
59.9811729563497 23.309094906095
44.2621701790376 55.1354605674061
45.5647632232439 49.2757965687281
52.4514237142259 49.8456873091323
33.8942397526134 66.0654689997887
49.7711574908342 53.2792116620078
52.5135166754005 49.489649112624
43.044249888908 44.8210254805136
58.7914100117914 51.6652783028999
55.9600791947766 65.4666988231532
60.8152881278872 55.3199430333273
46.1807994762223 28.5236825811209
47.7194679601199 63.1207184645108
41.2532788762414 38.5099140246531
39.8323399917055 69.5864007349783
36.5472054648437 56.6625960862351
49.5808113407978 39.4479808976288
62.7047481976495 52.1250823208911
44.4970106903385 29.1132467637733
52.1786491691487 61.1607745924877
41.5727841639211 48.9807439980498
45.8222152050042 27.5480759323647
45.352652826935 37.8867201115181
54.2658210520073 49.8033273550464
54.7896934493035 29.7586178393956
40.8144314648166 46.2961290395277
53.0434238016744 40.6916428244336
45.9679115685633 65.6780735219997
46.8400954198332 34.5912593394404
53.9453833729079 47.3477263178534
44.4485844469801 74.4550296201782
50.5870302630541 49.1645480002383
49.0516161407 54.1348432529359
58.003665170748 42.377366815857
48.9694070179873 60.9610969753551
47.4080391953187 28.696643759616
40.0900343657565 43.3717109624923
51.0008920976385 45.2229499660775
52.7033048310602 52.1264648916702
44.380438263597 42.63830445411
55.9638598674017 64.3544224211653
54.3180640398759 -4.23176159664407
51.7660882408074 48.4625392094258
46.1209398676162 64.969453806448
51.7782240726068 48.9721199083168
48.6000681206315 49.0637637175013
66.8514617164479 51.2548433099223
52.7516653663314 82.7227807698998
39.552480256695 26.8322889398682
40.935214157978 22.5914374855985
45.4186348483689 42.3457389029851
56.882336219505 40.9508830496577
58.6715330718893 78.7720307571131
45.7234191786295 46.9091919419192
54.0781513112418 65.2196671793138
49.2421589906519 43.855659101386
52.903023964107 44.9001308109375
59.2931732410947 53.3945448309182
54.5425669736088 39.801538377107
49.7805624351718 78.0929660514257
53.1504599341703 35.3967745492159
67.7248329642452 40.6061447189075
58.0099788868188 43.165169075364
59.8804807489956 79.0371952758641
41.8665273080508 41.0643766300062
62.4603465355049 74.3557499277583
37.9699277590536 38.9180528174457
56.1569484138493 60.3567402356666
49.0354700775061 43.4155516466248
67.3532743892654 50.8949284350049
52.5444022921837 93.3400689028384
60.7468742612769 53.7984098142827
50.9353784181684 40.6137588476216
46.6388786296505 42.2963466824555
47.671378491933 31.7932570346579
53.5802398639756 56.6343844799897
46.1750562611956 55.964638947706
60.354552459625 56.4149970885885
53.828707220201 35.842169499405
52.2956020035712 66.5723927642542
68.1785036196327 43.2068850211834
57.8978037158045 27.0963671818607
45.7450767643972 64.6727232018741
56.1575961529209 51.3564627934701
61.5687863355756 30.6447025834095
46.716066816984 54.2967733829474
45.6073888234528 32.6092067070397
52.3291862679079 27.9465409647004
48.3949664959105 76.7527788772295
58.2561868601681 63.3907758615489
50.6155914171856 43.3118922726198
43.3003536316129 41.3819070791991
33.9427097965686 45.6255788373163
58.0121284271057 58.7638540010398
40.3025716121845 65.7190643750389
43.5084320422068 50.0943085523952
48.5457357658191 34.6597911083861
58.3922236279771 56.9359807591085
31.4136643074165 32.6288885611437
50.0271458957609 30.1499547926479
30.0389454923547 32.012622170352
50.4108657384883 22.617177794139
50.6797197161697 67.1921598556565
64.9319681935751 60.7292411645973
51.5642350271948 26.6718155888727
41.8421093298082 46.1266920363561
48.7046167431352 59.1461456038379
62.614046357139 44.1930269626235
45.4966339936137 83.3289756369104
41.2655201220336 57.2026214900342
41.4013908258521 66.6428455364396
47.6880056125471 41.4146293387276
32.487975752333 44.8264481510368
53.5143563633163 37.5580441938883
58.4437890326104 39.6987154790312
57.6438305072083 44.7790042403288
53.2457215003497 47.9250849098303
54.2471702658225 67.0499834248088
47.2956756598516 32.591390185072
58.5077837301859 23.4127446985135
54.6873660573176 52.563044272177
63.0391073939193 68.1332729628622
40.7878406044671 40.1737056356222
47.0715177105744 56.3140075175091
40.7883736535854 64.9907882142271
61.0457573542796 44.6563234956581
42.0095323253598 31.6640360846737
53.73337527648 40.357364269645
66.2674254692074 58.8498254266449
38.2818929928534 37.2377833415426
49.8953360379441 49.9986819262904
60.2263686357761 58.1759598964163
66.7921904866132 53.4078558482335
53.0863468885729 37.9195339109475
59.4839940860265 58.5059669393894
58.6051064899198 62.733541553311
47.9642016080453 43.5343071377208
47.8513085216147 67.4252374795666
58.673167349812 51.988688730133
42.9621931192608 34.6613691861491
48.4487306584273 34.0331693608604
41.7895673598618 58.9158081206896
41.2037007414629 41.9959491861127
52.5197915505892 64.2569444898822
42.2875985163442 47.9551889313048
59.5417023845171 21.4702060642533
38.3002154769985 47.9200476700516
51.612513576443 49.7185489744133
45.6381710390119 58.3496939352093
47.8527523841306 54.483373868493
45.8895963251498 89.0221723430273
43.6886595180621 63.9481642191198
42.3804617206766 34.9317615011145
56.9039974661873 69.4985955529702
51.2992103458044 59.8166966853604
38.4484181244082 38.2655812486489
59.498354153987 55.4835751157748
48.6762831815343 37.0471684551506
29.0802120002794 53.2760384511721
52.5528037406973 23.2952755689271
48.1526587127041 66.1922165990315
40.165305890307 64.5686882524826
58.9604295207931 51.7268231914111
60.8235683733262 37.6371828397249
58.507069911994 28.9835528133974
64.110611762508 56.3339495087959
46.9441080304346 88.982639168838
46.659202986482 45.8329754299326
62.6891386808176 54.8150322575867
63.5311527524883 65.2553151206282
59.2406472076838 35.3719249833066
66.4987082058847 40.8213825842691
48.1408693535648 53.4918601115517
43.5444858266631 64.6396409157445
61.6067158848165 60.1393711121829
34.8620193462049 75.5137608692172
54.2170058115919 15.9311881533523
48.6991458571788 52.9672065057022
40.4540290217841 84.8725272545206
46.7436043123281 36.1463066573546
66.4906855598526 44.4376783691641
43.9570060363023 68.3993890015675
53.4169894550491 49.5356608267831
59.372473400556 43.8477105688754
50.5416739236569 28.7386236803639
63.6364665659978 44.5469042379363
64.127745055364 31.6822818237546
50.5470178033353 61.5882016511525
38.2321351335508 6.70826566797886
35.6666746109224 39.0606415575874
54.0386803939348 39.8321087354051
56.9649328824273 39.4059667100796
61.8353361551349 44.4626324331825
48.8468997065801 57.9377728963067
59.0860623037848 60.1392317758133
59.2688871011973 94.9144012021495
50.1178368308521 55.1060478863584
61.8711760898321 56.4043196005008
44.3831955596579 71.3584117955712
48.3747185306602 43.580379503267
59.2198612002012 63.532198608969
48.5390281168679 35.8620535279237
46.7042269696573 59.1081504357799
56.8682401880239 50.099140711019
45.5303470560818 48.3150341220959
59.2256483900956 54.4671894963054
57.2859898263765 37.633054844917
50.6615833848117 90.4332605187317
42.0275574562809 69.4710416927127
49.3359771047176 35.5386660119879
47.3016417189841 51.1727111541609
57.3086680931518 34.2363847731431
50.5214021373109 55.0123185650661
42.077661595213 27.374971385033
44.8199341005371 30.9113863274125
50.4957780629125 61.8502496125283
46.4713547420313 72.4929741947994
39.627067965868 65.6118754722656
35.9701756858873 43.1504454034723
61.4419854727766 47.6473234918545
42.0601522706647 57.7300040863114
59.1386298846778 28.6286805989947
47.8243678739535 74.1143129871732
48.1257782266891 50.7481119993203
53.6862487785176 40.1490289145027
48.358666393106 52.6394029465187
53.5293570963354 69.1118783189078
45.5095575541333 77.3237277236574
52.5858936703893 51.3373193592599
57.4393618688669 53.4198285384541
56.668039291991 84.0147699798022
45.4960653087813 40.5234729529279
68.6659059665221 24.673054856305
58.7107232747098 61.7480023081649
34.6555133896542 61.1322727939124
57.3982658100237 80.6417346164886
45.2360485779636 92.2264237993999
49.5718534073265 67.627097757228
45.0042743294762 40.6197342520481
52.3102064513679 64.3413980416519
53.6922233438946 39.3735467773457
44.8492899940011 31.4876685979125
50.7377946700052 86.6877071345993
55.0472940469092 8.73900000366122
49.8317789781931 12.5928079818696
56.4137208844282 44.3121193306648
63.126659743712 60.1415033610339
67.5888338892954 53.2875128062613
52.4809629989257 44.309486168414
41.9483691806021 18.0954222290482
46.4365320938854 70.8336495309868
43.2596080384092 59.0368585766265
50.7995676244471 14.8217524962312
51.2428218172307 42.008276979211
36.7426103720179 89.0713707995621
36.2054204891963 46.1146517980308
42.5340683258733 48.8466595702642
48.2253232313436 48.4922754030703
52.9250468823515 48.2518369709525
35.980814368185 18.7229395765463
46.4794139276654 50.8092358191453
58.7128423993455 30.40117620378
55.1796401198699 42.6193812728197
63.2279841830252 46.3831587199536
41.793917459086 30.4564337391636
50.4111769267637 31.5997610384296
62.7366598492381 50.4879592047904
47.6930449682365 73.5661244887764
54.6659997470372 51.9262138386749
43.4296633337707 56.2241809975817
46.0457358093849 44.5416932419489
66.9640507716207 44.5965208211611
54.6910152609809 56.0479294074091
45.9340946629527 16.6021286501296
38.8048826461025 68.3322985974163
43.923923431569 50.3134778210658
49.9748965358433 48.692335238326
57.1148151543871 52.1065456878787
32.8918896088963 36.4509023066502
35.4306914794241 52.0770374321141
58.1183693347899 56.0137751468807
40.6901742994633 100.407964079741
69.8966911535073 48.8701029555128
42.9738196223225 42.8391826523989
51.1406681856488 15.5444313826521
56.9170015498586 65.2311103120715
51.9965024220017 52.4947584240625
52.9062610702754 41.5583063145049
42.6945208719239 68.450384756687
35.2411473166277 56.7380263216779
51.5635921702156 66.0306038773263
37.842758805469 64.6266557074343
44.8699053709252 52.8599010487333
55.9618954002839 44.3807329598998
60.1763623630223 55.0635951887285
47.339219103114 40.9485352331327
46.8999003859336 25.5561763796054
43.9779055998285 22.0404411529034
45.4831022398998 4.10970961884931
48.6397877880297 57.2700224167254
55.8657897532645 35.0744292675745
31.2198891594026 56.6340015122983
40.0758192430073 23.92233232469
48.7592236426331 39.4344871111771
52.3402548427901 58.4164394616211
39.3912492249894 48.7455711784333
44.7181259471745 35.6135038154545
49.0645655513967 43.6426916774314
58.5594039415663 27.5998761787402
68.427660224209 63.0070100209564
45.9550357816058 43.2721749384854
51.3400548743202 39.8711375633981
36.0774638928103 72.0290516866956
57.0705617212219 37.0320210161903
52.744876613663 58.676313443005
55.6175681576294 54.588942550563
55.6463222927984 57.1947535021209
45.5528822658951 74.6136925081189
53.7842870752247 47.4358120819419
59.6190876281828 42.6778771221276
54.7166045922683 56.5211235800478
42.5908353414284 64.5921616893156
47.4802548453764 56.7008641000561
38.8237767835977 51.1054343016188
51.5184334623245 57.5183663227451
42.1110376819901 52.4108358258497
52.747067574721 62.6985625722702
45.6335438057947 32.0915949237029
59.2196283412149 70.6680996193725
53.0307568728148 52.3692822533025
49.9086485377224 20.950493456208
45.4582824052361 33.5679550379414
58.9604590263761 66.618173307321
47.3543637086374 41.239978782224
40.7425987465237 37.8519946684881
41.0184475881148 75.9553295028364
44.9724366065203 62.3010015546001
62.7861739284265 58.2454620038454
37.8869513364734 52.5288447152992
50.0848429351496 55.3529848630823
40.4516011018791 64.2094434708216
64.4041194198369 62.5115649677778
55.1753419657499 50.2049542973779
48.3286455860469 55.9860192764209
63.1919453538763 37.9462554381873
49.7546358999772 52.4450160938526
46.4406669620036 65.2306908577433
48.6689486793578 68.281236609206
41.3524814893411 48.3981169196368
59.6074144410737 41.1775010318373
45.759694408002 14.4800846836352
37.5005615313898 50.003519490252
46.8248597719444 72.2295866311333
48.9066556804501 52.5992699492789
37.9017360518184 33.4883213321086
48.066090633112 44.2468073376378
51.1113602648097 53.4741309989747
52.269664867796 56.0501715188304
33.9597495177216 50.7374975641612
47.8962743952486 51.1230323809325
33.7946751477986 30.5607996047499
38.0777487284713 50.1155247979713
64.4051256205145 52.8644485401674
46.788896221346 53.6708605702689
56.1263774263509 62.158265654222
36.5669141981036 48.1287109599906
56.3250269583064 44.0622038156421
48.4193580029992 18.1124512805607
50.3986357145166 46.3139091876537
56.4393198593791 33.4333867511844
61.7652389757305 46.3215786993262
55.2550154919024 8.53418285658118
58.7834644860935 38.679108319657
50.9451732912988 60.4338092188839
51.9304876128736 50.3504666272028
42.1329800850918 43.8784229596188
52.1853819616342 50.1945879113872
58.9747113653779 58.9349900907835
51.22440217742 17.9933722074545
46.0088189825467 18.5222427261878
49.5924999694364 46.2797922871044
48.7751641744051 54.0098171345113
34.0720418123906 61.1032415597081
48.6915583991492 58.6714959178655
38.1994285915737 59.0451087155795
45.524536122385 67.5004270782115
