39.480927202554 34.6136876387607
52.4156903905228 28.6036052705177
48.7570798701063 68.9365495493918
47.4299349284579 61.6163689061663
48.0825942232679 58.2712441781133
63.7646024221829 53.5062703785496
48.8786178012808 58.7637585349071
59.0095441959879 22.9953733947448
59.3789494916861 38.5620297752055
46.1671742477364 73.0926389248107
67.3293002784788 66.5327736840986
47.9054971600374 41.2883692396424
41.6630923510489 54.4686822121966
45.7797035937275 53.7777407547609
51.3788964006907 51.2051229665099
42.8621215764239 87.7794124463541
64.8727386603627 49.3071175263992
50.5373045337749 45.3996472589148
43.8844140772141 64.8639140501342
56.8268824911677 60.0188330607687
44.5791971168106 40.9764235541293
39.9163279800564 76.6156314164848
51.1942637943347 6.17222910469783
32.6397752230863 71.3835410421961
58.3212057579178 90.4035986700949
35.5187609243495 32.1305499875767
39.8392960334388 33.3196224332746
36.4268013119418 51.4818788127808
50.6458072873615 56.5676377244538
41.8445753813657 68.3312042708626
49.9496378236548 33.0826805264981
54.7639878301984 47.0026882198798
46.5332225423656 55.1191011881698
49.4446960328236 59.418424962495
49.9964983634873 44.3314602782933
65.2687422260378 19.1139276042353
38.2896154682452 39.6121073905909
43.1609117366075 61.8996017492647
47.0838451985922 52.784883856545
49.6817259206566 53.2050517367009
51.9022611715215 55.1487801238257
45.8777933248427 41.2724331373667
51.6605089525569 38.6924313392447
51.1425148773711 43.2659998214417
54.944794394806 50.3872780621654
63.5678989513966 59.5412030593223
51.6434766657809 53.6587039453536
60.5160421675064 38.6733082699049
56.0105383866434 67.2878467145177
45.4110869376571 40.5535893981486
44.2473215158724 46.3694255082838
40.011535701947 50.7752730571262
47.1491622629217 14.7911187698963
39.8580726911643 28.8198410753804
54.5997685590038 22.4381740548354
58.4280297992408 26.4092928559403
44.7613603058848 56.8654839990968
58.8206955052645 43.1987340502404
57.2814522630056 75.2674624047094
41.5639950541591 53.5163523419195
53.9034164171586 44.7258656118678
32.0127910244114 27.5912866946025
51.9909789561091 34.9718786019937
41.9505566524485 62.1917593211839
54.4475381846718 60.3032843783839
61.1590155608257 31.2272951516572
48.1973343290266 62.0452755026868
50.7944376202769 40.2024302343292
51.6867495362487 47.6043188705692
50.8337845885237 52.8356165565787
55.7672416432501 60.7746259855358
55.2278890904373 51.5728555321574
44.1292656366173 50.3630757109999
66.3145923651299 43.2691309759394
56.8550394238098 43.9687831517631
46.5216896691144 44.2473379063195
35.0929916141878 33.5770045998237
62.7120096459586 52.4693384692635
56.0091741304356 49.7567378409725
43.405905117885 53.4360037689222
52.7922870211319 20.7596594985085
48.7111218003421 53.8043272029126
49.824223601332 43.5511311934884
43.0980080958812 45.2002027157275
44.245819075295 55.7484576520961
65.8118015878988 48.5575528624829
29.3199442757869 76.7677299589665
56.2344228374151 45.723812740699
42.1374987530021 61.1246762381745
50.171913044189 28.9090036162264
43.5111924000031 48.9332898901151
30.5396425844205 50.9444181711999
50.0518110142679 72.3861368114022
60.057606330286 33.1376674103532
65.2160945101794 40.0802432450918
57.5540743573733 53.8061897998274
44.4718452661769 29.9634986629557
56.2591314286702 44.053757862133
36.260240806418 33.8303059878854
49.5194812916228 59.8650097790892
59.2197315634056 51.0046435421115
47.6794348237048 76.9192283264423
45.465904339196 39.4386345783619
70.3912608453453 60.3828919015697
54.4859617569207 35.9122167259307
34.7016666887229 49.9416258675302
51.0772123227184 67.864522203922
47.0821508419149 59.4326933643821
55.0718197128424 46.1819659883836
37.1399512271879 31.5830988915587
61.81987688281 62.7081004488584
62.85908775283 20.1229021921069
69.0705380221406 43.5581584790375
50.732746290571 38.698090028051
59.3264031403877 39.2698218610121
51.2204857817698 52.8464859113389
51.2860707133688 56.4100688477561
49.0754851559675 66.2746371578313
50.8410007369164 69.0697747337877
43.3314242353555 85.268187703063
48.0199621229829 53.8133680850512
49.2174187583904 52.0606310860794
65.156579253175 17.9582060227559
46.2310240215622 51.272074126501
61.0845451052199 63.1261678804501
32.584244415933 45.6381970324786
41.6065454225404 37.6551480619626
43.6665880358905 69.8213301172242
44.4090766150173 49.5672935678972
45.2771665884851 33.4041275524728
42.0116715361832 37.8394077785957
59.4924413652538 60.7999269065322
50.5430749846026 34.2727076250768
56.3634639117389 69.2335767411497
61.057832100982 53.9981202312599
42.3677599869595 49.8294452240193
47.6500064809001 39.0778089955862
63.4415444858149 45.6646113438429
46.3021508504809 39.7825134238036
57.3650896781 72.2195514197537
41.2756167844489 44.9904689661102
51.7266150123142 62.1377041760737
46.9642754029277 45.98713007302
49.0157956261647 53.0200834436021
49.6093357229588 56.4169691324827
57.1392007654732 44.5666363137259
48.4332703664968 61.610656479295
40.5161400652959 50.3126023727675
48.4001584769433 86.0467016181568
43.8505137356274 29.2287971887721
55.495980236676 64.151009908816
26.8662405429822 60.3706476546735
68.3065083257579 66.2001318482381
44.6968742811825 60.5120746071118
41.9353901354396 57.79411497998
39.663745832522 18.2145962026251
43.6394632898525 59.5138848166967
46.1415779020418 62.2581380457337
50.4632902622507 73.9172104461265
54.0200135233174 53.7606345517508
65.0360396890301 46.8019731470172
58.9239488151592 43.9320058095801
57.1637538177626 63.3550209156747
48.7718223293471 73.5223648899595
55.741097865746 55.5395520971355
59.5775901264543 58.2301246052908
57.0424937022383 87.5590613513463
67.5790432744781 32.5849099438974
56.3102113614168 48.6915930447799
40.9593742070992 28.673422427995
54.4016178323882 48.4511511738551
59.8199788479891 79.7142671839119
52.6957639097351 37.4307163400349
61.1646352592767 54.771976728229
55.9664349468388 65.6706412380115
51.0669632134889 53.7960539900825
44.8494801574638 64.3410328894783
52.0158403106538 65.4663144517369
58.7957022765463 22.7756607805329
38.390265270916 50.9757769386234
69.9490255220666 37.9925538697671
55.0461391128727 48.7998429235502
50.1324443906753 29.0695465186034
58.3039515482179 49.6574408296321
42.4285254337155 66.3419729488564
55.8078395560451 39.5971147304573
39.820127866146 33.1901192245454
43.5195004965284 34.5183438047727
49.8326707638179 35.6852410169154
46.1069288398607 85.725542511471
47.1916904984864 31.1567606257999
64.4268753503914 36.2246834780274
59.0625879947951 60.6450071684911
56.9541861109389 69.3564059411335
52.7109443162074 36.0041557323302
55.8810621182243 49.9455901300563
67.4586967827895 23.9298670590348
48.7722930478255 13.7963663022001
42.6712252175149 76.0000344117131
54.4065193033393 64.3834208104441
40.5672820254132 15.929550759167
33.5461095966854 52.5540640289662
58.4388639769786 57.890545660294
43.8203374690264 57.3105406401282
50.8481979261403 77.1886747596029
43.4647123511674 18.7117263887588
49.3538171561043 38.3164776516597
53.5598696705839 43.5177885516275
43.7556906391998 26.5191267970935
57.126212025571 59.3232581856183
50.5295492411772 67.8433445812368
58.8864191100997 63.7565107894757
40.9090285941745 68.9169429393538
47.2954934784571 35.454014631634
54.5864065858019 79.0352600860037
65.3505025467533 37.7591657393727
48.4168572746141 55.5931378715565
33.8553736095476 67.0751082199194
64.2222577204518 55.1373404096957
42.6613487382815 58.8558761948844
55.9983775447194 52.0378775861637
63.386540841557 59.9039021287721
54.1001695732402 61.6900757794034
41.6387314337542 31.0753312033114
47.1346131474446 27.054083286452
56.2281305575982 29.3064916664218
54.9247204442446 35.512114600961
44.9133581399524 39.8961811555896
47.8514177864141 31.9638897340525
34.37365671883 47.5558200370678
62.9594281879634 40.4027517668171
36.0303946883829 52.6173353524806
59.5273689159102 33.1234744376966
52.6508443407972 72.2546494425299
42.5744580411848 73.0438072130436
53.3587833905304 31.3850623873611
48.9710663587868 43.3497436765724
36.2572101846575 46.5635343294228
66.1631748095753 53.5295236136701
42.1885550905152 36.0159384971438
50.0530268412539 42.164826885506
53.0023471721355 60.4146867889271
48.088324421943 44.9388715089817
51.7277266392699 22.5759928307351
48.1727587499375 20.0405283792998
62.3699143686409 50.3050569686184
54.7401360502253 37.499144381547
45.3954997549183 64.7257755418503
59.3201935810937 20.0345595711184
51.0774547502306 60.9692926883887
47.1774400235055 32.7460614922233
54.0016904064713 66.4162886689113
40.4381688757001 73.2006265684475
36.004139938419 49.8187163446705
64.0052362656245 56.7776154625623
54.1629570710328 57.7413268533506
47.6621126246433 36.9852074938675
48.3821693476954 45.0397069692455
61.9155390925685 39.1777914818368
44.9584289875928 38.092181241132
60.5777000854674 23.392023612552
52.282187150598 48.1726878942937
49.5975175624398 36.7109614430894
57.5177743819145 42.626684732146
51.3277962068906 63.8879791627263
56.3801270096295 63.1350281820606
52.4006951977484 57.5700261658382
53.3476646946312 27.9941036864725
53.0334221503458 49.9253632904887
54.8338519183446 44.3961758915609
56.9063871304209 86.6663329521994
48.3696145865047 32.9250990770735
55.7961082640737 66.4067605486814
62.5011951081418 62.025140603665
46.3543249931663 57.4587309491268
54.1616502809722 75.3241405012002
55.9999060711766 49.4064379161418
39.1800928320233 51.8770015608627
58.2393444944722 55.736839238067
57.9232609598314 45.7749455509603
51.9280546819368 45.0407400663764
36.3292918025195 41.9083180693669
50.6329115759452 19.3998503955644
48.2340781416966 46.0640522117766
60.1343596812236 28.9877556188076
43.0404749562348 51.2405000671317
55.5823700691371 63.4800513592476
35.9458056642817 64.4514230105911
44.8869929048789 65.4894062241196
48.2971355685006 28.402200684859
52.5726769115814 25.8079274726677
54.1402040583265 69.3910539578077
43.7081271908579 59.2226742260615
68.8823812795948 64.1353207898979
50.2559001326927 22.9181112553989
57.0150643371073 62.5937380722546
54.1428963875508 42.959983108046
62.6162044927112 49.725255682212
46.6641574191169 27.1402822761026
58.9386646680327 30.1853790468866
50.4557118971609 66.3776056974371
61.1951600784489 61.0026822946381
41.8294211606465 54.0518784271808
59.9996106663393 60.833114771031
55.7257784646188 35.2439416162727
48.4770088472293 36.6782597842542
57.8809347072024 70.9751991241865
40.2744067604049 39.3770314382055
33.865196231689 51.0432681073167
33.5105869208196 60.8568798284054
52.6198325378581 49.4557884604833
63.1546023446171 21.5792548685903
55.1861510000666 63.630265908779
47.1421064742369 43.9364216583442
35.6871591351948 53.1729992650286
63.5899211107804 21.9151167084257
42.3426454720181 17.5184983348735
57.4351580410387 48.3555510189396
54.7363214621532 57.4542819147421
48.2869418343743 54.7438710151939
40.4510360358763 42.928239420901
63.8178146944976 62.5833643691328
60.2491750729997 37.0742549450253
57.5141083014667 38.4637638829657
50.2117699580359 64.3777402283273
31.978345822573 43.0994188597361
36.7489225672934 67.4380332217673
48.6068377857942 70.3908112527868
48.1609273218904 72.4541458282964
48.8360344261718 39.231974013495
42.9161590492356 79.7811678711114
58.1865236488011 65.2860123198338
55.1680793613776 52.1285968606893
67.7839507192482 38.8698534138375
37.2741877577945 59.9894918547023
60.6458115827589 49.9493602792048
46.7159575989125 32.3982679409948
48.3769714301559 82.1751846931452
47.6459908340877 25.4645164281329
62.2906888171285 65.6935615531283
53.6116976515737 64.4694454399949
54.9425308812789 89.4681542672375
44.3471021689693 41.2496358005581
50.8804422427943 56.4629343685401
42.3750247918998 46.9922841959376
54.1164291100072 47.8813220924793
68.1810102051788 73.3925414547585
53.0730209263704 48.5662481110439
57.0120731275267 32.8353784250211
54.3950465143651 40.8471614026497
67.4388358871327 24.856468422915
57.0205197758151 33.138665535942
58.6902812246656 24.1024514477304
52.0144834978725 44.457568387813
58.7953548303858 38.6728054044725
44.8709982841217 42.4944917535389
52.4755660248294 71.5263998513437
53.1910654559949 59.2871821350924
61.4471199656623 32.7431521724063
45.2953006885729 50.9302501020758
62.9332455962964 26.3712803880281
60.2661029194256 48.9182615690913
42.550016419557 43.1902802484687
56.2497518499595 69.5506235952018
58.4118166428281 41.3744200815297
24.8587230345187 32.2173358700662
33.6567754588385 37.8856041669504
57.6420975195931 62.2309793869152
55.0796652793229 41.3563665283318
61.7889775412053 59.8741045914554
48.9560901221292 45.5747867701754
39.6322505501309 59.9603239737677
49.4786599880268 47.9179029497579
52.2235130783542 39.7273974946835
58.7389310992356 10.7954115391611
53.0286297755342 55.4142984336989
43.7315884182831 40.3309816456535
50.0432894605411 53.1579259644288
40.4395639021702 40.9043867888786
26.1673576745485 62.4925466743459
50.4198201440874 57.786800553191
58.1230743438282 15.668093887953
37.6660939831846 26.6682761508482
49.2859019577203 34.8237408954876
44.6622192572459 41.2507325370529
53.9354678551811 31.5904098095862
53.8473149630115 44.2123682180622
61.6696926679328 37.4976935138742
41.2193917654148 35.5445569860587
53.2957466074796 57.1864694275946
27.4495068624193 56.1859441731212
42.0080676860595 29.5664368942109
57.9922555964522 57.3911146390925
47.6103033959045 58.0302800938919
59.7953518364855 75.1308164618761
48.6444840732455 43.2813442663479
43.7428936788515 44.1283649807148
59.7826710835825 47.1089245896517
42.2706959478617 25.7707444397901
58.1211873082605 71.309622226734
