46.1800989875766 78.142745216674
47.1123772024852 65.0857092235092
45.2556901431776 79.6954172489716
39.2307655994735 37.9847535162165
58.6078800309944 28.064388129022
54.7326774361092 45.6328649486653
53.9511150814699 43.5528347938677
53.0856287668473 61.1033154182332
50.173312772297 60.6107482832324
50.487781611678 49.5389104846351
54.100101892122 61.1438876615392
53.2628285601879 50.364777817767
62.1268393347555 43.1363733159233
47.4982903742597 29.5254840264099
50.0033229012672 42.6451175818772
56.8399674087875 49.8760817312706
49.0968875599342 57.3297217745536
49.7990648995014 34.5104831728059
56.5060412554811 48.783962722139
42.0381905453804 75.4354955262743
40.4604124962953 37.4234362577487
52.8605823710624 47.6130738137526
59.9741484184822 57.7183152452754
48.8517289939306 46.8689569483326
37.063583656132 48.8374304753769
62.1284857229673 32.1205309520565
43.7131632262928 65.9408341198867
39.5120972398063 38.9681635115019
47.577512092731 43.2938921060927
51.3502337582994 48.9754505723924
40.1912788798556 39.1174412241819
54.5639621966345 62.8724751640841
50.9320460348589 44.5584968108853
48.0438481383614 44.3379362348129
55.2557204683892 44.409730567152
54.3409198834491 51.4184515629933
63.684350501754 76.0055799391529
49.1518987622147 47.8304291203648
56.0430538988605 39.3823554955003
57.5198522440313 96.0706176157641
36.2925742581847 70.0048801515219
24.4281828974199 66.1762010525991
57.7437793641896 43.0698157602729
51.5926659586263 34.858091362321
28.3000018255097 67.6261835089349
41.1091123621063 36.7006989322803
52.8502186551104 42.359057544167
55.1513340463857 45.6163404601038
51.3622737813091 55.2829875876694
48.905264653248 52.8187183658958
48.6135927465171 72.5476440100068
66.9335407949619 30.6723618921351
67.5149702727644 45.1859923898417
45.87854456097 92.822737218846
45.6336270550161 48.1918608695002
59.9299267956291 59.5807779377232
36.2092140536056 43.0129457597535
47.3819561236603 63.7352063429804
53.128479245041 46.7197763523984
49.9976898795149 48.9029026379565
37.1666915197525 84.2080415021365
48.2803745547212 33.5714275746107
59.4768784170261 37.866056696054
37.5932940222727 57.4660406634647
41.3406025880865 47.2424716849314
48.3228255663293 32.9193453287224
49.7213805186665 42.4008558912797
46.8633254028853 46.0546575755639
69.2357021403388 59.6927477810027
58.7053565015156 43.5421969226203
35.6464367944725 50.5437506812373
63.777211537412 87.4393449674737
42.4271626903216 71.3949135803327
36.7673428278235 52.5111262327673
52.4792810957344 30.6706976430806
59.7188666115238 34.7545693212226
38.5349301591742 35.4926400405264
56.8302887098143 42.4767938510865
49.1029081919249 49.922883725958
58.2673887831806 29.4326670602253
54.401645986558 37.4537477947414
47.388745776261 76.1461649352664
49.1917677233385 48.1815416783658
46.9053572257055 56.5381532538925
49.7100666903696 69.2774596670206
49.0090090001418 57.245400233553
31.6103933580084 41.7220898448123
57.4777327048105 31.1097284641864
57.3665011990343 71.0211813732481
51.4262865072531 34.039036959623
58.7947298617246 56.3404133201091
54.3478744177816 57.6105949284627
39.3188099807711 40.4514709398873
40.8561318092758 12.1760340828095
55.4089392455397 55.7419533612577
45.3431733091858 63.1104351783448
50.504335174689 53.7011473517174
42.1200337081754 55.1300214078443
36.5348293062712 34.2600726012801
56.1866514714134 44.2994779938597
39.8543570136957 60.512371634763
30.8660456471407 24.9907985266548
51.9229054593502 39.2778349823013
42.231406358956 33.9259514333834
51.7580957123006 52.0438639085908
40.7032457649097 44.9089489808154
60.0885765800384 41.7150387004809
54.0532056310308 61.2090470567494
39.6485938501556 49.2496034259352
62.5903699919864 74.6920236964355
60.3460082621352 39.3413267052861
50.242745475837 59.1848561093843
44.9485244257768 62.1126399066739
58.2932671179437 35.7837786782935
60.5295481569942 47.0617649774228
62.6810488429095 64.6279638319074
41.10504754135 59.4268104207656
39.1252940254003 62.3365480250485
51.1547168727256 19.0604527514377
52.421674956747 22.9292507839901
56.7178301024875 42.5232757351286
50.2782106490548 59.1557306022785
56.6627945673472 69.4282411370317
50.3032593120184 60.0138632286657
58.6457126752409 33.854503525638
44.1382516876801 38.5966996064421
54.4601876800405 41.1104805110277
46.3631383219538 42.8569609850153
43.8621098141259 54.7483806111486
37.5071123257396 49.2394361776499
41.4172548498725 19.9611953679413
51.3887163860876 82.4131775200029
50.7924599950161 28.9815465276599
48.7686706905555 48.5722452619116
48.9328019921041 67.7912165936202
42.1305859819881 55.0974801581421
50.8971792791274 31.0431931396101
58.911547667287 63.2097246788489
61.2012085799419 45.050657855828
39.1247029800955 60.2033166523893
55.6283493362074 44.0655142336913
53.0706855439111 43.9654117508228
53.2021370630207 31.5305228693362
47.8887882498642 53.4250615970552
50.0946523641736 58.0712151593553
54.9865654755546 45.0828981722384
41.2103991341929 6.91207334400561
61.5942321074254 68.7792222661334
43.4144979445131 22.5215774070176
55.8318227775971 49.2374121335037
42.0656065950956 44.2893355552433
41.8763813132872 42.1555967733492
59.3196233062506 36.7934666309995
37.7824348347089 44.7554703414699
48.1204766535468 33.6729119509948
60.2684449672834 67.0840934933456
48.2940723593606 31.4410147639348
61.8059934353724 45.5723776445293
40.542802058066 52.4301523899345
45.0123872847731 49.8004916818655
50.3532311010233 40.7944336206282
44.331758454298 68.0684071240788
41.6588816190853 62.1152927082888
45.1143836786008 59.8341827501146
52.7750059653323 52.1975386412874
50.4460461969111 62.5229813598932
57.2709378529986 43.4258968762979
47.2782631323447 80.8192150189459
45.9464935815989 34.1864666223446
58.6437267722195 60.4741798854089
54.6934391086088 57.2351536499956
42.52214154855 47.2346119938968
44.8057454595236 35.5759094965512
64.3447004272311 65.2741918366083
36.9251886480836 67.8301118660248
44.4944289784584 51.2773636613314
36.4644691935412 65.2412840036996
58.0990771380321 55.0333459591878
60.0033608164823 38.1074538463701
46.7808967488133 66.6965628465346
59.8311736225497 40.8168923995982
52.3994840416254 48.2892380779797
55.9851535932785 75.9864215681576
56.352781756379 32.9582276730826
62.9562155527762 64.2928587437675
33.7457633630041 24.3375036990517
69.4691215023734 64.1629810113094
55.662538498899 30.2217073189353
57.3779535984084 42.2450560805096
58.9590618731524 78.5845233582283
63.3437462815488 69.2461035858501
49.7202472504797 39.4042248310824
51.3351237153785 43.9666995943314
60.0978831092245 60.4790260298971
45.4281552363323 26.1390547064832
58.2980986645709 40.9693174175783
49.0565373625817 28.0795579606898
52.5711260260706 47.7762678024166
58.5255880188882 55.2634654201677
60.30337865622 31.3152752695952
61.2330040097509 38.7763643663374
56.7132231549518 45.7522032665576
41.7245635647831 24.74956244664
46.2139304198284 35.6420432792111
30.6202918557056 86.9734724444119
53.3866995417652 47.044930100139
45.1813831423238 60.7107071923481
49.5331589035583 30.9635660347093
56.3032166218501 31.7340352099918
59.9872656383838 34.3161271798927
42.8474760226923 36.6798355586048
44.9364947042872 40.5520994407973
31.5411854078293 42.0632650429599
63.7236005887616 36.4329936746774
49.6506276106406 40.4859571777202
66.935623297231 13.3940581044254
54.6910185849356 62.1734469290931
53.0316615020738 24.5943685197955
45.3153713431255 53.9099301112049
54.1757101590658 26.8933189268815
58.1433099389489 61.3821875801566
35.3656857611846 23.484780546648
39.0383597762402 47.9921572649052
71.3961664100843 67.2497340469323
50.0825306889518 81.7726843214557
46.8487189124156 47.5627122248526
54.4370931962267 47.3897461687371
27.7722420103028 33.5377352096986
54.5020226345513 62.7291357623711
50.0490907424084 29.601564406737
55.0548650597865 41.1562298387178
51.5081180843538 33.7229213893238
51.4332224634639 60.84784504415
67.1134097693435 67.180598855981
49.5029386890602 41.0960106748692
51.6101792552471 63.3277723219324
48.2156191752462 61.0067146562202
54.1594626587942 26.0834579945924
54.0346403943141 48.055645813026
41.9979160880992 91.3786313728375
44.5260881595169 61.9630415873238
49.549965879858 59.6827965751926
34.8003602188801 38.8780871410168
50.3548907333178 36.0764110063085
40.9131042931306 47.2886200514713
42.5751396580431 50.6192802512904
47.1184456924244 80.7753502056905
49.7073444294367 31.960632594425
49.5448843474963 46.1100828325897
50.3939622924021 64.1269642773547
60.445562020636 46.5308946332129
58.2700983400993 47.5852809056127
49.4846521839395 38.9212723051713
65.3052252347804 69.7056225145366
65.4145899816828 42.9530277204343
56.1947333518765 73.3109249069614
58.5978360702101 64.4347577008057
54.674882126639 48.7845116235912
47.635200347344 59.3520182032863
42.7698587320299 49.3268486120385
65.213947736367 49.0887094821839
56.698821867671 49.7008294900323
51.6351802814379 32.2868934633848
54.1654735063298 63.0100179375316
31.3609996159866 39.3297541115966
60.5502706145531 25.9102975252944
49.6088260898017 53.0670224671816
51.361922255382 69.002627567348
57.8398473984268 87.8212463559568
56.5863510958882 69.3089617479352
52.0633996446496 38.8906198488959
32.9929675655377 28.3185591820402
51.6495806185516 41.6799288384424
52.212558262744 49.4948997546164
61.0019648278115 30.0835790339362
61.582115121739 39.1275697188001
58.9653752577133 68.5993176321916
45.4321864824803 48.2665152684311
39.02913725195 74.737095283685
51.2212111284724 83.3745236347611
54.7100704266435 66.4932093549145
52.4147216950515 27.4459634061587
50.5462874507459 53.7966935608781
43.1093572138933 57.479201018134
47.3077788954556 63.6596047613191
37.0776594992622 68.5340035489367
61.0045011045441 52.9716292509581
68.6743733292803 58.0133043821137
35.5171726991248 68.5469084125312
64.8256989936511 33.8026986175174
45.4287846155537 54.6797238879178
38.9289788970865 38.4394483890284
52.3138485505388 26.891847811416
51.6169690430942 64.5769957184436
55.6909403123163 45.0349983188694
38.6726252725962 7.34885432021982
37.0383057808031 78.4311568653274
44.9781769253445 40.2646787456514
57.1185443764677 54.9708562896123
57.8340297069544 51.8907610668665
43.9122973241759 42.3374546168913
61.6612197075089 16.0176990474515
59.5692744701259 69.7914085662772
36.9194449154567 51.889417159447
53.9581091840781 50.2755492321083
55.9384283844782 59.1556792452096
42.7082863571471 67.2834721357708
49.8899522021983 67.0703719899004
58.8609973122734 42.6936983747039
48.8774126739415 91.0464508936047
40.1498513903077 44.142865524816
52.9878611360511 10.0484543470628
44.9721571171514 60.386835857495
55.4773608367899 57.0162130690073
56.103881172738 59.652155566814
33.8669054959499 17.7834305188558
35.5608180245715 67.9941382235564
56.0298232606371 84.0646553643204
49.6259497863586 64.7939920417891
53.5912703686777 84.7467023175785
41.8825055092979 61.9795417474675
52.6435371471467 45.2237496036705
50.0040157070186 37.8285324014914
43.1240853350594 74.9357013758232
44.2788913720817 71.8882840589141
37.7005992937892 59.1487950135934
63.3276652714479 66.5152312197151
51.6407834506397 36.8080954154782
54.776161036524 55.810730107072
57.8896422993437 80.7035559954255
58.7637115174776 55.8616654330299
54.7720434631012 42.585630392037
54.4934249248006 42.8872446848664
42.7515258828437 66.4146078407033
57.0557710350518 25.2052666513158
38.9890723106595 47.971880272056
49.9565296311726 32.0694761599085
63.8071909324952 59.7981084638365
62.5964194325031 55.9364071669865
40.4658044570674 55.0752515838756
61.2583062927291 63.7230369491428
37.4369403628462 37.6766627629797
39.7729885363807 71.3660289826767
57.6984800596823 37.2254315857742
52.4170254326387 39.380166413273
47.3194842327983 48.7529284754262
44.3554132617464 31.5340852042589
62.129063016497 46.5624413985246
63.0784250240826 40.3229911172369
49.9313123610754 33.3090954634436
43.5980209847514 66.9598228722105
55.7373962160722 32.6033360974456
46.4756700306767 40.0113146026402
65.3322408001057 68.8900782468745
63.0421035868065 68.2045983872974
52.8001806915559 43.926595168567
46.5457424453189 47.4948993506941
54.1459881470319 56.7162332271351
49.2877354924136 41.5585129387896
56.8738702231678 58.2761024287964
36.6431710149293 57.0976857549679
47.2492139381407 41.101472910866
55.2037302657874 37.4488805091256
58.225703781092 45.4029889284374
46.5247663248663 56.7121251757922
58.877055013054 44.2078650100598
45.5371601895546 61.9362071320274
55.8707740748863 56.2609243454479
45.8420503667343 21.5756036674723
51.7198924046454 34.2280138984214
47.3573745829119 26.168492505007
43.625959589018 50.951533391297
57.4465262476412 72.2933915633031
47.7048123308776 83.7315064616932
42.1446348624195 43.0292744964267
59.6026087759764 55.9191925460434
62.1419598937982 39.7232836644342
49.1345796044181 52.4080976316678
43.9574245713027 15.5939661207992
45.0931258565541 19.8863611942813
45.6570159981642 43.0273287740734
40.189100543053 32.805843855196
45.905414124871 22.0697411789259
51.0330744507754 42.9165234577081
64.6896199381982 48.2411677335004
36.5122733983508 25.7120177251589
48.1888466355677 46.0681153875306
62.1808991586591 56.5266765766115
49.4464990047138 44.1366213248012
46.1696975843333 58.1837103431508
55.3051825544231 38.204878007581
46.3324325225923 55.4075775008583
32.0304120032524 37.2525294440424
51.2493473685973 39.8741203550496
64.6713645908639 71.1621731252787
52.6200970603586 51.5107580023213
55.0481112726839 56.5442129181151
44.75429673055 52.0978523464587
62.8461542126211 59.6443796596647
49.5347421443268 63.4135268915294
