59.8951141192666 37.6414951664503
34.8427569554442 55.2216638036667
50.2605245573527 45.2455598874998
49.2842410793775 40.3447819776016
58.0172458303902 34.7310596958131
60.5887146056055 18.0137880186891
60.4012689287259 49.078643700444
55.8317655211617 98.763385821265
60.3247472098471 77.5548124311779
43.0006677747893 43.0609745765426
48.2904086447872 17.4206378325837
57.5310703196298 55.1439974311667
42.2186371551095 49.9482858851594
34.2742560239289 31.9965709018933
58.3267327255202 69.0079512647521
47.0335165508219 39.0272760007415
58.2356305841047 89.1883614761923
45.7497636671092 37.3022282991835
51.6131300008056 73.5060648021415
42.1370604318827 32.1258809821648
58.4626450553089 28.258159943095
35.8262205346561 70.4209015214736
41.5640911996153 43.5314065149175
62.9295950773068 59.7244847775925
56.1872256006858 15.4201729601212
42.6169115662232 56.1677628164037
44.4007374026459 46.4135797043175
52.9923070204289 71.3169551541892
42.6501875584425 41.5055415173541
45.723136176485 39.4658736866421
47.5343200011449 69.756048332722
53.8364214468302 44.9908299302341
55.3610586138804 0.398086768734949
53.500676725502 40.5090674821568
37.3150368877462 65.1931868222699
66.3010462078968 60.7986950447046
39.9419941650804 39.5855538806604
52.1438470703848 57.8850934348185
63.4901705970322 40.6425448281641
44.6430976876149 30.9118938981784
49.7447231910563 53.5677321092862
57.2423293056979 53.2783670713647
51.7264904026015 57.4003405508415
55.5670611672851 81.3182424356848
43.6315371476701 68.2000177927326
49.295751108628 24.6596741313308
48.0121209877502 84.1585176862744
54.0795640847629 29.3008292875911
47.4625330537306 15.3008666530638
58.6266253108129 63.0810481095857
52.4188480034812 53.6042271850113
46.7543739888611 37.999577664204
40.7152695405169 29.6389860324571
55.9962715612937 59.3621417562725
54.1454056099173 59.556579771212
47.7963582299022 58.5052770874889
48.680234620889 25.5392626348157
45.8153030397623 40.4508341642602
56.4402322484791 78.0956635844332
61.4057342857824 44.949946562459
65.8664529226761 50.3608767784574
51.2347584252142 49.7048220498217
48.2467472922099 44.0648231951163
45.6866412871814 27.3127423218058
36.4928465323651 49.12503347364
45.0160237895609 53.6626237043068
54.1751543669573 31.1922147018074
46.8792319643504 22.9314090537484
63.554781182827 43.3380387525357
34.3010843823577 44.2514274318661
48.5598765547798 12.7336718756417
37.7947275930336 50.7766137838163
47.6926748522042 20.9847836763182
65.2122076096178 64.4090181245992
62.8518790955991 67.4133283264904
36.7374664436638 80.8652412569482
46.020020709516 43.1184017315832
53.2055058091173 50.9961781043078
56.224887096567 46.5129190848619
43.4849000325144 46.718623516382
41.7338367553076 45.7946402015422
42.677537924329 29.4537959042414
49.485176068846 35.7314808030916
62.0858642346582 53.9052439535825
54.0787863030768 54.4229712361362
50.0443103530638 53.4564484727834
61.8711855459139 33.6060432781734
54.0042176990515 44.5292259715151
32.2688326235819 73.759078977004
57.2098665797312 -7.56642792063618
52.6621673674311 73.8394126866493
56.3809365322678 74.700657461622
46.8605740433727 58.9275633457294
46.5206163021925 26.2145261835496
68.9382272045055 75.1520629364912
38.2501940939861 53.6008703200687
49.1349890594261 47.485636433963
58.2284594141419 62.4027495490538
41.9286737500909 50.4188616064479
40.7052358969363 31.5460918342998
46.2512996054461 17.6057560489017
69.0570733790864 62.3578805143524
49.210826751166 47.3617143722575
49.0521932694366 61.0568546451604
51.315563258942 48.8563296189834
34.8488038577473 48.6094361121408
35.0039628762764 43.6839678022916
51.8775045510831 32.4469051649855
57.5539606270296 76.9333301205083
46.3367401767786 46.3461786109898
36.5465195294506 61.8044139492849
44.7488513078725 76.5457408377597
52.3558002038792 40.0083381844975
51.706189393373 53.5462604113119
45.9398578995718 63.5567009200564
43.2503950910206 39.1555115907151
34.9736187457719 58.2661132560297
53.4794437841642 60.3116522165734
54.4803859336512 40.9921347398961
39.3842918732098 26.4321282293542
64.9612679061491 49.1948964383486
54.5660426157141 57.6875983440417
54.907139685516 56.6261150137341
52.3408793891163 67.1718347073815
47.637920193515 92.1641146168906
71.2365710201127 35.463516694201
59.7853541068545 37.5473997292369
50.8905363619262 48.4687234739708
41.5060096563478 49.5870394001464
51.8124395153937 83.6552869889631
51.0745218883216 15.5725057007965
50.3015932537744 29.3372902813865
42.2598419754189 79.2157082542357
49.0750410405655 44.7991962120139
45.3370002283201 58.8773060019979
68.239865051755 61.7855413151773
57.2614411679828 55.0923191021395
35.1077085573413 47.8202990159038
49.7918775041527 40.5570098175171
48.7489653712122 56.3165243997332
43.3433796877936 67.5726562810721
64.1206759106636 40.3278629031932
38.7912768778085 67.300662409962
60.6238388001177 45.2254051762705
60.5470236325769 38.5347585780256
39.265157665084 47.0058295974172
52.4030390418485 50.8301900154953
46.9035462114277 24.023208815184
40.2751126886409 34.3895666176875
41.170390658487 45.9236627966919
46.8768865114474 57.0726045658742
34.0011227611502 49.0930437782514
33.6830748058844 57.4297377986134
35.7087687067373 45.5427474946066
52.2814209502022 61.3445970040262
58.8808095045285 90.1205697190167
48.941978796144 62.300973237533
50.5895138150671 36.7407607471009
54.6232212500864 30.4475079541235
40.8113076411072 27.6398417784778
44.166839466849 49.1762367718243
54.4298156523544 48.0589442747274
54.9563064446094 62.2561339549856
38.5873322597425 53.5358858681443
59.3183062166118 59.3366144742717
32.5042959807177 33.4885851979724
47.5322277140121 60.8818746938457
44.002864486311 44.4294088599467
54.5586276554428 66.9757286382096
38.4650769127333 51.0974645179899
40.5467897774081 42.735552135554
52.1478006925517 33.8409224374548
48.4950059607639 60.1869539736172
47.9796804027873 42.857424422255
41.6295908595124 70.909736448712
47.6644585862008 64.6132052977053
59.9934467305019 25.0233565539982
36.4628517562392 58.2320500942971
44.8115106822556 23.9381566636551
45.7312743221697 23.2144109792582
47.853190647892 41.5091156602816
56.4542314816033 37.580362383161
59.8804289109 51.543412188841
58.44112882823 77.7456481919989
54.3053832099015 30.9492511597081
47.2299956855284 57.4720860345478
64.6457994840267 35.610598787419
68.1772244457078 55.397429858187
56.6384332849595 71.7170826415025
50.4266536715911 54.0273184534473
56.696109173958 33.5017596373295
45.3037872726487 12.3881126651837
43.6328540285452 50.3929981284367
49.1291060130361 56.2813472055049
45.2847424001267 68.4901057597233
49.6289553968882 70.5820809159633
55.9608743523395 50.6510634720996
59.1895650023475 55.0354807596965
50.2543898111001 44.0172914163897
60.5003511073684 31.0778784086163
54.2045602595626 90.8966575504755
48.5253714161808 51.311303302049
54.5130138116868 21.79914016132
47.3260895294789 47.2623380751807
47.212710835061 63.9793096731394
57.2113659781566 59.4182278774421
57.1824980309344 68.6984547965794
45.6762042528703 63.8894597944461
50.522048102371 57.8385388710635
43.2264140106479 55.7044363611558
50.6039106207481 76.6395190396117
61.6675338893079 46.5671428726145
45.7374137702651 81.5214783843905
33.4034920932276 47.916277839928
52.1299897810526 65.5459799231667
48.7652604074874 24.6248733884693
37.4150203148372 38.5223220495091
54.698357041474 59.4682657027802
54.9188778173817 40.8837000269442
53.3774909740335 38.4981669834886
48.0909214438454 49.2415329359305
53.9426716271699 49.2233088914292
39.5996810942767 66.7767186447852
52.4320020616196 23.470126977507
51.9743797390545 71.9759560865675
46.4313395392132 23.0933977707711
65.1855947923184 34.0934995861773
39.7523917241219 50.9095833122026
67.4451939365296 50.5822264564134
44.7168036653429 37.5090390238764
53.7975218627575 47.8709348960845
43.9853520297819 54.2025447064222
49.7854970382306 19.5377658042503
56.257032004806 36.8017472997634
38.0797609850716 42.5349574343513
55.1229989116647 63.9950946575677
43.11650177467 83.1206228158865
48.7112592790959 80.1268306164834
45.6332216221804 37.3982979259022
47.1167427933451 59.4503342751614
38.1840948873053 31.8901074264461
60.9408907696411 41.3440093769764
57.0665540250986 52.4324737675232
45.993218353952 41.7733004685676
43.0257707183907 57.4849584697771
55.1023342638689 68.6743205333572
57.8425351674579 43.0431027720071
40.9460394476064 44.4943578124134
59.6779478176368 65.5458573395205
43.3228432556873 62.7871127775436
41.1174266374423 47.1541108602487
37.6815327099142 44.8465039858504
53.4141684120506 65.391353669764
48.935170011673 61.5978130883642
50.7388206837118 43.3502893055834
51.1795484091055 56.5252966890798
58.5661868154251 68.7585287693431
41.0479374404755 48.2309830571234
42.3993952043326 55.8196370842582
58.2325829481996 -2.1412844930511
49.5265060244222 38.6459555258666
47.6320969563089 73.5455557343808
54.241795185015 56.0541326940708
60.6401156942905 80.2798132196158
47.5353396623647 77.8026461087038
43.2335250978397 26.413849842181
44.3943839590548 36.9178247104264
64.4111848413036 37.8098679460787
53.4395126448935 49.2762103240781
48.843858425727 63.8353127802824
59.6744572812676 12.7684917041365
55.1401778843592 26.956115348556
50.3297668312227 61.8687787593525
38.3493547327593 31.9394854436753
54.5441129945954 50.9135891922424
49.9203802179577 63.7340651623872
58.8809083971082 37.9616253647735
58.897659252119 52.1152365270804
56.5368478601283 35.1306408634351
45.8917600413707 44.3354467158918
54.4912968283787 44.1297176136325
50.2097469280603 33.1840868294279
50.4605816010229 58.3400313470965
47.9329453116199 23.3159464224057
39.3539656827759 22.8228929993361
38.8752049434044 49.0345931775978
62.3230328504557 21.2590028822043
57.3170121382942 48.6276584748752
47.6290627541669 69.1549265195537
39.0104717188218 42.6524624668992
45.6975134302195 43.8300246337047
44.4464501659703 53.7319356141642
47.9082113452651 40.6968640455152
42.5332104336354 21.3117470715209
20.8479619262418 70.3739056343692
51.191651210739 59.650623487571
47.7340540845586 42.0114705363601
58.5622378347731 80.0900534137085
63.2676645309007 45.4868970280437
61.9859137281716 86.5343389244269
49.6377097827266 59.2704441415099
43.8519901863955 68.8868186379951
51.0557983429637 20.3667353572584
47.9909398851641 14.3597517343558
36.0517120071032 64.9079460540891
52.9181015267218 65.6046017161413
59.3875818314395 65.564487879896
47.940665461836 39.6564834561776
55.0136937663482 70.0757597609751
45.7140445081592 55.2091725158611
43.2860702634207 62.8665762554597
53.3386961984747 46.6418464927837
63.4407239209137 32.5447154682422
49.2796171660711 24.4616023566473
39.5842222573231 77.1422788930646
65.5213476679402 70.1864905748893
58.0358942937607 54.7207485407616
53.1001972909449 53.4031146823636
59.6461394479712 69.7587070395864
52.587948174968 33.3600776774761
43.7252930407147 38.6433746346573
57.4250712291374 47.7861911798002
60.4128721690504 48.6296498558293
52.5946152622307 50.497216350188
41.894460092103 52.2761966757118
45.3154956624685 68.4343635102304
46.1759447301394 46.5064444564139
53.9958202335663 25.9221836939918
50.3283284374526 45.6821468923683
42.1021939582324 45.2436970019652
51.5134678967477 27.698670774927
47.8134279842642 9.35875874619465
49.0991916873873 78.0143353515149
50.6966098398955 38.9929788234107
46.0576854567723 45.9475155749277
53.3257025446738 24.52356258975
49.9371204755854 51.3964723725092
57.7541278215908 45.9547522166012
33.0396512196944 43.9405391324864
40.118469922649 75.5977674584507
51.1760547383648 77.9428232470558
40.1133582551974 40.4872215829789
47.3660026965498 71.1469148394664
49.1936885595891 34.2978811906803
40.6490549655487 43.9514350886923
53.1253244020771 67.2997386789088
53.7063337674883 -0.563887261219573
68.2188427254373 51.3550950437375
43.8697912525665 48.1117511833058
56.1395536215403 60.68648349672
61.8867545072202 42.7444342404184
51.4158242328552 51.6942574662308
61.1943135353063 49.9580137141468
55.4429726388603 67.412835415158
46.7436768410685 35.1790587132238
43.7900538755103 68.0109247625249
51.1508432494558 50.116334543484
52.0113021855211 36.2433944135717
43.2529259465514 44.5112818327525
60.8993454696929 54.4937641779776
36.6166845844096 50.8439451575509
46.3565604455542 53.0928481444688
46.6813674875541 26.118456244153
57.6661760250816 45.8116283880565
52.2797580396495 44.1935819911065
59.9218680708328 85.2498369729752
44.448167345819 63.1678004487062
49.2827320297551 72.1903657249867
67.1256311277869 34.8448684251708
51.2648694940941 50.3478448710924
53.3372644770359 47.708500904084
42.2021758747046 47.0960638321399
33.997408105498 44.0314385559832
55.6830682359986 32.3537434640458
64.38246857454 56.8729812929243
46.8885972514995 68.5233413263141
52.8540443900928 22.0487618541579
33.418654425036 80.9868615939829
63.8585386238578 62.8345903979523
51.6462490345426 40.808671984424
57.8799118605941 26.7787248586141
49.4949847634715 54.1674180020844
49.4313836958474 11.0709385879921
45.4774477472928 68.5557896745857
54.114820620643 72.867497326195
65.9038047304819 44.5836720671204
53.4299913177403 84.8763127049921
37.8423635674893 23.3743672289932
51.3334388970054 24.0137087313231
45.0189179957125 76.7131307493497
32.4389228764731 34.1033365218787
37.5572076882493 74.5327918241955
61.5552471656627 42.9503981337838
29.8271722328369 72.9974275074894
53.582681501914 45.3299814410099
48.2681499104046 37.0077672249249
45.7868336278273 65.8839682639829
53.1598123189732 64.5723674833583
63.5785691468039 35.4047962728378
58.51528805943 42.9123215295133
