44.4509326667877 50.213717017123
46.7278622740055 25.5932223162563
37.6879358912268 94.3335108214278
37.6320625639265 76.1337525454832
64.9196911250768 6.41494459103747
60.638480723276 47.9478122851347
42.3015939133914 38.1503354563257
44.6063573916622 39.7349609030694
44.0369043927029 51.3035691313926
45.672965347321 16.3988353105882
53.5093035933116 67.0578392163094
31.2423834494109 27.1390843956385
49.1039879290686 45.8049203015937
41.7434618208022 21.7158137417673
38.6251207020218 84.2666415428018
36.8649407732277 22.1782527456659
48.28700382552 70.0891504322964
60.1032689734629 51.3057803513729
52.0703736926021 55.1429909851111
63.1172631987946 32.1904837602282
48.8322447192279 40.9456399025253
54.2451686746721 54.2034448419353
41.9838133290617 74.1762987495992
50.9891447458286 40.951277235347
37.9200771266778 51.9624233115308
33.3095262868363 35.792770249106
58.7691816774262 85.9841022218086
46.9381628900087 59.9887403922219
50.5229226977169 66.8473536442162
41.3317819720824 52.0095962871211
52.2786636450723 48.4152621015546
56.8419516830812 46.0563479815439
54.0308364166144 39.9996838757875
45.7204432520459 32.8316679359738
43.8193196588902 57.0145610524545
62.5343815248102 52.9407485640449
43.5762992897481 54.9841598498105
52.3043742498177 44.190816499385
59.9509248593497 81.6352917673215
41.9629507784331 43.9465038489022
50.409453414837 45.6047279336781
37.0950972153724 87.2881413177209
46.2746181321526 34.0211026191992
46.9520777787317 54.6091080975454
49.2023405223524 49.2931166347707
71.1299808357482 32.1749158621328
61.3029482436861 27.7162325176928
45.1368035363397 69.3642660075879
58.0173107759485 55.5296977269294
45.3858528689647 57.7477020418286
57.4402166699006 14.4268306429024
59.3107501855395 37.6379061631765
50.8326816413078 37.809382624304
65.4651065162889 68.5876538685582
55.6931223574184 39.7722962543047
23.4109995579411 39.907891705176
61.7651267600793 56.6055811860697
50.5782630304296 33.8724272954829
44.2953659068925 29.6854400118929
44.9518197257252 44.3055846259572
56.5398231200522 42.6692113466314
57.916167921917 39.5831979617153
57.5137229996987 53.2246157507904
42.1960509083893 29.7474052607072
55.0114461657349 39.2697964201589
45.1729636994 70.9801008872289
47.9804630931724 51.800615232933
36.633028645344 54.2234420797441
45.1658404553533 36.4192021809031
53.6474588470735 49.1619271735385
43.8674642285329 35.4095787797007
52.0350143266529 30.5428503222854
63.7186817800206 49.3567130887739
51.7126811178528 43.0997266048483
48.7334747498417 38.6431800481535
51.9503418426219 79.8483348552288
56.8886443226308 94.5391863484379
48.2515326117269 56.8383678190332
57.3941825167686 62.2529423164934
59.6002749761038 77.2449056598932
59.8741898315082 63.1078808989359
46.3332157442193 51.2022889460476
58.6163843200222 43.7721215711662
52.4326354851196 43.7993785872791
50.8956420477637 31.7406444009017
40.460122381995 51.0562167546679
33.8129469479244 62.101879251945
53.676887808637 46.4488042426624
36.5490509085622 76.469990980992
51.8818133192026 45.4792354756939
62.9723230695254 56.5890312443483
27.3464672211197 39.6201595782687
57.4602888976923 70.9742252138671
51.31118583689 36.9324314710299
41.3328391522658 25.9998060072071
54.3206767587853 68.2914764259935
49.6861612628089 53.6087397423975
57.9063664298418 56.573888849903
44.9708203774741 71.6844392072566
52.1781617737933 48.3903657509887
40.1200203574901 47.7636810538294
41.3632348532565 32.4875643319355
43.6263650317533 43.8209107015919
48.9476156497492 55.3212227605683
54.5071212422923 68.4149219306038
47.0783961114752 70.3736213959028
37.5553712837675 40.3852643150158
62.9500242059307 43.3861399584961
55.3302788982288 56.2440093365351
56.6354230302627 47.9191873427933
50.5207837533124 64.7646989673039
63.9464026437051 68.2386911774274
61.0890344911368 28.136215273486
49.3012146398128 30.4581834214662
39.4545775510024 42.8238677965183
47.8408792272219 55.13814874581
60.2993260675324 26.4847429926327
48.5697257970236 59.8022735565721
45.5230599584172 43.3392306658952
63.826769265512 42.7932996298586
35.7830942864682 17.9831744558401
38.5613404740083 51.8832247144528
46.8570305164848 61.4032073222929
43.7610466195158 41.4865906707277
42.8108339102182 70.9306117740295
36.9366977346023 50.9219244165641
66.2174352497021 54.7328787959394
41.0110091833759 43.0113554264605
43.9246497654885 51.3224846134674
47.3525988048344 52.4627532689646
46.4946370301403 31.6792809219909
49.1010987896944 47.7269829632136
50.9500659819723 55.7477373297704
57.3630159833735 36.0706608688203
54.9252419835303 71.2360087631307
37.4976830306845 25.1731541898114
51.0084371006832 47.261314003337
49.1004443156519 51.343205380811
53.6601212217352 49.5258493349799
39.4387492166524 49.2666903878764
58.3998968590716 68.4443520930699
52.0028701430283 64.0262569893192
58.3094007807126 73.9189916724167
48.2999644412903 65.7313374999853
41.0047719635279 26.8950422451386
60.8805397080609 73.7509984750717
64.7196571698689 39.5215099843188
33.73294768387 44.8870951044098
56.9436959520497 59.6071375987634
55.1778975420983 74.5750695460027
39.1217157652491 55.8481648014365
55.0676403864427 48.716405396564
39.7771883648002 53.1368248258781
44.998155937278 51.9768118882085
44.9910469215595 44.298844035969
57.1672201700874 86.7958420366785
44.9480217527302 49.8137102801571
41.9429523521286 43.2597946482344
56.7091780527334 46.4758622868312
41.8431776604725 54.5590322780452
46.4861814102268 69.5861423372522
56.4739469345694 44.9577310374261
56.0597967210367 47.7370681537733
54.5637363349971 59.0893490781427
59.1618113592303 48.639800446927
45.8728022839251 55.8337118614956
64.2637984134809 58.6776464169017
58.4887153096851 56.9004403414795
59.8533556664121 40.6923702282449
43.6178784766015 77.8781215906129
59.322728712372 50.2783604209264
49.9339690060588 32.7310990219331
45.7084076439577 42.8850048564852
59.1828564102603 54.0349987307664
43.474141271865 63.2716711665428
52.6958501100123 67.7197526908351
55.9156795577911 72.5263072271865
50.7603798821463 79.8186940845524
48.3788539884232 76.6678956172963
49.7101045396335 52.7372634219033
53.2861871728579 18.0948227541998
42.2287966887752 56.0624378735354
46.0741415970661 32.3466987564184
41.777731243443 45.1710395236851
55.7827612193407 50.1701606565362
52.0438080908035 34.7602595713643
39.5044447867613 24.3391376526238
47.6093062799344 58.914936405367
47.8267134055719 38.9781915174222
62.3216377189202 58.3540953978007
55.8079284544148 60.369230654195
49.4800926522225 49.112344568576
64.9770524029057 33.5738527777852
42.8005903148786 44.9600626855561
43.2116757967846 61.8973726688894
45.4812411686112 57.3638822567807
49.9370527008143 52.342048371578
50.3475495141375 45.5056023509998
60.5618325234617 33.1610921691297
40.6976861083266 12.1772243133623
61.277669982037 53.1333818851622
41.4459058672425 51.3220709481133
49.5340382444411 32.359753919239
38.3737304234988 68.5230361154583
54.2353679516259 46.5200455125373
40.2035392523062 54.1628140697223
65.9973304667602 14.9447838773763
47.9066620356542 54.5423952470765
42.1451831407494 57.5219604141763
54.9565125216657 66.0302189445623
40.5375304753301 53.4143609196697
45.3344516659761 67.0063197233459
47.5013118943286 36.2823599335743
55.7017974727042 54.386964502151
45.0674702246804 67.7636597176711
41.2975252778655 48.6429293029577
61.836548428672 25.4635436392591
45.445873715612 75.7884176799873
63.2704917187626 82.9974183549893
48.0395659037026 43.2421220942742
53.9518939606047 22.0247622003571
51.5902708229638 48.9390789251031
38.5167143412886 51.0035289943964
48.0476189277086 40.5473872247021
37.2041352967959 34.3806769053317
64.4653240907778 22.362539463251
54.7127456735055 61.5479476305436
50.0241869413371 57.581623334501
44.4759777422495 45.0371992771361
45.7171437997337 51.4959304126392
49.0100880919587 68.6116951129563
48.3998689727867 77.9933553683371
50.1632831255931 37.2052218295587
46.2639799575998 41.2138935187144
70.5734971402824 26.4798634931565
48.0860183552874 47.5056581047507
39.920595979932 9.36707869256529
57.338517152216 53.8767519632385
63.6293221208258 42.4495644370351
36.5869218348456 67.8964056794093
65.460646365749 43.91943108134
65.9865856148813 57.7629530175806
47.5824647838071 57.916550939606
33.3949972621063 19.309047415775
33.8535337918462 43.5090986455961
34.5821116440175 60.8027492924382
37.9196900251984 9.83304677663239
40.1623708000265 65.9596752813141
50.9444383275793 26.5385762927702
53.8241280333446 58.0241421042211
59.9448264517323 41.628230283378
47.657272786722 77.1536509900344
43.5128844231308 59.4243619528171
53.7014264738863 48.4178361504847
44.4514361636784 49.0742406601626
53.8513322337879 65.1599864077548
53.4205209237287 25.897810977571
40.5100524491034 29.109906779604
63.8639366767133 46.7558780826157
48.3426954717524 72.2610849616015
46.1698669685608 42.5373996411939
46.9469667110534 19.7305589560811
48.5320959095881 41.7871792765823
59.7379701983262 56.0048677777712
56.3264007297774 44.1242864562282
61.0944923427678 31.5255146557154
60.7378416993797 44.3799656344854
48.6817033774281 46.9452460139879
65.5675367975995 86.0871999987069
45.7889435761374 62.1214058046628
55.3531382435472 40.9248115379177
39.2698460133161 61.4637274673314
50.8848476694988 93.9788466392228
57.8447506279875 67.9023210286203
44.2444112841982 49.370838241314
63.7541169508408 56.6643843269111
46.9208652713047 72.741912253544
55.301104536081 46.7007090821443
54.3207953972451 71.8146941281585
63.3635621974163 27.1049329821589
48.3713487107199 29.181272090898
58.1370299605943 28.8396291339035
56.2896314416798 71.6300196339461
55.1204148496435 54.335192036549
56.5635207846575 64.0538146016308
45.2983889793918 40.1677539177895
44.3032587845845 55.3971616455318
50.1785452597232 64.3257218044657
62.2527625250731 72.6385669462387
49.5258243429894 64.0165938646978
37.7645111023158 58.2458555839028
50.3764391454495 35.5233246241092
47.3938379407867 59.6647758149259
54.1083047041365 1.20577897198948
49.7076643020554 55.0218334438093
54.9470612556444 47.948904944084
48.9929276264842 47.0853202229373
49.8800700422967 44.5882685173101
64.9511170312945 50.8841492187785
45.8161111391875 50.400967410344
56.5115163426829 13.8176452013002
48.606302494715 52.4746053447533
33.7680847817484 53.4173346402135
43.3100980655377 27.9063671611353
43.8830246950307 83.19465246218
43.6202732230804 24.7389006817305
39.5822406631109 66.7425571529736
45.935712334275 76.7422921445025
53.3148984997954 54.5777821298802
55.4539514440113 59.1556790600055
55.2200832708774 42.9606525360676
50.5807992138467 34.6352544334695
48.925741287484 59.1203910275012
66.294860110065 26.3116261147972
51.3545884015948 38.908481871362
56.479507910904 37.1905530043697
50.6965772139708 28.8222762270343
39.8032712679846 37.2973345664843
47.8439880205646 45.8513982479017
36.6510495528244 49.4643439416047
55.3897676294796 61.6345394179554
52.8299738905302 37.1683422486816
38.9445117571585 41.392879769254
43.2113704170552 81.6638272540697
32.5521308797787 31.9985506547681
45.7801353221879 46.5281995242283
53.1096018474012 62.1725229223896
43.8837070725112 62.9206847458126
49.2481277743912 78.6313598496398
49.2760117533968 75.3020850569652
41.9873530777471 51.2762863242918
63.8118014992619 42.8761245889191
45.4142447613498 61.6579673654088
57.5179642228 59.8639743764327
37.8824435385575 27.9035620670628
38.4339235402981 36.432182966221
61.3506979213769 42.6468541782713
52.531863109618 34.2528849815034
35.9175593755683 33.6511185996623
36.2472947259006 43.9003364436219
60.5181960405734 45.0233922827099
35.5313195458738 46.5708897353152
50.0535604849973 53.5762547691229
49.6987343628291 9.70862253380047
55.7560596057981 73.0332371972893
51.5950919034235 43.3757796400324
45.1799577256914 61.755350061166
52.6129978639691 28.0856021517209
52.2211731701432 43.4557546987283
58.1408297226609 28.8518371448915
51.4633377722018 57.5707137138121
45.5441156937607 74.6699724766353
60.1338634487136 66.0926348251943
47.7096071774357 26.3919225374808
43.7590761477619 48.3997988236413
41.8783310254391 38.646061942304
49.5557928265883 56.1537469449707
63.3462079884789 68.9025204969016
58.2678642220631 56.8922624925312
50.9354436893908 41.408347265398
40.9726404593101 61.1324970645924
44.7913565660971 74.6494081232447
48.6477888494507 43.2021605489765
48.1854421129569 56.8160153296577
49.7986381991648 50.8059953531805
43.4573930787479 56.8714537805834
62.1121511583503 46.9213144336454
43.0297966672176 65.4161200029379
68.7246466666154 29.6277690551309
45.2253707292052 73.6195909808593
55.4800189595038 43.5818331906113
46.9338959235399 95.4255452867624
53.2745720689509 79.9672074238742
54.3743371812886 37.8109401631575
41.2019890816531 69.890056868487
56.7049094275264 51.1885671785206
45.9378715520704 56.6152773849028
38.6734786362303 64.0570547889214
57.5107324283386 49.4332503025799
49.5923899534507 48.300571990243
50.9613412153402 74.5201045169912
62.548700112087 66.6050346718797
62.6744541324109 33.9579732781946
57.6943992242231 49.3168806625094
43.3195220426607 68.0981694894533
44.1589425953182 30.2145548289786
60.7778398386928 54.6786937230827
62.8085974649345 51.2948206115271
55.0331463432905 52.568861341865
42.1676113671651 39.5627440820355
61.8268817197331 51.1511561422368
59.9008666963104 56.0414395972973
54.1446193743909 57.1568120618929
51.3636996861232 41.4408809468198
53.6603592850825 39.7780209004624
42.2493175976061 35.8649956038911
51.979135624912 23.2191526106999
46.5322562479651 68.6214613041185
46.9206284662661 50.8111327243718
54.3858520344185 61.9687788028079
