46.3345791013715 69.0953594147874
39.1970471085343 40.3556422736714
50.7362052386015 46.9864602482161
47.7435647755715 52.5729365644525
48.2155992968302 54.0061981187592
54.1340359419369 65.9007287803288
45.7927973991451 68.7224618903515
35.5211571722861 78.6949331482255
48.3964534778739 49.9185100613104
44.1914021884184 16.9345001696144
46.3984025011994 47.6004082693815
50.7699308150112 54.8521525942785
44.273590905192 60.3877037834284
59.1602929270189 39.9206024943746
36.0390666444594 43.6916146002306
41.3629456812954 22.297626639171
51.8836310385345 49.4461580135619
64.5789955733936 58.3180974176814
51.4652378409141 31.6686271661814
49.3582743574185 78.3000008089163
59.5572173279448 41.9846303964253
60.804906816777 63.1061586130324
46.3268712273846 31.1426464067727
58.5430556975691 68.2067416241965
60.7939875768446 31.598972061797
46.5579275974279 20.340041951109
40.1570861473371 14.5610655289807
49.5022069612111 73.013791294576
53.1479992904467 36.0981206197124
45.1368233202444 62.4650563300682
51.6708755388592 57.3327653504997
44.4063961462375 83.178987269685
54.727677856957 49.4835255033997
45.5186957219605 59.8887203023287
41.7777767298846 77.2417012160012
65.0223370647291 60.7476887878443
65.2039011031186 34.4868279896288
61.0091188699013 62.8648815620987
38.3240769276372 56.5552553700121
57.0428469155735 41.8174709509577
59.1379272394827 27.6083033567059
51.636109681373 38.5621713256795
58.2380012153575 47.7646655991479
49.8983066910205 38.0686809584208
59.9815879154506 62.2564082250575
51.0234795052764 51.6527360439299
37.3549720090893 49.7681803105028
49.3185414227889 34.9366567064008
41.2635834015101 45.5377744104934
45.315826511826 28.5358333021558
63.6802748389946 49.7197210100509
43.3786686050924 46.1621585868297
46.7734723886564 65.1250161335519
50.8566091357229 65.9623370870892
59.9908199691676 53.7237236368394
56.5519253599692 44.4060608889744
59.9807375811836 24.1089419378244
36.8095885609235 60.7404643286042
50.0216712126502 64.9217533451022
54.1258115455305 46.4982777318016
55.1533323727396 53.49398774741
41.9131425952997 87.7288311117671
47.2741632578139 48.561813955919
48.0498150075117 26.7845519723174
46.1682761604424 54.1322657579607
60.7820086391356 49.2195107456361
68.1530019529249 31.3475729249645
57.6282753336222 45.9252223234274
43.7052175037802 43.8580895948171
48.7089209929169 68.5844471655273
57.4785406852789 78.7401839559397
62.9142005741649 76.7973062473732
59.5200388385025 42.3422069562588
59.2174470647987 69.1991024673149
45.4041419965976 20.0101960249863
70.9810279017341 49.1141276670881
59.0745402579854 26.4695891195597
60.2133701418236 36.8342359717944
58.1018040873945 46.3890893952058
58.761027063276 38.4477106210537
57.3327333108592 73.965605465135
45.0093718415435 54.0356983904392
39.362365582854 35.471767234784
43.5709514896502 36.6789749131349
47.966264777435 47.3131825711091
60.4259124668135 63.6265742097099
58.4615008337177 42.4695921041749
45.022788009876 50.5297165058526
36.21794636366 50.491249012659
27.2289219032087 29.0941355867727
61.7305055501519 36.6132826268068
54.8530431883472 54.0331684161769
47.0004301195309 62.255715595661
29.4083440528011 80.092345430274
36.5680485165362 51.898081788463
43.2486609897972 59.8077389388025
47.7085667340229 48.7623686615001
63.301887652699 85.2371210010699
59.1152388901689 30.0876635408744
61.3190682767799 58.8656219829014
54.7018397090395 46.8086845139484
39.1267878650888 62.1979912057653
60.198164986451 69.275149710126
64.589150994317 52.8216843669377
55.3635791598686 68.9321779887511
52.2138109267887 71.2481102913378
41.3909833310056 37.2122593830787
50.0574991444556 62.8704448942048
45.9279968446825 41.4524993702192
48.9400740733636 44.9236859839227
50.0481643230788 77.7967854013542
51.1747894146756 52.9776162017976
40.9711835832363 66.6656051399379
53.5979177282616 38.8687446328622
50.2327126408023 27.0405727782744
35.5827957718829 57.8794054791401
46.7928381894941 28.0821205204129
55.8604570808603 65.1588655162963
36.7928353832885 42.1034046195105
51.1879307071178 71.4032152689392
40.7760167392216 62.6151975753341
49.5994868281486 28.709129505274
58.8774061857619 40.0019939784201
44.9692211287849 31.9677925618956
48.4196962642119 67.5641644348933
50.1214282171832 54.2483072577692
38.3410091643243 45.4760070880045
56.4523356282953 36.9041885329159
60.612929776734 54.2151299097497
42.1267921886417 58.5690705714061
43.8134879941177 51.5074035327599
37.7696318808055 47.967446101421
48.9048662334069 58.3114946402144
43.9895829813317 58.864923377868
57.917379702304 49.0998786309605
52.7289779062147 59.984677258381
36.4798632883753 72.3622787971746
64.4161240518 52.6427274812153
43.9363649904299 70.2496298866101
43.3887833789758 54.8425161256289
41.9358077326009 54.0541167700677
34.1233965235753 50.8847960670348
49.2465974056012 49.3957044456696
44.1385557195621 49.9931811629488
52.3575433697459 53.5644310528974
48.2217610081154 66.6404120606825
53.0816314686403 23.7327288478543
64.720415888156 45.3969975856232
41.0210329302123 44.0413407223752
58.2226932878227 36.7250826848527
54.5109181308771 48.6540615300215
53.3670909185116 67.368848093451
60.0318565981091 35.1393913800219
60.0534664479531 52.4413060585733
64.8411944460423 51.8881403533163
62.1062203995486 46.3075565510041
51.7924447528884 64.7684590939884
56.9511724556271 55.5424417780619
50.1877038128006 34.750007758836
51.2274174046936 32.3093228946044
57.297390268767 40.4672606362342
51.35771449824 64.5227086680889
53.5280050524331 51.995457683362
27.609930940034 51.3531761504847
64.1211904603723 60.0229777174775
54.8760679020976 56.0450703684095
37.4300914280282 59.3406699892359
47.5064719523385 75.3959872073686
56.9338979944047 20.4209935805774
41.5762402825366 63.6176869797358
44.3613049903271 38.370782342906
47.0619294421803 48.7529027327965
54.6204589097149 64.332860927287
38.5770524084297 34.626844350291
55.7647842525651 71.6143979467387
39.196294810859 17.2446524408605
46.2027028763021 49.1517954977979
40.7224252522402 23.3629070455371
61.9705867274581 75.0934355017835
63.2689921589287 70.8464223462381
70.7891630676603 71.1849143098402
47.8424783087908 49.9295086271301
46.1797043841604 79.1477980158216
45.59448529068 25.9702395421694
34.7012450131889 32.1525372011413
48.2913348116492 52.2906233126609
46.0260071649325 30.3182719011509
68.601147607498 48.6825396488377
56.335181257406 44.5147008783605
60.0320028450675 73.5036320813496
48.4477956195649 73.0629816837905
43.1912429103297 58.1169304720357
62.7487041370603 43.6572025418319
38.7261699144703 29.2473873101042
69.7616570367349 71.7488400649722
40.8154200917403 59.0802638948159
44.4349184078409 41.5134185593099
72.9791435581219 56.2382238663678
44.8852237557603 31.2991409266092
40.6228337968962 19.5590132054365
63.827881242443 47.1875602432862
74.0356120970528 31.0848556585868
51.8112607106789 84.8032638817172
45.1049783151641 37.0467924153105
47.8073909480292 41.0394035362214
64.2508317135275 74.6277693138402
48.8432895407339 52.5776081053918
43.8152125722814 52.0061251319563
46.9187026955884 70.6432615157415
52.2504640704913 59.9496601440139
42.0412935698625 49.0000114070999
51.5498429013998 44.2851080093867
59.1654574071412 51.1182053051969
62.0633458847661 51.7983975553319
71.8682980454225 31.7752821904766
42.431236189716 37.1570139836398
51.3594666686887 38.5961889759514
51.7429807774577 54.6693841281599
44.1751700042899 46.274281727596
33.3903164072225 40.5686572472275
36.203186589567 1.00268581223991
49.3089982280819 23.9447398669199
61.4962379276809 44.4634467156418
47.0920365369734 71.9514520661924
48.8900711506119 48.9990357769516
46.7874031860234 54.070103162276
48.9434049597186 70.8199315005501
42.7992630328412 39.2671367394154
54.971946327335 72.5619749694125
32.5017377318901 47.8832307923837
52.5697530058595 65.7909511545317
40.4810331012947 95.2449464024862
29.3791333435335 41.9705969353584
42.9535580869031 59.5027678229215
43.4706219991072 89.7043966508278
48.4172940410662 55.7921959228746
45.2952907866269 46.4628803092704
47.4584881073764 43.5412831634124
44.7482996091235 58.4204988208983
46.0641518786561 64.8080767909057
49.8925545485986 83.7613940723888
52.3834466276468 66.2471878957267
44.1207239102885 28.8104331448411
62.4689108357887 30.5075664070431
35.3188318278056 55.8703566119822
50.4223469979351 83.4374539634145
56.8347014706026 31.5234146145536
41.9562192017962 42.3886631583354
43.4810012377139 49.2772489689463
31.7266119468361 66.6463850406412
38.1474949807734 45.3709691361683
50.0308933908999 53.4220182741374
50.7327988510363 44.711714464538
45.3469019201647 56.7225221017682
44.8384924584524 73.1278048939352
44.1039405265778 41.9515111042003
52.2318058570522 54.293126325739
53.7887087253513 34.5854774793782
41.2054076996571 75.9301381570818
47.8596710462851 52.3600166685302
46.3344836538834 31.2765908250252
55.8561108765894 55.1749305373536
39.5302939371008 37.3584392218635
51.1297709792489 56.4597047134318
40.9638940410972 35.1154546580975
57.7025358923475 46.8110842299921
56.002916556471 38.5936151876802
46.9835376424919 54.1247801967029
44.8149490158873 63.2539868922518
45.6818734825025 43.9569681878406
48.2621109884565 65.884042568652
43.2228962901143 75.5655378454252
31.939575387591 59.3405664452593
59.8852848473106 65.059577918737
33.8815841021714 38.1209892384118
37.2250165602018 31.7755389275324
39.359101175693 38.514683148962
39.4971816007004 53.6849104707392
59.2643527866096 46.8366906382269
50.8718333671362 36.1232311660705
53.5800956379907 52.929025583889
44.0498568194986 46.1651735081889
55.7715721858315 82.4822751046708
48.0458443810493 58.4550402791338
59.9552586662896 40.0087508969787
30.3681283077303 57.9992553999173
50.9690651649793 44.0466394232699
54.6576763204897 41.5535314798324
36.2082351924437 14.5060747576692
55.4080029141003 33.8826500034241
53.6458952723579 49.3948343251043
55.3076645503233 48.4998138825116
43.2500105985951 44.1760245443599
47.3788062812036 56.6192184782819
45.8044528102773 55.6233770834864
45.6773312065368 32.9733051167479
43.3308513755379 51.5661164484109
43.9010690325348 37.1367679729992
31.8708079643725 68.6247092392438
42.2264168042533 40.8899533897545
53.0467782022384 63.4649010366404
45.3639164013044 63.013472753369
53.4405153300181 26.3388815779278
47.0160808907482 68.2270387583772
54.0958938918346 60.4847754029699
71.9853422583639 8.30420507143253
56.0595194095883 59.7571945159902
55.9070634992989 93.884532686702
45.8265098928965 65.9263948467438
57.2842089850261 50.561945871484
50.7481892551624 63.5268898624092
52.9474676364084 49.2221845196766
42.3197384756162 68.4040360894752
51.1921942579017 62.2327155595874
60.1853822181805 26.4492567315776
56.4584234315324 37.0343112831455
44.5503612429062 58.7306886453461
50.2518524915474 62.68687955566
42.1484619331837 46.8666717153644
52.4447999098522 47.1685848478242
44.440245004854 56.5698132840396
53.8704404695048 40.721450861287
53.1860304099622 26.9208601640443
38.7091322698721 26.4502186466474
39.6887161230932 17.1931859363586
51.6167351608501 47.2013791420446
45.3410926960213 44.9563444435147
54.3349363275197 73.5843091449269
68.6613729530107 48.2366509515106
51.6823284384397 84.5353578077527
38.0385402441018 62.3092066072062
51.0332686482829 47.8316855754578
57.0285997559985 60.1824031091828
44.1376092035208 25.1373754624056
42.139966124814 49.302804587446
30.1198430294342 60.2691295024838
57.1262150210321 40.490857658387
56.8601317051341 42.0412911683195
48.7106790058591 33.1388827608643
46.1514615190814 35.8991775678434
49.2850403841648 67.1641608051494
41.407208007753 64.1249529428841
43.6473823983119 47.0114957100937
48.1082073563273 69.8731443731445
63.39514377442 17.9306503160345
71.3027556586839 22.954036228841
41.1680527679968 63.6123899062922
38.9229698086189 26.6390240802179
43.9259563950658 41.5839813548383
51.764406517465 68.7876544526922
43.2249400440371 71.4733458265854
40.49756698292 55.9592532117411
54.8590883331834 43.0388952439746
35.0805082232274 82.2738962010989
57.3408909670783 76.0686227622046
66.9172707675602 45.5713625853428
48.1247866698208 54.1106673568455
42.3708106187662 30.7828008566859
48.0561013591407 54.5558991655959
51.0202447589176 54.2180413013083
60.2635976633312 55.6416466867481
37.2235020523398 59.451522441406
60.6068848569396 53.0894327049293
60.030169876526 46.9592386056844
52.8932484547628 53.6868338461871
54.1333585154791 54.696772304181
58.080746354518 51.0677981042512
57.8281830482034 79.4780133022488
37.4388463384021 16.5126201328495
39.6805406012962 57.7998287876986
57.9336696732628 33.6790831654959
60.1830727509593 62.9042596972172
61.8811170593322 64.3586753341465
50.022338245095 72.0308143219107
51.2226882669456 71.2524542836929
56.1031623223175 42.1471346521124
52.3166079331308 73.966041602583
49.0098301234998 39.1571303097567
54.4062768241132 45.9592402970337
45.8226401854108 77.9712949490129
58.5997249505137 61.0456052486128
46.6582657367117 36.6400105868446
61.4506234387703 57.0021791151911
46.483338683856 25.8964234584602
54.788386708787 69.7734450769331
63.8867380512525 37.7956439518615
38.639099706288 43.5081083072672
51.529812962888 41.2761622051679
59.1492382750617 31.821214244174
46.2488151941582 48.8553877028412
57.6218492281901 33.7882634305435
46.4927280931279 34.4266418593078
42.9073000185064 69.1852720614163
53.6029367987189 61.5897859202061
40.6820083950421 35.4513589823282
42.3799015207373 39.00380362986
46.0624124140345 46.0756093157064
49.6710707447228 41.2659497384542
60.0440524219719 58.6120756664007
55.7712646360034 56.7406138188513
