43.9161136005858 46.9483500160271
57.108738355712 71.036828383697
45.0825745399787 45.822832513635
51.9844894758753 70.1585865436616
48.9491954502601 47.161996992083
52.6771955041178 42.8041121874009
49.8910912867935 18.3012934877452
60.6954554704177 80.4121488768011
27.0765751424111 49.9767633366215
48.768103206533 30.0177526093744
49.0103281326013 88.1919828902247
70.9833359071923 51.1876372272447
45.9692656290773 74.1524526779311
53.8329524428346 4.69180937738129
41.0982732819564 30.5212422444727
35.6606092632481 30.0631615314953
48.0405271082315 40.029006039906
46.7333818624845 23.5303307251985
58.2501416366963 56.7604651474349
50.9390724764381 69.1624701514915
45.7865867558255 47.6969458074151
48.6127724144713 50.700929167643
48.6654114839653 54.9394617272682
58.5542727482902 66.4992418786438
41.0084721165981 37.9832180544354
68.8937129591789 65.0929919120793
56.9286893226343 32.2663343514212
54.1048899001804 39.2485578738396
41.5746801361033 58.9589837291075
44.4933834958367 91.6098708877297
38.2332691819914 41.8694346955466
39.5219144429781 60.6986571116699
42.7207870144939 39.5245295750032
48.1879574886682 83.9660041909521
44.9167129636201 55.4144890836377
52.0247374503286 39.6784169969627
48.984112874518 54.910519737626
49.4384546161914 57.2021446538194
67.7841383137513 75.7511278914513
59.3371899658834 54.4825224088511
42.4830396653927 50.4448999739514
46.6872395229017 48.7745868135505
59.651608623762 53.2901914016399
43.1872189096208 45.7101643541669
51.3042151404417 53.3804838656093
34.3034180840545 68.0385276537988
36.0574736210574 23.5620293516949
38.9185545620447 63.193422641608
44.231435024455 38.3689135509012
41.3420585235696 30.4645994319573
43.9231877535021 67.7700653175334
64.2207660871108 49.2546356461712
59.551489470613 46.8095616418664
43.5156754297062 60.9631004892263
36.5313297099558 55.4276569846067
49.7888554748022 64.1548230722898
42.1738379958453 77.0009581970664
55.3026343579526 44.3158825731775
42.9065650024946 60.8189914178841
51.2199661663054 64.9336238392744
40.4894916091212 56.6964594601939
36.9309984360461 61.485886400063
59.5801931776112 49.1764858567964
40.6613150657481 45.685765594586
39.214221659178 66.1722654846252
66.527435263584 77.8695778151909
41.712226697097 29.1842454401189
61.9474698781746 39.234631525106
43.7391896927052 63.2923822812013
44.7049444471008 69.708858133275
45.8096460518198 50.9700432044706
49.2172529847034 70.2353528200566
50.0817307271316 40.5511720735806
50.3090304568641 47.7874287070972
67.7823759894575 77.0470049236326
42.0788752674386 46.2304117191695
54.4073199870335 53.2108140549719
51.4566943298829 46.5406662801119
51.5277886722736 1.77937363278077
48.3161225729786 38.7825739883164
55.9445202926537 70.4749085961453
33.8012820602481 63.7434546627079
49.3582256008544 50.9222063311495
55.7273869583038 36.1703132327318
52.592208515425 53.3938071955577
46.3936442119264 14.1965068290311
43.5582224303715 65.5171490986359
39.7779358482679 64.094405674706
41.3253493798183 32.3270291865955
62.3205061316536 79.9590852119861
47.2618568438361 74.8204142781104
56.7619173695092 47.1151162703955
66.5879157410177 58.8434346553127
51.4218039427384 64.683281479987
69.461779589119 48.9766929322949
37.8758851462618 36.4816643737564
56.0812685685444 57.7606198677813
47.411582573684 40.7953367374033
46.3158618012782 57.2929269036038
38.7255545834558 19.4277862473894
56.3346286445089 58.6454267614115
75.6910915968915 56.6943131006772
52.4448639520825 41.2897844704037
49.4718595328284 38.6100127734322
48.7169368989774 71.9808866760674
43.8710187457448 58.7798194900292
48.6108780076608 59.3399406735961
52.5082487549489 49.7058891303118
34.4743634289789 24.0265637621433
44.596971810881 59.1960933296904
54.6684520722026 48.5824986620884
53.0375422565714 59.3511149431219
49.8784740869463 40.9908043229401
44.1758481070983 53.6547485037009
43.2502944198401 30.549343454209
48.1776424238504 96.6919777485796
49.6965016276249 46.6812880126956
40.3134189894723 40.4684385392654
63.7109370609623 45.1643027417354
46.1472556289067 63.4196995390274
51.84614973148 58.5590364473165
46.0974351113532 47.8977821712324
46.3630384455598 57.8570799280928
67.2949821773917 25.7772429037873
53.7935030655168 49.9668228059841
58.838921944726 34.6537157236093
44.7142760246222 57.8305189140965
42.4992142626201 66.7522298191661
56.5555854780062 61.9163937629933
65.6038718891277 51.2443071707223
43.1333029412056 63.3412771699292
43.4623154957099 60.0207369041612
38.4753968037571 46.6077776813535
55.1663170202898 32.1003018555725
56.3330695572254 54.446806010353
59.4836883860572 57.400074893631
41.7740399559253 14.2987246183234
50.7464376705643 50.192559150711
31.1626059634313 75.667778298292
51.8102433647184 60.7229484251418
57.6000538644007 43.3113722303862
57.8462125714388 51.0495680785896
54.1232718163611 36.5402733583852
39.7900617463493 37.1852637724007
47.2441467811815 29.692344609725
53.9579085139502 66.5691474549162
44.7507407974739 48.2063838917095
40.2469097778371 54.8103107237961
33.718661611599 53.429683165162
55.4003481467156 47.8745363513237
55.1708393106985 40.1954160273003
53.7823432219846 18.7077129774282
59.0644387472307 77.5581912530914
50.8196358124749 26.8609127673311
38.0785965695947 69.6969931771288
39.5097334419824 68.7254846331914
43.0782323240057 63.4598731384136
52.6330969107751 58.5190350057747
50.0043222224653 54.8803001330095
55.4820641656033 45.2070318280587
46.9474818463185 40.4494603773549
50.8198323121784 42.2798960839458
52.5019931763227 59.4875437128843
35.726835224766 44.1028542817847
51.1844550193752 66.1247933348963
57.2994773297125 34.0608598644351
56.8774204359326 53.4678072738546
68.0374280834628 61.9321123631824
54.2198307331936 52.6638538551039
42.7233460523606 64.4487348980306
45.3109403830257 63.9423590955186
47.3396648955285 34.1557148237147
48.6374122624402 61.5377381734406
59.3133025985983 52.4610250158939
54.7176001478008 40.2479575066277
35.5461578543323 73.1465114535978
37.7127354599032 76.3590305745528
54.0452133501708 65.7923653686551
42.8855050120428 29.6476034611655
51.27071812241 37.5673163120432
56.7501230780331 32.0420338847423
54.1864244951852 94.9408120662243
49.7390934137274 44.0859884504396
61.2569430212389 32.2742002953645
40.0623155539602 50.776898889798
40.1054985791028 70.5174717578475
51.380167257198 36.6932772268831
57.6163125640398 18.1722808633498
50.7274265854181 57.1703087442866
44.6781170817491 20.9103723906158
50.8122175276315 57.277266952757
50.1806560102882 88.3083361298124
41.5283015784074 26.9074757456591
38.8594320691491 78.5151102297511
47.1615531540506 80.0953791567763
51.8437009588443 28.5331874219596
47.7153079810082 67.860186313532
47.979221229369 73.1764154927854
49.3573462652486 33.9672607950496
47.0041058345272 53.2779406353901
49.9324556833118 64.5359093098045
37.0408098788936 62.5922784102273
45.4965393965272 63.7610293573857
51.5846811381388 27.9581945825803
50.743254090918 61.6939832779762
41.9627433090078 74.4022280174569
45.3337365263274 45.6296312375006
61.2465759377668 33.8452977321868
51.5426546904777 19.142761870462
60.2663227511572 48.2131055089006
65.1546032141129 63.4339078046173
61.9391646610463 81.4734081605051
61.5964919531767 30.1278871495741
41.9070487453668 57.7398274440703
39.7779028547869 25.7201237691488
54.009895946825 56.6138715919331
44.262791451044 29.7491851227361
47.9547361494615 26.3459256150273
41.0558588163428 76.537859094219
61.1702747402421 71.9599442757797
36.9703833053986 45.300938678801
55.6919713423649 11.5715859653057
56.1736903572047 40.4520482080237
51.3516909980572 34.9573412126557
46.6566591015834 39.4305757460437
48.6594477543559 64.8361326747848
44.7515407851926 43.6093072269171
46.9273873580312 56.4185609028804
60.4181723873795 47.6209226021186
57.9164760399277 64.1454729337667
40.2817360598101 61.335022815634
44.7866393095824 36.4539712074215
44.2396321802432 49.195813598677
57.9528307720977 18.8504509786691
38.772235249183 48.5192871015744
54.2088140082903 49.4018455327629
58.6062281452128 54.0531785957899
38.9109716106095 82.8837653941631
48.8581369955752 43.232446151791
52.6902229653864 54.1575838957603
48.3969512272892 63.6815845501008
48.7268137956048 56.1247873255176
55.3631432275841 67.0170064594277
52.8048283015924 30.6706408960554
57.4868549742842 59.1721876097744
44.6618605741748 52.7580267969796
62.9447225037278 108.375139046982
49.0395147080389 41.0240025607319
60.0157472811311 27.1037021476971
56.9886914627499 62.4235325759484
50.594183860525 45.9382864079354
40.9113365639146 58.0939409630672
40.1053599463988 58.2240020068695
37.7272380953482 46.2110327476892
51.1208169080737 38.1581670829432
35.7381142186354 53.8755688430439
53.1556955614673 57.341884501761
36.3603945947071 90.8094002291425
61.9880470069606 61.1824044074075
50.4664295202548 45.6678512378608
47.7612877033745 69.182583725681
41.9258722948507 70.7736070083113
56.330337965751 56.4137154067565
27.1878018695283 61.1879319285465
56.2321197961158 53.4034745659395
45.7529945741201 41.7275008763576
48.3578882931837 54.1786978546166
48.128721661368 22.4151615402555
55.6711811096986 51.3467734784591
43.5872155975447 55.2595578045249
49.3678528572302 63.412021978692
55.7081377951567 29.6271501735545
56.5534156557722 63.6087688154298
56.3972916384568 44.0374548763797
41.4685227458779 61.5377012668153
46.2289396531774 48.471267962843
32.5643421384811 73.2685889597137
52.0717516258526 79.5760541386851
55.1575810498846 48.2861848184099
48.4767323908589 50.5296190809499
60.821683165799 54.8540973874427
56.7097417276901 77.5740313115504
37.5761634229456 45.0380049622482
48.3207320525813 63.6545548901438
48.3449603937452 46.4847705215944
58.0859633935624 38.5024589728728
32.7700237446988 60.4758992202073
48.4586858900935 33.5160466484141
50.0239749655567 87.5634220155533
48.3523879152068 66.4471490182701
45.8652703892803 42.7470073615158
63.3682756816792 49.5737755737485
57.1950690447331 39.1933528843092
56.0015234818522 71.2280289452537
68.1489705674303 53.021323133828
59.1940485866999 60.5324206804089
44.8458972452688 67.4149802835721
62.5663211587742 46.1062071588402
52.0808574039316 55.2375443604733
57.2924141685967 58.9455364159966
45.5276373349836 47.3922190830305
52.2261298142081 23.1019660685828
32.7943923657946 48.7810711835714
44.025426991063 46.3932589754779
58.3143237550553 55.8385290174497
64.0107969082152 25.6366973994511
55.5898726862408 38.1440014093328
65.078407739629 54.1185117699865
54.2395255062635 39.7156024241697
59.6120184780909 42.687214952057
53.4406769226284 63.6659838344155
47.1228258199127 43.9802709272383
52.4188452311694 84.4671227520444
58.7506953588071 18.6692099962653
46.3550314049575 57.9989384542268
54.3997785635431 71.0754239812357
40.0915097746817 49.7460463309891
38.5187318051056 70.5995511078371
42.987005528991 88.0636756973637
48.43043940824 48.809625737176
53.9223243203459 17.7841477287438
51.0702152054283 72.1489757240101
55.859971244533 58.7328028019345
60.294604839008 44.8387692608989
50.7926342274447 56.8595679872413
54.5233426484361 59.7982191146706
50.0098310947847 50.1882658739812
44.0981882557268 47.9757059469354
41.667800705837 16.3234843707576
48.6084246054395 18.9703173627658
43.6404614303858 58.7003656101658
59.1269639850001 60.4206075711501
52.3835638377457 19.2740733162042
52.6111998172845 64.0333560217171
46.3505934353516 62.3894609069664
54.4061924117909 62.2611311908339
41.0197718905487 60.1072086761685
38.4993666958523 81.4781600311599
45.7857551074174 41.1808676409047
49.908731764551 38.798143294037
55.2829619437087 62.4470139021591
54.395852163219 69.5768685288627
56.0703601695466 56.8103447424467
52.3741238721868 34.9466234512477
45.3284337726339 30.4447517422269
44.003761177378 54.8731369892109
51.9352220353395 65.2885781614575
46.5901734004283 49.525741730761
46.9904265277919 58.2616600130581
55.0170540491619 41.2305067814011
54.849135914473 52.6445476353688
51.1460546243167 25.1180654950609
59.9678259715999 30.7931511519443
48.5089460073854 44.6960185566746
50.167008408141 85.6534927684912
53.8002607388921 15.7484666686369
47.0880948771206 27.7899760873451
48.4162324257637 54.3975834025885
42.4629698843506 46.6191925775675
45.8108958503048 82.7254255205187
47.539367914519 7.34108781152722
63.0873508957702 84.9880183569682
51.2749791960518 45.2163324527234
42.3322357840135 70.8281208285357
38.7955681844139 68.2116772186212
39.4838985630018 44.4563297117799
58.8312405513608 57.5968219451415
50.3857211032438 49.3618987558053
57.987811945161 70.2281055669445
60.4587982175577 70.8242946102996
49.2656241173138 36.5587761823799
49.7237736046739 20.9531288983043
65.7505438522173 29.0723789852589
35.6326401988437 46.9866136274675
60.2910626363382 30.3168475802426
45.8686734090192 22.0721197460013
54.4294434474422 21.3616303826659
54.4415037589418 69.5153214828932
50.926395820747 41.1591166371542
58.5276733912447 66.3853995637486
42.0053170694003 81.0531667251456
61.8891741634038 79.8874469052959
53.7044910401736 41.5627674994538
42.9076563040705 40.1410749164064
58.0172966565206 61.5621154640038
57.1463578147246 67.2998625020881
43.6917724462156 57.3907444574347
56.0267236403448 82.0550645480183
51.9557365788022 32.5675402555864
39.9942135217556 52.4935906979438
55.539532171602 48.5892832149045
48.9958275633916 88.5234581764254
42.2227089774185 49.6074623416697
45.436352403614 52.1738291494984
42.2246892183338 57.9459225219058
52.4103758102073 64.1645214667122
48.8913821296034 71.8325369542094
59.5725957512241 55.8962919311268
54.5113191807307 39.165907039091
51.4843478398883 71.9352182425775
