53.2026055332396 13.9210990544404
57.5826708755 50.0337434318362
40.3001488973598 63.2114167604329
44.0730042874729 46.9575492888837
54.2755631108227 70.2347596839756
49.7487718117487 34.9762085637499
49.4033139930759 35.0397943471927
46.2576306895136 81.9089194388187
42.4120717628819 63.3172723384293
51.5354172619531 71.9628174392803
50.1430234740779 39.4028150210874
51.9174144388292 66.3326880474224
54.8131793342727 87.643265697759
46.7110674216036 63.9873037148019
43.2372231261804 45.926966349047
43.7206533095963 67.8041404966569
52.7805440666145 40.1301511858109
36.1485653919328 58.2397086254511
49.456748705751 70.0261579800918
59.9600964740853 49.0949744727784
67.5652754794781 56.1382227969484
48.9855055584371 52.1296391534087
69.0123166421198 81.9003628001524
48.3885023792871 64.1733858086859
60.5404961897398 70.3908099335688
48.642272708774 34.3529166086635
63.1081405484057 48.5922751247072
55.6063969462064 49.8431853613922
52.5382853238067 40.0102139300376
54.4005855455597 85.7150938099914
43.6552752856142 43.8346597850363
55.2148831764542 36.198639031636
48.403479717016 36.5018314073088
56.3532737461262 69.5363282093441
62.9066017523455 68.9958742390008
47.2045131868032 58.0787339233125
53.2683714529349 48.3773440885512
30.8735724823965 55.5439412976453
50.8801751981083 43.7721530927422
37.5883468679207 50.7813199206042
52.3808637164957 58.8424415901015
48.4404121680014 43.2374909581634
55.6361060513567 22.3022785282999
48.06975820699 79.5325647071571
60.4152892195352 30.750909709935
59.9617768760558 49.6594050388187
38.1412459726154 58.8215523938262
57.0617948620714 51.8605124139127
48.3109125623153 46.1964642889547
49.9402403546698 37.0947325921283
56.9534394281287 73.9978695874492
64.5952289155263 38.3635567352837
65.2475323391579 42.6816796051733
65.2576991372555 51.7300375542218
43.322968532939 30.1171572846995
48.8785862482599 85.6025280953628
56.8962571101089 27.0488822044993
71.5773611243331 42.9942374006399
53.9069269578738 38.3632594796799
54.0963804211481 71.7847939552399
51.4976598421927 59.4046049015066
54.1042560256371 39.4376840689982
40.9794586683768 51.7837855385719
48.4264401206602 60.7616233101186
51.427902737346 49.8893352272734
41.7901415006915 34.6580026527071
64.8269619553864 41.4313101658435
48.0312289857249 20.6220115787071
57.407812307291 49.7185849334225
44.4606599315634 28.4181629321641
40.2545248197117 29.978595317353
52.6238479157822 28.0970480994501
41.3610489359914 66.7125333074068
55.7250927180595 61.3540630176085
46.9879708109784 53.4564836889197
45.8778724082148 80.6355950110273
44.8931075380417 50.6094133872739
37.796586888318 37.4194268206573
56.6764016161861 36.4923554143881
62.3821012764658 83.177835726806
53.7947218620824 37.1620495739841
56.9743581135573 67.6332830846737
38.4504711036829 36.0935569346935
58.936295644149 43.8309106040985
46.1998803735789 65.8784024717565
46.2478565207576 51.7690560245698
50.5520079229387 58.961563829485
38.4812885721786 63.7176795145563
56.6894631212915 37.0293732143259
43.3419389141767 71.4044603677563
52.2738419374158 31.7423879628748
49.931898667223 48.8823557928934
62.6442858570184 80.1911424320859
46.3932990067505 48.4550842772197
58.6098173888976 43.5925947548548
48.1021186243463 50.090666499768
51.2061228816707 69.9122282161485
52.4570655231335 49.128937053317
53.863933503999 45.7444250299732
52.2276005661797 60.1381108457706
51.3122367356343 31.9375948951131
44.693330280992 61.2977601059684
45.6610648304072 39.4161915136984
53.2211028384317 79.9917525822014
55.9658233351297 32.9207299307184
54.5611137074584 48.0029143313646
63.055072781244 48.7083793832174
64.4319164621747 27.4499739928515
53.0050325231943 44.3637399362997
61.0087527820635 75.3968250504075
41.2423873782563 25.5180481657559
66.1980170556998 73.1788715836742
51.0916542171691 65.305882971205
52.4406406651387 44.7160956352762
43.2748873265539 60.36365341409
52.7600270436598 43.2695186172351
47.8117106091174 54.8188943978272
62.2605912816518 59.2339084274316
40.473429079443 39.5592279406898
59.9480961626381 41.1839127026037
53.3785007987451 33.764655526031
58.540893999099 38.6425223262208
48.8788460914479 39.5197237452305
61.4306034126403 50.7514484865381
63.5251366249434 68.27078508234
52.0775812483526 47.4840819153668
46.1862422071363 70.2412761444108
27.580250335569 85.4180658834021
47.7025403920921 60.5629279242481
51.2712497878451 45.8091235157066
39.2628085916254 69.1880270207248
60.9786762314213 39.945997894336
40.405911962312 66.6826544543081
57.6167252657756 31.2444535272445
46.5280408326277 40.5187753481439
32.9481901848947 25.4392650583643
49.8366608487167 38.1587290919523
64.2776177064405 43.7182886513705
55.1126298425431 28.9406560530377
45.531202209297 64.5430969672475
54.6799167038407 40.0772344009871
51.8715322590441 52.925673638132
58.7992933998603 56.7259803404817
50.6232018671553 83.7950306670906
45.3794378694393 65.113707766377
48.8060741434413 67.2457354308827
52.7000743563206 45.4899599487367
45.4993886450762 66.2020229174747
52.2020763703638 39.9276216294108
49.4531377934885 62.2618248424645
47.5971367805854 43.9442999004653
51.1587135473491 15.6757875299469
54.7528586313996 64.8000127756181
32.9855645373341 66.799216935521
37.0556567421794 46.5939597434462
58.3674490027653 57.8761070066715
53.352656772088 31.3999465034057
53.1869553664253 51.1640546163535
60.1962985486345 59.7175837436566
42.3758357710431 31.4248941047904
61.673272729782 43.1019958226644
43.34930667686 75.1579041942074
72.475336023667 39.7063129414708
57.3633515615836 29.1820466892433
63.5630324042176 65.753875460662
40.8020125128747 63.6799784305487
53.9039965999758 55.7264200197389
41.1609264786987 60.6682206758346
53.8931706799415 66.2168537893652
50.3187950363742 43.9568991093971
60.6807668037246 39.2001157102521
52.8907242997527 73.0513033157746
54.191085223105 62.9216001823828
52.1384661995343 60.1146649849459
51.198913713861 45.3164885136459
49.7609366415572 44.0416160578466
47.0083537910509 46.8499878979534
49.1022391926372 54.0909788108356
57.5748347219215 49.2034492989848
51.5738247349246 31.5122267548124
33.7372517313471 59.3755989463299
59.1101399313008 9.785820060122
35.944903247729 59.7208574275088
54.6696809980102 56.684957166768
44.5911884684531 64.6000848540361
47.7292882141378 22.350195530073
50.0028540901705 68.6851438365579
55.6994354522778 63.2126113909535
61.8367157795383 72.470681957846
61.6534985956783 47.1224499362039
35.8522241132523 26.9022957213253
61.1973369642149 17.5495778755569
49.7334711635263 70.1684754371115
64.284364053927 65.886833401148
47.0145169281811 61.3095876144423
57.9875918302143 14.193367617499
44.141587585585 48.3055070347553
43.7811340215704 64.4296924383294
41.95539284587 11.1241173704712
47.2493376482709 97.3376794450149
46.8059889137493 36.5699021562037
48.4656085159574 58.8714776745843
54.3480957069414 28.4417896196364
33.0682048621091 58.4315329480329
52.6253458751855 58.769343066202
46.3645590916838 78.9199816468425
28.4491527027893 53.217729832467
47.4079648506465 64.2749041921892
50.8148428873961 32.8895414088316
49.9684883061188 79.6477870973793
41.3214001445472 26.3854503758897
44.3808929879956 49.1062500942685
68.1798817489235 37.7522273097092
56.7877223288901 63.5359585046373
49.7501361036911 32.3784211330362
55.0710682691902 55.4977382607245
50.9501488475296 49.6500648078148
47.01861654627 50.8795016173352
55.8494228702048 59.8352018593334
50.0659870359159 50.3554439180059
47.0725440072891 49.1918456068308
31.6962434634376 39.5122194337746
56.4328240019445 42.4070809956515
50.6008314869845 54.6711055189047
49.4690747696365 24.856597662853
57.6191841144195 47.6983449096153
50.5180564734751 54.185137753557
49.0454054713919 23.4669575397919
59.5251864556121 49.867834901945
59.9537924368607 54.6934584475745
52.7738143972283 34.469085544779
40.8429278787269 56.9242937597447
36.0354236719035 25.6752724573962
61.9766773606446 45.5982301901531
63.4685263026963 59.1971986865256
46.250650251853 76.5164988549692
56.3788674359159 34.0030942306429
51.0184134789692 44.7529608792317
51.9165681021342 28.6071168940004
50.8264228967344 58.29954990045
51.1176171963821 42.6665874828662
61.8795860727244 49.9834827735607
51.4442748008151 34.2854998340019
65.5229231164502 46.9536064868815
60.7447122580964 55.654738060636
55.450992327732 44.903539581168
44.0067117520265 44.7226742905458
48.1731889776564 43.8708686425001
43.1223763834836 60.7220724217276
46.8055701833669 31.1847686997086
44.1886818327659 63.7228088393077
51.74887350457 21.4071356672394
53.6024222171928 50.4779328040993
68.9065805116121 55.2912252105449
46.4223856495958 91.3734188991637
26.3045555591033 30.9822379458855
46.381590518537 25.2352020690649
39.7110414088624 52.013621505612
47.1735402949236 29.1014026252047
54.2546667699541 59.1001467869305
41.804628442624 39.069931671804
49.970267026231 47.7800477575705
30.9364742081592 67.9324756179507
40.4198923450801 26.0079543652325
61.7749390570394 50.0625094517688
46.3178610028429 48.5383808962416
37.1429610293863 42.9842505491446
51.0986948087573 44.6168310389609
64.6916458145921 69.6952678707687
39.3766528268976 33.6601283926466
48.4839765179765 34.3184909059898
63.8688382501861 19.5716089009775
57.2789642424938 26.6051417130999
57.5921393781429 67.6326471309652
51.5247173100937 29.5362818900847
47.1717237567659 37.759409566867
46.7977372437725 57.5676663110778
39.5453318245913 47.5058336406231
50.3031724177595 34.6620146070806
60.6759503441649 63.6110845452539
43.8243370484027 39.4344456545345
50.8702822440232 49.3003973383166
55.0093739020134 31.086217104072
54.7524164513896 56.4572505924811
53.6595681436518 46.0164069495402
43.9940435082722 53.6731643250224
41.8617064440298 24.5315282471063
33.8978639111069 53.6097532097425
63.4416695573343 56.384360063932
57.0590403807899 13.6906149838698
52.7654529996537 54.4158981096747
67.5152849282021 64.6593262382689
53.7436668413749 47.2871484415545
59.1461039374402 30.5022837607312
43.28468709847 57.6571874257919
49.898611733079 29.0078728523582
47.3896616833401 60.4224057797362
55.5998859049368 64.7019574337519
56.4181551622314 52.2178360597518
38.5120816492237 57.3407489514155
57.8815381257916 40.1875920606784
58.4178646488149 42.5201867190103
40.0960561646551 53.0104627666885
42.0116431399661 39.5185135328677
51.1574383021427 34.3186398959584
50.1290016853878 50.1153147580483
43.9098773822886 38.6130646074881
37.3802723730224 52.1205147067109
36.7596229238949 28.7674535324136
48.325090434592 38.984518796826
60.3237009085663 59.2187818855357
47.4986240877473 12.5743876862641
61.2971274566124 51.7243106789237
38.2879231550791 63.2391202521223
50.2564538519566 49.0037804366147
51.976935657734 40.4407771357069
29.0942615463499 65.3807312070387
50.4225884993945 59.4261884466088
53.8041254122525 62.0506839003681
37.3951701020033 48.2107124598885
43.7026587464192 52.6720317317931
55.3213726823096 67.1691049174956
52.1249746754276 16.0239555872852
61.9738616727854 35.4647149729337
46.1512672687606 33.1589680593921
48.4523347718984 65.0491789560356
51.4640467482597 22.2346008381657
40.6417580446117 74.7780078524581
40.3879383849122 54.7414679943106
39.5855919422505 23.3964812838707
41.5440510423794 43.520798603716
48.2196194284605 60.1840339392567
37.2257449084841 26.6205636002274
49.1816354080506 66.3557784839634
44.6591251049896 61.6501926482907
51.3983037931847 37.1675952988463
56.9787440613582 44.5273312153783
66.0744949776945 62.5769059982633
61.1055870640209 57.738430167424
50.0174039503728 57.5041917065642
61.525449737108 26.8909622630777
63.5203131515502 46.6077293128749
63.0505286074519 37.1696075982459
62.6481282171931 39.9487078461345
58.199573167559 46.2189004888643
57.1169387859303 83.8387976926906
48.8306264029311 47.1506502848772
47.6152245162387 60.3947243387003
59.5203692382815 35.0084903802061
49.1488645838788 34.2106535101099
43.1924848992279 46.4055325744739
44.545997818806 39.2949054459948
51.7221111375825 49.1407229284851
55.9451605027657 41.0587595292485
42.7892563633282 43.8032035714923
50.1475942698993 40.5499739511749
46.3508128513802 60.1490890675433
33.8582898259616 66.8074631251419
55.8258337947471 60.5078708244619
37.4870826741148 46.7731961283734
48.5420401537434 39.0182885267299
67.6313918289141 67.5124918571321
52.0149869255134 36.5846088995445
54.6244764153231 70.2647990754809
34.3789877265364 45.0312579348748
32.1633641348433 42.8193317346785
51.9647621879521 65.4788268051216
48.1906017631941 70.1946522049338
59.5653225109782 31.9035887564611
42.0623761173832 44.1555170810164
52.9151734800128 69.5719769415892
53.4130117742235 60.838063852127
56.8215872158362 74.5229544441403
41.30458407413 36.4245712533415
54.1708330806542 40.0895745235679
49.6997782782146 28.7275199492497
44.5847006130704 42.7617396694516
54.5602092223908 52.6314384451342
50.7455231756969 40.0127249669215
41.6177606592604 46.6604062558187
55.4440697401158 59.5437754397328
47.955473131869 76.9263684703592
39.0782817018382 55.4918808646479
42.1859293978916 29.8783936247431
51.3400252735484 49.4563213569304
51.5065730407451 37.0196932166794
49.7838635442248 29.6238352958442
41.3768667539947 50.8151334392572
53.564059377962 61.0475875985309
50.5808205374193 79.3062994395572
61.706231819942 41.8915762901292
38.7055936849851 36.7805137112436
55.6854577656097 64.8120721901278
46.6622887689133 56.7971822337559
39.9428752919815 62.1383246607767
40.4216319486671 65.9210775648086
51.226274142901 73.754677808106
49.5223642009606 31.9340362258112
37.3698366934046 89.7715451746649
44.5733231681293 43.7975876548092
