41.3848263818889 40.7285168093184
43.2028555854845 52.753785810825
48.1696803069716 85.4039225934643
49.662493764506 56.3623823733286
50.2758309401577 74.1235222196225
45.2514257795063 50.5749145341196
52.6511126275594 46.1539904493549
47.5563813135809 77.6529484136218
48.6506776803946 36.9324485183514
54.3782579254773 49.7930431051096
52.3230547874781 47.8276558133039
63.2196935329871 63.4454028698489
37.2253426008875 59.3804547948101
46.7133305968096 58.9874060424836
46.8593723833018 52.0238706930538
42.808270368457 64.8004270210409
57.5077087338853 39.4608520721113
43.5513569580558 53.9640959040087
48.9787177319697 55.7206940449026
54.0697942730625 38.7842662208688
54.487521616808 104.383819712249
51.2910912528747 55.4107570035946
49.9619575558283 19.3449054440263
49.2690935751848 26.513070295854
36.5211866697651 72.3631257526664
50.2267570102106 54.4070399819862
52.4873911425286 28.5838050980849
37.582639020367 30.9419096183979
42.9388248872486 42.9785458685788
51.7695661460354 66.6201929305058
47.0419432106167 25.3596963952221
56.8983723060985 65.8064609927295
31.8295063716994 35.1163517234232
64.6295088742031 45.4738700785459
57.8015501537228 61.4008663493387
54.6580644570569 62.4230860296706
45.6771880319246 72.2695765717012
60.3154035230234 59.0474114083986
40.0239783527674 48.6813781165974
58.209772899425 72.8849120979518
33.8897556877873 47.2608772422344
42.6489723229906 60.4306834695647
57.6861604329857 53.3988099688141
49.1897317318225 54.4032416735199
44.9323322266566 30.9923067281268
48.864308446776 34.090356277811
51.8104961899302 36.4382805029425
63.4359630203137 20.8893027268014
43.6652830794908 62.5015875187443
36.5473138061782 22.5476669584607
38.5256303446858 46.8041200085357
45.7898224051426 40.7347181505983
40.4422516535225 49.7246466104423
32.6464812467748 51.4219360435211
54.5896614890028 79.7195780567834
59.9522664865294 46.8813227252717
59.262681021934 42.4399717309445
47.4195251260247 49.0576997422358
34.6453772805586 52.0528633692359
49.0695138226851 72.2787695690027
47.790047204163 38.3355277162619
61.4322693225876 51.6797787382941
54.4937644468183 48.0620149443894
51.814950196771 65.4949120897568
34.4077124990612 46.4168830281155
42.0008220689021 31.1203959407333
61.9867152992084 68.4053183153433
63.8395278530331 54.0924911786341
40.3606794833877 43.856755154355
57.7225958232942 36.6967928228363
56.9253004055818 62.5004578694351
64.9823302780545 41.2445638336037
43.0642904144028 81.2476273894723
36.487214421292 67.6633084024128
62.4824663975215 73.0199553616687
45.8710314218365 64.3113525296857
32.4072986364228 35.5989354115294
47.8193134162658 34.42996106087
39.9319499546286 49.3095090228265
44.6207062456846 62.2430534773542
54.4733415186519 46.5261730995409
63.4849160316369 68.2846634731708
32.0499075825983 41.8373821876748
54.5831087442082 33.483893599652
48.0579527392782 50.319928184605
50.7874364359255 62.1520739265907
33.3476176079679 49.5004919307357
50.8985409536753 51.4502173900706
52.9076940577755 61.5288394057802
44.4059913000297 46.1167658968497
47.3938474396174 75.0143133241732
61.389836971966 26.6110567326159
46.6552009179936 42.7990937959842
49.2106086798247 48.5077099134068
39.8649376486751 82.4291106975697
52.4389868161924 54.0413250091446
49.7663432490276 48.6799083442889
41.5041118017035 60.6437651785207
47.5207304640569 35.7218458632573
45.2611147206318 50.4221578203918
59.1739059760153 64.2340853751857
54.1919845231532 79.7186370430136
64.6268588038005 57.8124338121021
47.77110473313 15.9385889389851
32.7841819668662 57.3131998233357
55.71816957635 47.1501776313426
46.4610104677656 71.248229361398
74.5953154956528 40.2162655974033
48.8523492475667 27.0358979148389
51.1933402965866 63.7638930434688
48.2340129415444 51.7667854941432
57.8638649286226 73.6032932856631
57.8478136043859 27.6941527005957
34.3888266533444 54.0790642254976
53.2573710413883 24.8269553405302
47.6584531902267 48.8906056573137
52.2280615017364 30.2432681872802
29.5654229159789 69.8845260189412
50.914086016904 41.0204804966601
57.9820054284791 67.2125397792938
47.5261753446194 32.617331227706
72.3453758189916 82.6106465205361
49.0965007184654 61.5106338077537
54.4602158089875 47.733599673347
52.6708299190054 86.0387011620908
66.111539343341 75.8053595490119
39.3400724634728 48.6388002302082
45.7055650387441 71.5336588596593
53.1186674306695 40.9398915754804
45.4105037396752 32.1321478838266
47.9184234807626 39.0467712691325
41.3770793419214 74.279076043733
51.0119877206064 71.9306495342191
62.767080539584 59.7886607422603
49.3139002308095 79.0907269546773
56.0620310058485 67.517502875325
51.5249335755032 60.6182263752199
59.7218375037265 69.8732491314224
41.460599769943 48.6046569172999
45.462429198246 74.6723451625225
38.8072651208059 71.3777623555234
66.1372684258501 56.5699697184903
45.7996949536997 34.310352671835
40.7364973508466 63.7574184926713
60.6975979208567 43.0314514914406
38.6915135248176 54.4449598604826
55.7818821537982 59.6182329518069
51.6358552864908 57.1798621512994
47.390391754203 48.6241218316263
63.467167428132 77.8220197176516
51.4149085993101 56.3378172199042
60.0371110207145 28.5918916598849
54.5095596421338 52.1944166701484
55.9619811881573 19.0619353458993
48.2044972182374 74.8347552207956
59.1963744954189 39.7267519180269
64.9831508697364 32.2675593944852
75.1528080773489 82.381598571756
33.5236078867059 33.4822216678805
47.2928739703772 18.0168535394829
45.3759987879099 44.4794969719587
50.8465909422761 41.4614958432331
45.8020261384744 72.9903060189686
50.0643996212083 61.6434752930903
44.5054408320562 56.2255566159767
49.685809184544 42.5179498161067
61.1135226272811 47.64898251206
44.793841744261 59.5870498097166
52.3381303917493 44.3662043553962
44.3984981451555 20.9114022521262
47.5387729326838 42.4750732804304
61.7322060615704 40.9276411721617
47.3006798581731 90.7786504407539
39.5347357574295 48.4983115528875
45.9044492372951 49.6834530766395
39.6192659933077 36.2724182565407
56.732626751756 16.5012542936933
42.5504856371318 25.889286637771
48.7974489433701 44.7745346571847
22.8208495536379 56.7561174350479
56.921294231562 72.8821493103195
52.7195920630194 65.3167254145158
46.4960440821739 43.0989749417126
50.0421720434782 53.9897339683712
50.8277159280332 19.9270641080191
57.1362246444929 51.2296517625946
32.4127488149049 54.7944213512844
57.0421772892054 66.9434392068008
43.6319412235957 41.8902618801857
51.0524494107533 57.0218947967877
53.8434394315279 50.6459852687767
40.9639353907524 39.208612807364
51.6342613951013 58.4225469536729
48.5657511463235 24.7909521167299
49.8633528463603 54.6189606934066
51.5790830833789 56.6423661140403
37.1182889750603 56.9960736865209
55.2567417115972 44.4113026826115
52.9560038182057 38.1046494157769
41.330058094512 39.5291310933511
49.6203970466897 74.4946920756848
49.5348897816053 59.0663606528038
55.3177346415089 30.0211957056684
65.4392362001866 65.8738299564075
57.6380166846801 72.3874552376365
35.8022305940159 51.4632248005192
58.2615614805176 15.0800993043014
46.3708597114595 45.714543674071
48.8800246051804 50.0878572064539
63.2608672676095 50.3692559100398
45.5084159416752 45.0024385096266
57.128937189819 41.8854398339711
47.9251287218383 51.2569785894753
50.5550401020427 50.9420549529351
50.0890037114075 76.7083824283314
42.3243288808752 70.5054494258481
44.7552847851057 57.2339875293733
41.4388622052232 35.9716993994821
43.3936645790968 19.9927382797419
63.721580245848 38.5423624414957
50.9025659452971 68.9907952610482
64.6651881520098 46.6691679740856
60.7750688912161 53.006192426092
44.0225267550243 59.4398709223509
61.1001686186013 35.3932712817271
56.1320059721022 53.8092343693647
54.077431584092 61.7453198687415
51.7932270176553 56.0303599916336
61.9231095914655 43.6214227759088
57.4778139397497 50.530622997087
39.1576728322403 36.3163253926076
40.6309818730033 67.6863794354994
41.5650955649395 46.6533478114418
58.7756534908419 22.7465749880455
53.2820244466314 72.2533585665893
56.4791402294175 60.0333445191274
42.0555055956312 34.0776911639677
50.4340927092538 59.7988722432558
57.9535828578098 56.8356630540966
58.1098145445925 39.1864172999766
47.3559332073083 68.2591303185242
43.7219911643062 59.7567448837382
44.9173474929537 87.838982159589
55.8616088944424 88.2714451160001
35.0062949368471 62.4068119735072
56.9123576130369 75.3821117030337
28.7515699131368 45.9395266169022
46.0637626347911 66.6806994425135
53.451726577934 72.1829996092534
45.9306993005452 37.6974469241731
36.3701924845583 69.4420298865675
53.4220378967873 39.6901334863384
54.8986549399219 59.2294033471568
41.7937430136429 73.227640283576
59.6782956051045 57.9692706587769
56.1746192226823 68.8272303139229
48.6068923144889 70.3681358336154
57.1310322079939 75.9566708892932
56.3452442326513 72.5430416774713
58.7149026020234 28.825422175771
55.2072544743375 93.4251356347472
41.9685338413427 62.4569951688573
56.2333044086751 50.9077693963869
41.3774393195312 36.2674585875276
59.6779781777611 54.1185320055601
40.5848955740896 38.4655586944702
50.5511374817846 57.6359736346702
42.1766787584913 72.882255805986
39.0293968153148 34.9103240847609
61.271434688192 67.9087983556172
38.3559034975024 32.2983583878475
67.660398328745 50.7668579531068
47.8989964755617 56.9681864764646
49.1535291648879 40.3487504262497
39.2018358163271 82.6412657749429
56.1824569551592 62.7276845436475
56.7667866866712 61.7686102383306
50.2218481045231 31.070490711287
49.9729781911499 39.6397620300853
59.8461657358735 60.572945156589
37.0595497238164 39.9820594026695
53.8657820561151 49.0287197774184
57.4709512227658 79.7545204443486
50.2022545058011 20.1052583242379
55.6949720713764 30.4343316802913
50.9596630729203 75.9099141424867
58.7864924464213 33.2090160036067
45.1892329805843 44.8016864027362
57.0399452010077 45.0157467027725
47.309740521467 43.0033881919893
56.9109339597246 21.4708371706458
55.4889008941479 38.0984979852408
59.9163345245768 56.4943634390011
46.8187228108789 50.1748160086921
47.0232717453174 48.2827241339171
38.6782260826664 58.7236661002146
38.2965133602161 28.035348466183
41.7821103473328 36.2168639011948
56.4558578130183 48.9785184221306
58.1826842643931 60.1386449464711
34.6210158453686 68.5176948443431
42.4777272201629 38.3597427318532
44.4567159180253 98.4991351992771
49.6266891846642 39.3199743263181
66.8952466554043 63.2793895311686
36.4001243750157 37.4160364476614
53.5612338526367 43.6720100900171
52.1043382970539 59.9306458025376
41.5487869103466 72.5035504276174
59.375651633592 47.3211004632468
52.0708769602131 89.326910786007
52.3027701580328 63.6102490531661
46.2809087154528 67.1880333217129
46.4961858812946 47.2758980659939
49.6801110013116 39.6422932658873
43.6817467913774 97.8201318553269
66.4268208927969 60.0367213266822
51.0552293159953 66.285128713996
60.8376862308711 46.0579772277007
52.0262994619497 46.1877781812946
46.3518404185271 60.8052370897316
59.5920262736982 54.1344619534276
55.5986093483359 59.1685371554748
44.8692126708879 62.9843414852998
58.2141652266938 93.5824074552561
56.7164335745835 57.6065327298869
50.1138298077719 45.6683402100468
48.6046811865572 73.2001462795933
44.3452099778307 69.6480487157761
45.5588051998207 42.8727110366976
43.3256494724889 11.5227085854653
58.0901710998923 52.7296812369816
46.1452083850641 67.5104095285812
48.0537431527547 50.8665672715554
56.8162608880641 47.0507315757162
47.5645707845897 69.7541743243759
47.666664450578 70.8848061880297
44.0981528472157 50.8856672344842
47.7299389130087 86.1495898606465
56.1758504877807 70.2531621187663
53.3642861910886 65.6931676500009
52.9477959259803 25.1603829750881
63.9701667085533 62.0284075844556
48.7755286600201 64.0494543883089
40.4321873812991 50.2702910681189
38.6850241823235 37.468887581474
41.2663420483739 65.6922601372968
48.1032906415565 89.6176380340759
36.6962731775877 38.0039072892593
59.6387542229721 28.6402262074428
50.5921489147052 53.8081311755521
66.0050392080763 49.9453986607922
60.5911968215143 45.7484575708458
37.2701840512022 54.2912316681254
56.0889290714585 40.5306292604246
49.5487876399564 41.7556378518094
51.149911741322 61.0202907838063
44.1917265342601 66.9472243835001
47.2230688067627 55.1037527266299
48.2746371991375 65.3216331421242
50.4448394304729 17.8274814392039
59.5218257148943 52.860972405821
45.078781795819 40.6517995125283
58.0314121509564 62.2505272887496
54.2807778473594 50.441496784536
53.2689125494378 47.111841967049
56.6401901867883 43.2939800319417
55.7847961449155 53.3979553707417
57.0849867252818 73.3660234247388
53.3421600966958 62.5350857576213
42.1518275423295 69.6029943530513
51.2026594812799 37.4828582584926
47.7863894974867 67.3738613959111
51.21782486652 61.546534711852
54.7970420212643 20.2308909533394
41.5957923558153 57.0932389529396
44.0888706485685 43.4292575014504
39.1570348084677 33.4738145249192
56.2317446845582 35.1807007385246
55.4459648543654 44.9930584732883
52.9944419365242 28.9864996161021
54.6486211663932 68.4647669121109
54.0249573661998 42.1279838959032
49.9842204481229 48.592250064975
29.8805201250622 58.6813616029967
34.3919690017985 42.5314336405663
39.5661725970485 40.1548174933954
52.5814021403425 56.6561300734439
47.4255619784341 46.394586187163
57.4271669731706 62.7009837776077
49.0880950079354 67.6826831957538
42.7513097155662 14.5811937940459
53.2645083656684 79.8672646080481
44.9491273767993 54.841880746923
39.8756794059386 41.4703522745431
39.8848136400399 41.3893540619409
57.4329304870569 60.2840719339756
62.4268499041591 54.3943453367157
47.2394199469534 41.0467067822983
39.3734911521331 30.115196775542
