44.9266229624527 72.2968227324516
41.1163449995735 49.8777573106075
59.1478703908859 34.7778841375018
50.435950254034 49.5728061405372
61.535762359519 45.5032838824359
50.9506911955882 37.0455464316158
51.1395361776476 48.1540899270963
69.3672183702514 92.3405135319544
53.4287588194615 40.3284076481785
52.5143073657769 37.8284934422205
41.2263783706186 40.4778678175191
52.4316909338413 37.0928720213603
47.7541171606545 34.6173860502389
62.7283067399712 68.2044050726602
55.1787512917934 60.1770484525397
64.8634589739691 28.6660446236769
39.5714256304931 75.4780654789884
49.883560688363 29.5035312674845
76.1106730663705 44.9922005935099
41.7709239423838 56.6369300585968
43.4059073658221 75.5953980439104
56.6999467876407 64.2529653917614
69.1686255315916 10.0981748735574
52.5343950074603 59.338850132805
62.4209057209202 20.9339146234205
51.6272698692211 50.0843700135083
42.2043766455588 21.681524665249
44.283766092202 46.2250871034887
49.4177023148957 29.1780819816526
45.498204868269 57.1760601298714
31.706541149087 41.303427965252
56.3462115954229 47.3787486434277
42.6158489487662 78.605288605831
41.8340117009181 74.7899937576144
47.7933577058455 64.6768062317583
60.2000641255029 75.3474384728209
53.1586609345502 53.613216207673
46.6957906147817 38.8036495148726
43.5013988991066 48.4135518526504
42.6166460140024 46.6471962932977
60.133774263254 33.1921120066407
70.2156857789521 37.2440400111641
48.7684490907878 32.5526132351856
45.5375181278951 61.5276353218299
55.649015223981 59.1375039408663
50.9511192438212 71.2577638976361
39.4408749342562 48.2421480607676
56.3215301841883 61.5494116275785
57.9760818532657 54.1224921679815
58.6867116465198 71.6812797515367
51.5707853138897 72.62122207407
27.6375759031807 55.465663072617
59.7939045681011 32.2713705594409
49.9054255131335 38.2222673139974
51.0355530568499 66.1719268314743
41.5267009207491 62.4137750915418
42.4654128916511 39.1716445829941
46.0455479295479 76.0811453706604
38.0881238143445 33.567133236031
56.3126543633656 57.8792991745035
42.098467208897 26.1392489011639
45.8330726959077 66.9908256502071
40.9522196404449 41.9889783107201
46.0819981117953 41.0509520041518
46.7973311094987 48.232615078428
50.7302916134369 54.7709278194558
42.9170456867535 44.5185017919859
48.6623135956109 49.9469127955169
39.7521785180106 52.7893643980777
41.2358899305676 28.6016675946955
58.848821333306 43.4805499482391
68.7919162592316 54.3317711041999
45.8014117918704 58.572299172392
57.3677055727407 82.5352007919327
34.7732103702213 59.2380666845443
49.4981686932311 24.3644492425763
62.6729511182485 34.5009042754686
40.7120132647401 68.853001782472
52.0176853341159 59.8213714152633
47.7977760989286 39.845145875832
52.9915087522461 69.8128709317882
46.9351850439119 73.5357482913637
54.4669744511871 85.7560559445738
71.3359916119176 75.3751612362695
50.4825450987728 13.5993361981312
50.9981596405948 39.6349912707012
34.4027564265911 55.4133445743478
50.8208302004088 18.3195211027212
64.0315972361315 65.8243827781676
47.2972917492347 29.4262722161704
68.4647337175419 52.1197789151887
44.9703515871933 25.7219932353144
38.530948706087 14.4209038115709
60.5214346764866 53.0032779225025
49.8317614080195 75.4273226280466
46.2006994309045 37.6316193880911
59.2204588997303 63.7456304183612
59.6490718465279 35.8632950992121
43.2180255899914 73.1848117114529
48.8447696576739 46.1956825696914
49.3979336748551 23.2478801016905
40.9646874295869 26.5975704822698
63.9148173614285 58.9661043232115
60.2943264106347 35.6406554610046
45.3905688898312 46.1715827271858
46.2156531630616 39.1412464000341
59.8351132455591 23.8828210095239
52.2301930441415 68.4932524117353
45.7586449369447 44.4695589404728
41.4841992871455 36.0675762592169
62.7169031806738 58.5710701626185
55.6826621339284 60.9469845871811
30.1118087596067 66.7404425731069
39.9658467803969 87.1901300641935
41.9513384818078 42.5574643564785
58.7013870233422 61.7072959921319
58.7676330802589 53.1240007377321
48.725535161376 51.3187847555518
49.547155331976 52.0501576156093
48.1370067670178 55.1654962974734
65.2592186920582 49.6505173075531
46.0173976258119 62.7825644304847
46.186811734692 64.2831241707758
54.4785438731925 44.6291019663266
56.9414970056767 28.9199841347692
53.7532343743684 51.6311919314736
31.3607882584638 22.4468643343918
53.0794968079559 47.5496299398255
66.1306789890068 50.2415338246411
56.7750825392359 53.3268425276329
30.7005583838232 37.9776243215346
49.9079711844594 54.1699800495299
62.6597933408886 23.7056377640053
40.0382969287645 29.5057889441535
43.2884123155971 35.6469811112211
48.3884813930504 41.2744799692708
49.3502286911371 35.2724410737097
55.3361782267739 64.615011938169
53.2635035780201 65.8642019034151
72.8774869855116 23.0681683224241
57.233134352968 16.3297914750881
44.9494303908585 38.6030241271258
34.1885989987011 42.3857688366901
36.6432075076787 29.6537704430194
44.7621377249897 54.509332496417
64.0319257303244 67.794274623666
46.2234990504469 48.1632131561868
44.596849962303 52.3646306449365
48.7952612827841 27.4886934695226
49.0376593742787 53.383814364505
57.0439920763974 7.20050284117707
48.6693839251143 55.9023409167708
39.9270032799574 31.0304097897792
77.7246492932466 58.749775091708
43.4841389314483 30.7865775756492
51.1666563963742 49.5877944023335
47.54084753205 34.7228178656131
45.974457557716 62.9289949744296
54.9501305352563 43.4700513729528
26.908301374474 31.011827668768
35.1295511791741 61.1357045227194
60.3815655758839 31.2148310044801
33.3895163810745 59.7658686058698
35.6266149409334 48.6551449381994
55.0962537802327 48.1051757714383
59.9754073269273 60.6791433889523
47.2638891311393 79.6552167834303
59.4533493144395 64.6919420178172
38.5177251051724 57.1463452369301
50.6404830440814 74.4404312473202
34.584088144322 54.7394290681223
33.5436703948097 84.5679590206632
42.4885243230598 29.3952812677677
48.0171754255364 67.7549058016622
58.8992911925122 42.6577075729467
59.8219651584404 59.3343251927452
20.4419421127738 55.742249610279
42.229478260951 80.1815993005675
44.9578328549326 35.0440283988276
49.8712986426796 29.7435887273261
51.4398969959227 75.2679086144378
35.7743362462832 51.178817545862
55.6010581573704 54.4603072696594
44.2310138507318 52.1891112920756
37.2652068505556 35.74911943172
42.7965397501288 56.1806537916973
52.2280150995046 8.93362233419241
54.5751440235469 73.3498703260322
41.2557762491351 65.776170754864
47.9000693298516 56.9290493526975
45.9582671597013 54.247731697616
50.5574379035001 20.2396877430346
56.5490007557121 10.2050344478439
54.6605817065905 17.5806606635638
40.2727993773662 21.6948192682838
38.922890043167 76.9497665838657
45.0207547378122 56.8027631531771
41.8969278077842 60.74546712757
45.6325896847908 21.4274667391605
53.7002796466307 40.6285059774533
50.1279467037048 81.3424343403029
43.7159012348042 25.8520735695017
60.0295993357837 31.275836253301
51.8957830275779 79.1349597643718
53.6383344484696 58.8484768914556
52.912518406969 60.0465838429385
52.4886052857702 29.34140423143
51.4103607674661 46.6397273562477
51.5831709035653 42.6374463376421
46.200053169405 51.3887870588296
61.8892445824759 17.5781481804355
47.0324574640354 76.656845327859
59.3586146977964 45.2299322613245
52.639093936357 63.0570871696779
49.5184970425391 45.1605750980775
58.4338930225182 63.4734897546943
42.1889115752382 53.7211407495867
41.2180006740568 51.0360757830802
52.450360138662 55.4100682313094
47.5812204040377 58.9736555196292
57.8615914821396 62.1992226973793
57.33629326638 78.9771633350384
65.9919796725215 66.5177873638416
55.0060006172004 56.5799831893814
51.9248850172834 60.5814700991654
71.2302547026978 37.9778612018111
55.8698652327901 50.5297858918605
44.2112074301738 78.4101134694398
44.0666725067079 49.2698077995603
20.6737869874997 74.0591151551332
52.5267295710292 51.0026637903139
49.7881558560259 58.859535231385
51.5084177748165 38.1271030970879
52.8499486723706 74.1772612941874
56.2480874913168 72.8179552703613
43.0191236116191 71.5678288889754
53.1727386842912 30.327190202295
40.7836606824431 21.9694736221518
45.1002457739053 27.247400865576
66.9246686198098 35.7276008162332
42.4897648338847 62.4919783270544
66.1606880858852 78.5251445722146
50.776360296314 39.0981082877504
58.5584948759669 68.1210685645594
48.3816222517353 59.9739007464616
45.3090285043569 49.28895041783
61.7984827740523 53.8227489268172
43.778317035897 66.3511918593277
49.0448573819451 47.9892871961841
49.2944042139775 58.5602183670338
66.2120291902229 30.8163337590507
57.8177847808213 69.5775660646509
51.2210390757154 25.0373411284407
46.2812718544419 24.1256469590631
55.6881743431123 16.6183824080129
55.3090489333461 33.650982506699
60.405128114779 45.6721545746127
46.9058025286497 50.7985355091788
59.0202036643542 65.1121122167132
51.6571246928623 56.9841742302348
56.0581014266138 44.062928615053
44.31647778116 47.0416159762969
55.2622755062477 57.4663168439073
53.4968552223908 28.8638275805293
49.5272956240288 21.6230848948636
55.9550744162412 73.9768260053217
56.3278421116878 38.361814976669
42.5705449910059 70.0305741493434
36.4245213023674 51.6886340218534
52.2270416186842 68.4236153120516
43.1088196231907 69.6619950314723
47.4744935376443 34.3771679772649
50.8801614182961 45.6725357835503
46.4384218857383 27.8170948333546
50.4540212355012 47.581177233147
58.6489687355011 52.6169674311303
34.7507465207454 51.1387489571724
66.3497445054872 63.3376030164234
61.1360917592796 58.1069650039379
48.3325967383076 49.8606660017712
34.7068219995743 76.6761326638207
51.6909640160995 67.3044527574905
37.205977767937 35.7072473190685
56.7255729405797 43.5177385336257
46.4955042796525 51.6379863184167
48.5020005279899 72.6850449028613
64.9351621004065 49.1121510511128
44.6765540751685 50.5851740624903
54.9894770874227 64.6858959306723
34.0071323935838 28.641461074322
33.3275443111794 27.9847273525335
50.5253828507427 55.4315394623485
52.0126071854456 63.0890407613772
44.2169284983181 49.6166916511674
46.3660768170894 69.7979085079029
46.0301487199281 49.5281717756225
53.1181791004813 45.8424759834906
52.1465175429514 47.4762887614606
49.151023135933 64.5533339821529
39.8362164345457 34.9129645230036
60.0985670814475 37.3402758261584
31.992587399235 50.6639494862949
45.2215830911367 27.2629013043997
52.1496459641662 61.7823624973727
48.0392964850591 37.9401756208895
56.378218700488 47.3650113249132
45.1312965008296 18.5509014611394
56.8175728022435 92.7039165081807
57.5280657073956 66.9444306000497
27.9166548558809 54.274198499226
49.5639933056236 58.2081739259794
51.7365865795643 42.9727292233795
42.0307174300099 34.6115975987672
44.6335708336381 36.7091904460312
50.5909400828976 61.9060964943211
33.5084103272527 31.6447763746934
53.610560117359 61.7155412111134
49.6562172201038 70.7963741260814
41.0454705966928 57.5342095769542
46.2041850131725 54.6964338968158
52.0194007227952 57.674827392329
54.4673730243453 49.0416015411713
61.6482363551937 34.2806332707347
44.2645199391351 49.4703570944839
43.9158107048765 54.1172311528629
52.4307631486318 44.8516888423569
40.1472749294757 45.0548670877598
58.0035426504237 48.8988648229422
43.7835492412147 76.8553378378614
61.8594750568562 58.5779207283751
42.5595714502713 51.6888566333998
49.1372523838496 69.5770549187401
43.1833342560629 42.3706094595766
36.1089039494227 46.6114261532281
56.8339274700016 36.2414213403731
55.9135329365445 45.5880346577204
58.1558188671009 66.8429870167762
50.7308831169804 55.6307197028189
39.7071304741485 71.025300318816
40.023912502151 32.5915795583
60.2990962850114 33.2400683773498
41.9399208871479 27.7515484691184
48.9429360086787 46.6369695461576
51.58168226093 54.1718774571963
48.5648974446175 53.2315794035302
68.3333629776266 34.9795182542723
45.1232991730911 39.1456335344023
37.3072877733805 72.5926646757563
32.5828631597425 29.738395231737
54.3075465804999 47.1140627425627
39.1592177541886 75.4351893158219
55.5120834976743 39.2565170963877
42.175104375117 53.9392000140134
46.3764429735951 82.6409070224077
37.4966695217517 65.4882972925498
46.9473826085177 51.8965056351656
48.8703976208999 59.8872706244958
41.2694321053597 40.7640452820338
46.6275413133152 50.2139268979229
49.4073104451425 55.2403348892576
49.8830681252166 75.493092444722
49.133789959406 30.5201708620998
40.0302601294654 62.4783200792769
49.8666721919504 45.4044639937553
47.5362112949785 37.1488576867019
40.2649564857654 37.5306732044538
60.0143073631545 67.169639507866
48.223793296581 45.6567946019653
46.8067054067585 52.9312369914623
58.8763232305788 72.645612574804
49.7155493697851 38.618782219493
37.0504338672788 73.8274364500832
42.7578670247018 38.3443557735867
61.9121525362242 23.1370704814952
52.6562845263522 51.033633706627
60.6814313537466 46.7962349689731
66.0384840781304 49.5053172785837
54.2730119426021 29.6084171563156
49.0686914294501 58.8300274933803
55.365518631042 83.2793699655459
50.3505152677373 70.9413383657406
60.0140418682639 41.1345333623221
39.5377284058433 60.7784728671903
29.8554428898869 34.6525084619286
50.0249761019311 61.4078505862328
54.2518996548311 67.9447842002574
64.0896468933491 36.6389194819017
50.8568648315769 50.9312686542025
54.0565568812374 56.0738557478327
54.4394179368238 38.3670544058029
51.8172217390389 45.0577107424164
45.1595656847422 32.2712675411869
49.3642695926378 57.0951530452552
56.5950923396229 58.5034337940846
46.4648640311426 69.7463044028744
61.2118076739824 70.9270150509309
39.5963770267307 68.8802447494427
57.2298742428365 69.9338450214147
67.0589527945848 52.0978415930604
49.9005849346264 30.0027724460205
