51.7749888421634 51.0145986081641
50.1998953245082 49.3700174674868
49.0339906749829 50.2382325524312
49.938130041873 50.8820029277168
51.377736640127 49.397890213445
52.2573454937873 49.0992801756773
49.6549264460701 50.5831756588715
52.1644079304776 52.1264118563664
50.0482836901702 48.8994382335186
50.2038870012528 49.4352536448661
49.2248363080826 49.7216991157544
48.2484050955283 51.3246933293327
49.6009121680936 49.6614805037446
48.5381625551321 51.1476266313848
49.9061233187642 50.2789484403741
50.5633620445529 48.9681965573493
47.3506088660036 49.5686646054289
49.8777102987866 51.2595728998709
50.8504809139561 50.7813184993104
50.6739762355714 50.425320909483
49.6960513636053 47.9127398609146
49.8688406925676 49.3869150952416
48.4902826162857 50.7796088933557
50.2651680339222 49.5791831815351
48.9615002134529 50.1490642318011
50.0900759545662 49.7018338907587
49.7772540828665 50.7030958856843
51.4660474331174 47.9540919683286
49.9052432674621 48.7951009164263
50.0771594825757 50.5339898225941
51.2284620453477 49.4199169475808
48.8991533533602 50.0971213321008
51.1303282679399 52.0297823481852
50.2700043120241 49.300035881811
48.6979511602254 48.972104431981
49.7472572187243 51.5969756097079
50.1948262738648 49.8340939145326
49.5456239943312 48.973984886
51.8592615792161 51.5611681279292
50.4117293698001 50.8862438430154
50.3895992753919 48.7358971962474
48.5988538807683 48.7257688958663
50.6158131884317 49.8551340812748
49.8729857747155 51.7624980449848
51.4210916012014 49.3796383572421
50.3976081407118 49.3303424040614
50.4050556449671 48.7683806394885
49.5001967730681 49.7113106880465
48.6138994151199 47.2158091584864
50.4322862949947 49.5653846007002
50.0988574571239 53.1326904327001
50.690539037195 50.328928965224
49.468004504743 50.9713203401399
51.6883912076025 47.0477432923945
49.383602976992 50.3823061068757
48.9371815512765 51.7675485781008
50.4532417949619 48.7334777803263
48.7880128098194 49.6849987154516
50.4565543981376 50.834643403148
49.3931399075913 49.1561615508275
48.7730604258659 47.9581206289545
48.8148444547882 50.1944714565585
49.0292750474138 49.5442629710105
50.4097255219414 50.695664269333
50.458555071306 49.8089583077167
49.4530091115281 51.1931797640622
50.708981184304 49.3039957311419
49.1846741872056 49.7324833184373
49.515273054839 51.574528981179
50.8614067619756 50.7894177927377
48.8497567779084 50.5130355858292
49.6356203506569 50.9075973087942
50.5214899244885 49.8607115471758
49.4088630262918 50.1320727141172
49.674117435767 49.7522406995742
51.3690368873955 50.3554048491497
48.6316762575176 47.8953742150949
50.8340034983038 51.0018842106307
52.2025304018371 49.7417319946292
50.7949596180771 51.0784756082568
50.3837452412721 49.818257657044
49.2752605258326 48.8180616060236
48.6682060252581 51.0212521912876
49.6619210785393 50.6653512997883
51.5334745015665 49.7147556367049
51.6378783215734 51.1393823480401
52.3156834178753 49.5158597039608
50.1723470372345 50.9742350933363
49.8453077787837 50.020615881986
49.6664429491649 51.2078341534276
49.3331715116094 49.4751222595977
50.2519580547159 50.0533230846197
50.3979138275819 50.4826682015468
49.4602359940123 50.0246341859189
50.734590779162 49.871379517798
49.3248041302001 50.2702378482688
50.4299283073467 50.0695537309417
49.0159260767973 49.8811098051097
49.824426789245 49.3545051431464
49.8482637573377 50.2069496479767
51.1530303220603 51.0923813698831
49.2046240078551 50.3292991279048
52.7270238141777 50.1663364759365
50.213263524673 50.0394091433448
49.4117608572452 48.0571751927032
49.6812723855739 49.0938970584878
49.8306607481819 50.364951224804
50.2207860316701 50.4960806636414
47.9613613482569 50.0381460670423
50.1189962456057 49.5173441834397
49.7079317339906 49.019507797973
50.1444980517796 47.570942366749
50.4296010798257 48.5827770660515
50.2335391269732 49.741872581173
50.7938723761629 51.1467816441524
51.2161241231449 50.012546239845
49.8834088069966 50.393206546317
49.1479067305902 51.3113185047003
48.306304663956 51.6264219176747
49.8406653966536 51.9615037011382
50.1990472931072 50.8565361244078
49.4284438581725 51.1255444116084
49.6216318008494 49.6927822742801
49.2565852089849 51.4065637124445
51.5383044863679 50.1190233013601
50.7925413298309 49.1566300431887
50.7658918001153 50.5704007823057
50.4757808023769 50.3091766621795
49.1127971709169 50.9128372878915
48.8239148283209 49.7826843730193
50.2296584140668 48.6183325327217
50.4521782929013 48.9949029302642
50.3929298093764 50.5183371111255
50.5899062347807 51.9062797698411
50.8352604287807 50.8000205733017
49.4873551984085 50.1928170699678
50.128134148606 49.8291262800133
50.3387517130191 48.4376955610509
48.4312253187807 51.8619633496249
50.2161199896633 50.0522204200182
50.7750096951183 51.2135288813736
50.1708411205976 49.6436731408426
50.3398362748973 49.9695174270956
50.3906369553269 51.4838713407556
49.8859793616262 49.1450353785024
48.7607882141217 51.3963399911301
49.6377770471148 49.0069803961105
50.5256370087295 48.9016400016299
49.8431862559863 51.2441061792555
48.467492037208 49.4367197873206
49.3913596593684 51.2498101236664
49.1456940259408 48.0259618701086
50.2016390563694 50.5880462289986
50.4956058090028 48.8351523025123
49.2534785104368 49.0024574828203
48.6201223973891 48.6666608179761
50.6128361952062 49.8101634929551
50.2430550354903 49.1665521856699
51.5089809325208 50.1397993530611
49.6117809039547 51.0881061352315
50.1679775947219 50.7119516023949
51.4839419778478 51.9809053262494
50.8021290863432 48.3937913922572
49.3395327430774 51.0777833804089
49.1637340048348 50.5325199032089
48.9515869463856 51.4011056414755
50.1820301523815 48.8688962928117
48.9154000611066 49.4731564784939
49.2572187296745 50.9600301031258
51.0751627990564 49.0137278913841
50.8266505608483 48.0427836018262
50.6113263751491 48.805407384917
49.4832165530619 51.0910570290376
49.0934487100326 49.9384404423032
50.2583420556283 50.2022344472744
49.0793462805191 50.2828134013392
50.3583007733094 49.7515520953483
50.0700908183971 49.4178409799925
48.1582122831907 50.1798554870772
49.0187664631232 48.6964463059768
48.7315665241712 49.4140130103601
50.7624409008767 51.2542573202067
50.4285086956992 52.4602075448776
50.6518816332749 50.7297871015137
51.9653055445764 50.5991511966741
52.2437578935075 49.9074569760962
49.6879675714756 48.740432433297
50.4160460895274 50.855393333096
48.3809748984497 51.0491655949236
49.9572387049132 50.1532453875664
49.5148587656618 50.5255485832243
50.0600970331369 50.0031896126463
48.4047889179489 51.2439650883312
51.5488509409063 49.6572906714033
49.7422866996684 50.3492201720973
48.5956525154465 51.2530265495519
48.8941537996463 49.0955584992625
49.2760971358508 48.4424421263172
51.5084541439526 48.7928000877636
49.6487429126678 50.0675546639143
47.4659667904509 51.0600978451108
49.5476812534116 48.9015272004627
48.4495933591107 49.0228767185358
48.6957015759682 51.2250788639394
51.0559632267183 50.7533471184047
48.1465305210905 47.8780701143093
48.7427451277067 50.5047228001995
49.6024549581898 50.1230094420346
51.3250600763843 50.2479690657585
49.8085893230753 51.3855638225912
50.0673013215224 50.7139516303843
51.2612454879828 49.613159678811
51.0994500248051 50.3108925122898
50.1661686779605 52.5817135188002
48.4360719269385 51.160078648951
50.6571652062404 48.5457336868398
50.0430833458653 50.1386477871978
49.54544851812 48.5687636988286
50.5724001992861 49.0870572300245
50.5695854112396 49.3791054806825
50.8876484760658 50.1268473870363
50.3866195769764 50.978765062608
50.7022286970967 49.7994224737817
49.1865168993518 50.7276026682694
49.7106378316378 50.3785098622216
51.6665278986703 49.3564150259086
50.9287357837128 50.1475261490697
49.0478959989908 49.8840646889525
49.5091934912802 49.6598035319064
51.1471679907753 49.6039999077977
51.0475765535617 50.7636325427182
51.1679688266492 50.3798391944892
50.441771139427 50.0579515168029
48.7476477521648 48.595394947241
50.1727943202133 51.7301194050181
51.0158139528769 50.1155672319135
51.0945741553849 50.6358432498285
50.6954943685812 50.4653031165063
50.8295411892044 48.5459254176169
48.6523576093746 50.1000789815344
51.782991233675 50.3164081937804
48.8516332957878 51.3621361354004
49.8188600850858 49.2229214735658
48.8488791693834 48.3444211970851
51.3463245155558 50.640303757002
50.3403975708681 50.0258430998471
49.381815675555 49.7411158076594
51.1673391527453 50.1984606194145
49.8002204694966 51.0666805714185
50.5453100578759 49.8046998030081
50.6867862711438 50.0858500306338
51.1935796744911 52.3451201411738
51.4451732174943 49.8818813867275
50.5789324368807 49.65087750756
50.2509177213317 49.366517746198
48.5993227020311 48.9510198147202
49.0149335067139 50.1187575352736
50.1142303333265 52.0734235780652
49.6283568000905 50.4243973285264
49.6174875725232 49.1167333266972
49.6067652679381 47.3035996567784
50.1865446646997 51.0799757411924
51.4320373417431 49.1641875512847
49.3025382239351 50.7648967971123
49.7985541703776 50.9242847015116
49.1920873976725 49.2317457650136
49.4881429737572 51.2038600854827
49.5514418113509 48.6091219247607
50.5427289909903 47.4932479421236
50.4848382179273 50.8259932681924
51.381307547914 50.71376052066
50.4606857846191 50.1355801896676
50.8358961360932 50.0920029760636
50.2278030031306 49.2663131480261
50.1495208795842 49.7406250742616
50.1582202368286 51.6107562598873
50.8197477233264 48.9591295527143
51.9940715455501 49.3180291223762
50.385599182522 51.1335292202421
50.6729043684539 50.2457131989008
49.3175138570696 51.2847626902058
48.7268633910416 48.5657875550514
48.910328215683 49.6665358281841
50.3551646328873 49.2841999523636
51.1720380173144 49.840812505745
50.9267401083979 49.5376485626947
49.6615095533799 49.3300622316104
50.0160105858541 48.2274827203136
51.7071303056034 50.7546723825181
48.791346356736 50.2760008203537
50.7787732110136 51.2851098051643
50.7153819296564 50.161117581409
49.6067263914272 51.1983753138871
52.567307493051 50.3216798699148
51.1667256114066 49.963980148868
51.504172474333 51.9289836233403
48.4261032158479 50.3960966423877
48.4660930924859 49.6315756778601
49.5900775172753 50.2331608262357
50.2013976300938 50.2650489966281
49.4995082309188 48.4407718900247
49.2687090772767 50.7331814416921
49.1000030943722 50.1662323989456
49.5280792931375 50.1620699372507
48.5938262640452 50.0461971466682
50.0034908178097 49.0311430769462
48.0419651237855 50.757679204873
50.5162075411569 51.1672173280225
49.9965604517782 50.0131904523598
50.7291323344795 49.4646166078051
48.6900710000857 50.761035055949
52.4004519383431 47.5329002896418
49.0432686231719 50.8487003614324
50.9923005231145 49.5282043775609
47.8268468687331 50.4679055159362
50.3068300047905 51.4753847813846
49.4234205773217 49.9130836946308
49.9014018195119 50.6071542978916
49.072074012629 50.7897207223279
47.6643530677584 50.8497080973833
50.2454250088407 50.7054985137505
50.1055461651154 50.2689561623931
50.3346945525242 48.6411412212265
52.1745292680592 49.5373776281488
49.3043885104285 49.3152924488258
50.9349022115135 50.127826226324
49.2244557794469 51.2208816974448
49.7585835112004 47.9098488517921
48.6251459379578 49.4435278686862
49.8654789301802 49.2627178361478
50.8947471927393 50.1258678465623
49.3689224043486 50.9819846771056
50.9228643397373 49.2380184620285
53.1260228862053 49.4897721494131
51.0735900227981 52.0711621988796
51.0068810415691 48.2174745028103
49.700511553653 47.3866210003004
51.1838079816891 49.845660181749
48.7668683589229 50.4463059782322
51.4802142175883 49.9597470280647
49.2168309654488 49.0441591664193
49.3872473192769 49.0629685141307
48.9791280277941 48.4551263900718
49.8853148829658 50.3643564907268
50.614859388083 48.3109631410138
50.5134710878684 49.5019868842058
50.2105053209854 49.316791346263
50.0595598708265 48.2778094347371
50.3564261547851 49.8562310592489
48.9352613838906 48.4955628806164
50.4298796276945 51.0655030929908
51.9279391532158 50.2916940031872
49.5382775265259 49.4780691863322
51.2377168763639 48.1355884614567
50.9400298224814 47.9848168022932
50.4349689041725 51.3112411442042
50.0609546084191 50.038970309008
49.2389009431335 49.1546589530323
49.0569037501523 50.4157642635479
49.0084265010858 49.2766293818534
50.5470955563518 49.1528681306803
49.0080780433365 48.6579547053799
51.4104590092434 50.2617102713376
50.9504693001298 51.5701471553699
47.957247330003 51.2865356274253
50.0411009710768 50.4284369384264
50.4795544992219 50.7927147097262
51.0601909527375 50.0715473067915
50.5936540967616 50.2890989547345
51.6616058346271 48.9287066347002
50.7427905671896 49.72451926947
49.2084893351624 50.4735248322805
51.1226358482343 52.1307678938786
50.7422690059363 50.4687175475392
49.0834392624801 48.982761246519
48.7675382408087 48.3376721871341
49.2892809893188 51.4870977183318
48.0359127305783 48.4401909974194
48.246687549482 51.1758072220612
51.587843558049 50.792288131527
49.8447142758008 49.4606166919085
50.8293364701762 49.6473149146427
49.106861763128 49.7495792671996
49.2767973270057 50.7632887861995
48.269919657491 50.1879964443879
49.9876799288121 50.2097284125561
50.9141645308165 49.5250631552166
51.7889541631952 48.2455863798266
49.9820056208671 50.8999295782539
49.2607177775512 50.5000143474364
49.0515107233497 49.8800717518169
51.2444119927431 49.5883355619391
52.605826574887 49.6370127191158
50.5710330983438 49.5645365961716
49.5886291729438 50.5865114581277
49.8807885346262 50.2083005098874
50.1173900694418 50.799958570623
49.3257636216744 50.8646774968835
50.3326265440354 49.81815891835
50.3449680351696 49.6066857003402
