49.5768869834366 52.0809120956363
51.3000214652855 51.7519448632208
50.554270601982 50.4038914661938
51.1842746503071 50.3272496951632
50.2799327243321 49.0600557295972
48.8183145408777 50.7928482572595
49.3665971937887 51.1292600289555
49.9636512538702 51.1112225891069
51.4471016221413 49.794448674579
49.7574471837649 50.8734606323803
50.8513089120792 50.1808662562414
51.03539377425 50.394844141644
50.9216791757684 49.8557714471903
50.6980897375156 48.7719703075559
51.9510332110029 49.2690624706816
50.0481298154321 48.7696520913486
50.3623579194989 49.1245255271099
49.133455395994 48.4250261954092
49.2430533657362 49.1530495659355
50.6998403760714 50.3785025807652
51.567059012314 51.2520623799547
49.2495338009725 50.2982022870459
50.6445962616784 49.9840731428075
51.4193316734852 48.9428114434653
50.2345648021591 49.0788901411937
49.1081594099932 50.5339502898714
50.2702850368595 50.6864585483256
50.8294209394678 49.2864127410627
51.0784608985749 49.2027437934558
47.7861146731603 47.7178915090068
48.4538675073549 50.0346680423291
50.2728801298568 50.4048454276974
49.6473024022135 50.1903703536824
52.6232536725391 50.1352649283555
50.5981027685494 49.0862836934343
50.3442981098728 48.2255596703577
50.4786368075274 50.5260486699733
49.2832126677427 49.1788217601252
48.4244897440431 51.7415935566165
49.0695592472112 48.9551214009926
50.1810514298753 50.0024881883063
50.1265181303333 50.8499916119884
51.1016703816035 51.4717928755208
49.8975012258178 50.630479482405
48.811821874149 50.6905103240877
51.6142033538824 47.8156867921852
49.7569135501001 51.9428534743954
48.2481460524001 49.747313490683
50.7418259223325 48.7730550636453
50.2863642809572 49.6400087256777
49.6776089009938 48.9249457303764
50.7897201970228 49.7334743719531
48.7888378839836 49.7513229796565
49.0059648771226 51.2673852344822
51.8396956710261 49.6188145075414
50.192140061594 49.9411111764673
49.1929632944451 48.3251235656569
48.7074704928314 48.4747834059556
49.835653591776 50.9759215068447
50.0556181645691 49.3771693614043
49.4254970238303 47.594842603302
49.9672938458954 50.923525470323
49.6523241209127 50.1218348108466
48.850368116915 51.3236815078565
49.5867664869091 50.2824080727241
50.4984619521823 50.5306155909597
50.8539952293007 48.8822241559128
49.9160011722634 50.5888917626201
50.077236969902 49.5871921241386
49.9442189540819 51.2486366396523
49.2509980470705 51.1475140187581
49.0497874225304 49.8176970377191
49.7780035139265 50.475379364106
51.1817295418981 50.0558141181793
49.1351990359154 50.2332519134589
52.6047711648289 52.2143150830101
50.0043486620536 49.7488048607328
48.576896770124 50.4709533535647
50.1029441345389 50.6407192229324
51.1054330826701 51.1838712980097
48.8154562670502 48.4980342422261
50.6391444796174 51.0710388064237
51.3338659416715 50.1304922593357
50.2186167983594 49.0260544653554
50.6294188390158 49.6521064929447
50.0414239378128 51.1040831167155
48.8822390880909 49.8326163062526
50.7989124987296 48.9550489256427
51.1860141838764 48.682587853397
48.4355108447996 51.0119680640928
48.7450107754018 50.3455206891842
49.5434938338221 49.0602139809973
49.8963319106629 50.9318000063503
50.3181129555815 49.3158342367569
49.6523189913159 51.185236931751
50.1943306363161 49.443990246236
48.8428255840241 51.1800222640313
48.8948029071707 49.2213172415759
49.4205583865041 50.2158363999709
48.1192127162856 48.754801552772
49.5470259670655 49.4669668768617
50.4099351467417 50.6513173955379
51.1384028114358 48.0305095235576
50.5510046087313 51.2359125454564
47.581964436279 49.2119620677681
51.3246425736818 49.1283825977259
50.9405516169088 48.705528362061
50.8675556745515 48.0693678445143
49.5423793232908 50.5035421333231
48.5918290590859 48.0142634017599
49.472896396825 50.0718673784665
51.7689095310467 48.2746070390056
50.0650360566707 50.0500612402707
49.1552616279308 50.8352626816249
50.4809451386032 49.9378720136093
50.7306835999382 50.4353824344559
50.2140768673561 50.0616770717918
49.3574552501885 50.2736334079352
48.6555422424327 49.4977474941494
49.9554110701639 51.8154305834284
50.1958109658767 48.8167715318633
50.4628862257367 51.2561396607705
50.7615842656232 52.3722789558731
49.1482982565348 50.1796553032013
49.2053863032744 48.3787040054777
49.8690029929686 48.268395869036
50.6499158094811 52.3307281210689
48.6429937985073 48.0426524354726
50.9085673002284 49.3738832268237
48.2902069847654 48.8556890363466
49.175727936477 49.4451255381215
51.1261644327244 49.3853146247756
49.572239694464 49.2977566659961
51.5332953423947 50.9477095865301
50.09045645744 49.9427069531587
49.6364870421427 49.9725346569574
50.8994200091522 49.0563015111698
49.7673196288605 48.3225677788525
50.7533252801618 48.1762907720978
50.7084669112511 47.4826375487208
50.2318946634132 51.3713691359725
50.6458841020952 49.4852889961717
51.1625062770518 51.0354250089185
50.0882129105841 48.7591842145934
50.3262965456016 50.2593778170754
49.9438976736115 50.6752378518582
50.1281884334121 50.4827157360565
48.5466516670404 49.464069595679
51.1735341942137 49.8473841538565
49.8924863884453 51.2721325677456
49.7783629670374 51.2116614426414
49.9742322846338 48.4516086681155
48.1726998481229 51.4581572897401
52.1564695283686 48.0424626041296
48.7445415623368 50.8307779482676
50.3554688219382 49.4364691600812
49.2204142515234 50.4139798828944
51.2800463902041 48.7499913970668
50.4656022883685 50.6985397476275
49.4507176388674 50.4286110220147
49.4726288052363 50.2253960570127
48.6393259247085 49.5742047005168
50.6106988515963 49.9221995680729
49.0972864353704 49.9174978185649
50.75076122508 47.8563379865151
50.7934133233813 50.0572495403379
50.5208312807657 51.4365609364645
50.2520697209942 49.5678640601461
50.2507519998279 49.8258844132217
51.9980768303675 52.4472245152419
50.5799079989243 51.9904902660044
49.9410393915251 51.0416723664398
49.3819303485681 49.5835999796557
49.0497248726261 51.3653068724978
51.3117921309962 49.7952225795328
48.6407176565412 48.6901106825489
50.1721696553756 51.1077525941152
49.3729780537381 51.7493418401532
49.8517975275593 50.0597410631201
50.2214283143318 51.9485807532345
50.6452067197619 49.9078389680681
49.6881766189327 49.2648053652982
50.9949746673481 48.1538124169533
50.1771197599487 50.1361970227205
49.801145136102 51.7437582243637
50.1899391513354 48.6777394690331
50.4161536455752 50.6154088402563
51.6017162693781 50.8344445891632
51.2294278922004 49.1996160833714
50.0376112956196 49.2124950151894
48.8739388432141 50.4005464869352
50.5754664975336 49.4490399897402
48.053134054477 49.0987947813136
50.9710761726399 50.9268591736631
48.6360693492371 48.7531652341822
51.3970705028074 50.5270061408848
51.2680919323687 50.4583848729893
50.2187642955972 49.74398747097
49.2827208382116 50.3983113200386
49.005414677992 48.5495477366784
50.7700247828394 50.5263244838401
50.384619468985 50.03803761267
50.1954307088782 50.1276793730164
48.624615075262 49.7205750829829
50.9766512974364 50.8711419766678
50.5507335840833 50.3856929094876
51.4927179367734 49.2257496095751
49.0461427783939 49.7397293284547
49.5044042225882 49.750819684686
50.1511196113154 50.6308772628258
49.5403530505026 50.5517593280233
49.7547782732444 50.7840349114215
50.0422615067168 49.6895132005193
50.5584711423673 50.0606165673822
50.6254828283393 51.0266190570568
50.5292646901642 50.8902360473527
50.3706186985123 48.6689872169065
49.2561052622426 49.4744076825142
49.9178315716609 50.1720921576604
50.2120752519801 50.2941080871903
49.6446838582335 48.7469286938377
49.6424388104629 48.8652736022474
51.2596620697205 51.2203682678944
48.6396515915095 48.8393144925514
51.2973634250585 48.6537041442128
48.5697907574949 48.482028875579
49.5363213280102 49.1726104937536
50.554518752179 49.0810211130458
51.8567854127092 51.1751888823032
49.4578543964654 49.7001236306012
48.4189821258135 49.4789385282711
51.3396189578337 50.6508135828628
51.5301719661105 48.4310272908607
50.5039947815558 47.9561713292498
50.0143905736589 49.3568917260086
48.080371845294 50.1475198788148
51.7329741293284 51.277698063815
49.1223271301437 52.5822167541633
48.0121812457771 51.3932300361987
49.5143321329465 48.5762503425889
48.9735441667862 49.5057988019922
49.2394767913847 50.3679744073524
53.1094303149736 50.562122860123
51.1667409076663 51.0420672588449
49.1948456329978 49.1958079537421
50.2307639773526 50.7071709141056
50.3976758028507 49.8509389868362
48.5307042042212 48.7508474570309
49.9391376795975 49.9130045204838
48.7335345408458 48.9535569996067
50.2251863179563 49.0640308689201
49.5403001320481 49.217298601754
47.8920750903953 49.045219123633
48.765829476708 50.5824864113406
49.1589817506647 48.0940188049751
51.4020974914831 52.1100575971497
49.6288263612849 49.1252497820242
50.4179427709165 50.3376574180427
48.3598579703678 49.8928188867388
50.1398333412315 49.181866710726
49.2022780218822 50.6004615664343
50.4356675359247 51.555573829604
48.9291327190689 49.97823631291
51.0936238389861 48.4772438571929
51.5159544951918 51.3101216621232
50.4347623791589 49.3394827973688
49.3997781003364 50.0476912819904
50.6677057793642 49.2281592628441
48.3194112670871 50.5620938453923
50.1297306074947 50.7118086064033
49.5980881639627 48.1335270005368
51.661007955652 50.0039768306718
49.0703829209537 49.2762170619282
49.7176481215588 51.6109078340568
49.3452166739949 51.4971482809955
49.1081997036787 48.7313181241376
49.48313426837 50.5422784485577
49.4968328398943 50.2841018291943
50.5932552511173 48.9109969231899
49.020162155609 51.3075303335403
48.5871611639926 49.8822606097195
49.1836964607829 49.4429413698576
49.8848795570694 49.2343259324905
49.5302323511951 49.7597122188028
49.8672801295092 50.1591871421769
49.3777003548566 50.2604695856604
48.7541074061545 49.0673287668257
51.6851235605336 50.2575696330035
49.4102450217567 50.1173991376492
50.1773371530864 48.6274542922128
50.0199068996487 49.2697310572045
50.9145270292011 51.0876751672744
49.6417901158251 51.9085637620516
50.7521174850692 50.2048321364852
50.2930449611548 50.4249161863396
50.1741582303934 50.2058249543703
52.5929743803233 50.287193541435
49.1868791303289 50.5585674404141
51.0245702237818 49.0007326052603
50.6296459464827 50.16962766837
51.1301754165653 51.3281616872141
49.2549193396338 49.8265989000721
51.3775418263925 49.8275778964351
51.4616456676095 51.6137407865079
48.3218316630186 50.553344422145
50.2350787288484 50.0024211305037
50.6721640094742 49.391639373145
50.0165164510661 48.7164219104372
51.3011316089705 50.4852929983696
49.4209382929148 48.2641002366146
50.5908574138604 49.577496758116
51.3552265100283 50.7583801317208
50.9769321270788 49.843007171468
48.1483068922166 48.7512312886969
52.504479714186 50.9188914579545
51.3033401354905 50.039460139126
48.6669477363891 49.3382079244159
48.9151873732972 50.1442239227225
50.6199953467761 49.3365138617568
49.4997341324365 50.0975442571899
50.3219817680563 48.6601511457699
49.8443122077042 50.7332782822849
49.5135139575542 50.3123547797736
49.1019994226823 48.4062838780228
50.8167367712058 48.5196849686871
48.6844966958341 51.7720964376096
50.56303320458 51.5509856417708
50.0220815986399 51.4566014591557
51.2242987969026 47.7147225471941
50.7568046471819 49.5620360464283
47.5395347549975 49.8358872636917
50.790790087824 49.2443127942136
49.7456244578354 49.7549990650198
49.7234203945047 49.8005179345416
50.9992308879827 47.8876738179729
50.0168868077622 50.1429246210865
49.27608039391 48.6425404655161
51.3172752464529 48.7743105778352
49.6161060028882 50.0770578011933
50.9985587335537 48.7863202962272
49.8661152044005 50.0015437306074
49.3122113118459 51.1458343569185
49.7994232868632 50.1097064845546
48.8572038228837 50.1997307597892
49.4488722145156 49.9537502599323
50.7403370638817 51.1572091055588
50.0682304621332 50.753628265852
50.6029371313854 49.4094412792123
50.8871057442891 50.4215949839732
50.36776984746 50.3088245535394
50.6959990267397 49.8193130447627
49.8336353219629 51.530886441136
49.070435113029 50.1060252500026
49.7656145702867 50.4021766768657
49.7380043547865 50.8691555101917
50.1877101644316 49.1831419472234
49.9297992133147 50.707575640358
50.2672388951335 49.5037186458812
49.5684831136927 48.0009671720571
50.430599842866 51.7056935832386
49.923687820091 51.6308559865623
51.4438839776173 50.0584901587897
49.3486590711083 50.476213369218
50.0047713059164 49.6786640403546
49.9657039899023 49.0816709495432
47.7294957909849 49.0495449204036
50.0960623320718 50.1115365887458
50.64856845819 49.8722329929255
50.1294899006969 50.0629868340238
48.1105719509085 51.2577677245925
51.6156058781319 51.0046707055876
48.4640413627175 48.6852313880448
51.187782537558 50.1843153257495
49.8383370638597 49.6949928778436
49.5609566479486 50.1172382810933
50.5475985732864 49.8746263310534
50.6783886411906 50.7890754853981
51.1204803610827 51.0292917210965
49.4205098347208 49.7287957510788
49.4921332254136 50.043757922984
48.9974843031676 51.6085766954708
50.4178339890193 51.4141225496516
50.125429343988 50.6300660520686
50.2728427271097 49.5054194734069
48.7265111843934 49.8730601793993
52.1063459188322 48.318137924181
51.486526113179 50.5049772492928
47.4212583073689 50.0375819860988
49.7702430375849 50.3694300080093
50.5848981645685 48.832005439064
49.1714213872217 49.4806895913145
49.8771442823586 51.3358660042932
49.8452039700641 49.3203793588647
48.8209866495682 51.1459473211098
49.6799795878566 49.7047385229337
49.2731582755282 49.6228741821143
51.7072141138246 49.6306839742318
51.076378046562 51.7762832606529
50.8585512235709 50.1294384044762
50.1652904384261 47.3802528761362
