51.9257626959025 49.6665261785231
48.231397684493 50.1460342312398
49.9247521002079 49.7294037796719
50.0222448889904 49.1823076665189
51.2754120498044 50.7429288949822
49.5220358446064 49.5711666976671
49.6410922383591 48.6102250801746
49.6193215801468 47.5805201332648
49.3865482756568 51.5073668658111
49.8144809329186 48.7507148179533
51.519960347807 52.1870462481714
51.1216052491838 51.2238789893362
51.4496548596495 49.3100598140201
49.6958890397825 50.4511184306673
50.9217970796141 47.8841515634376
49.359422385171 50.2523164619888
50.6159603231969 49.8505769325757
51.8340697322993 48.7270497220327
50.110978135766 49.5664814705076
48.7627108364535 50.8438403559411
49.0451019246053 48.5961513257896
49.5184112518287 50.5483123949353
50.455953708006 49.2523442740282
46.7871634675505 48.0841440770353
49.7118545962057 50.8072313599907
49.2008425929676 51.060678849498
48.4364892331422 48.2524285739913
49.1227421477977 49.2627066633875
48.9693223303018 49.6814846518016
51.4179221114852 48.9407271893243
50.0440862612269 49.5772896090638
49.0738051879624 50.0639434720667
50.4395026124496 47.7121216003154
49.9759770303098 48.5781307202948
50.4329587698805 50.0774964009205
49.2247660295397 49.0304904022716
48.1441954574341 50.5886079760959
49.1783116227004 49.9423021264744
50.2069193190927 49.7403730461852
51.1359682807417 49.5959200411647
50.0906071348131 51.2364686338355
48.3310394068668 49.0476173025085
49.5692343637707 48.9348751672377
49.7848695950797 52.0062578209819
51.6688302623083 48.5830864440029
50.5336335502164 50.22824407325
50.0135146486936 50.5408615801407
49.508293760755 50.0692986847409
50.2090176593212 48.7432417220188
48.7916810791609 49.704729036837
51.4690201708741 49.6933837671492
49.6782234329736 49.632029309566
50.0889757099715 49.6363752664899
50.7642147804274 50.4338802772252
50.9428579672637 51.2913114391988
50.6621643429974 50.6412456059337
48.6923842882933 49.478377246792
50.6274206414551 49.8901400393926
51.4271842822057 49.4763600502296
49.7873509706964 48.965381026716
50.2369192941452 50.3553952843037
49.9323912878638 51.3124722763277
50.1793561084638 51.3190090149273
51.6959706345012 50.6815068551011
50.3862309534818 50.6888584397716
49.5521688747904 49.8789235536707
50.5182364000536 49.9461482616298
50.1099047747335 52.6864541298563
49.9099696007295 49.1962665261961
51.2637507723051 49.692109194837
52.3928286284672 50.6609834518767
50.2364634578182 49.963601391048
49.3330622559799 48.7844437616873
51.1045283448218 47.9813401346117
50.1562764280485 51.6989743587541
50.4918164032466 50.9222980399324
50.9018939909621 51.2530072549168
50.0524622238731 48.9484889081123
50.6345792343066 49.8200440662936
50.9224878830971 47.5751400689482
51.0975720005425 50.070478043071
50.5436494511797 49.7000794537495
49.8360357719137 50.7594595516313
50.1222796742804 49.4293360861162
49.1719188660331 49.6259635183768
50.1218252474633 48.7297780776849
49.5830295785802 51.4703531900612
50.6431376335668 51.2764722540369
49.7603202169675 48.7817957308272
50.6327938964671 51.1183768091552
49.2087652654938 48.968428487261
50.9989792500163 49.5510951506812
49.525895560794 49.6616327386937
48.0226170296148 49.2664608806109
51.4424707060195 50.446159965223
49.8850217570921 49.6989135329749
51.1787005114732 50.0026426078104
50.9801380693392 48.905491671855
51.4847598577774 50.7794874086221
50.3150498648932 49.5423129490364
47.9577361979336 51.4873119861713
52.3172591246986 49.7257050475618
50.671745762187 49.7321011496597
49.7234124088588 49.8514471010156
49.16724233627 51.6800280665262
49.3791158422294 49.2269507892919
49.8942007880999 48.6355190271442
51.7330873223011 50.2369220414659
50.0913489579648 49.9797185702302
50.6345247092611 49.1002944287347
48.4507844049422 51.3748873326943
48.8645950899518 51.1497546156333
49.5171007949494 51.8379518378298
49.8769881157252 49.0577166258095
49.4784736618422 47.976171936069
50.9798354698618 51.9414097951669
48.1670173376099 51.0633813447353
50.53284101001 48.0349626735636
48.7843288376316 50.2706951070975
50.4910854143014 49.5864058445904
49.4069422850431 50.1180312899675
50.3265184991097 50.737452810059
51.3905615574817 50.1469791261862
51.4988854226341 50.3625965268618
51.7374114500176 50.665605672324
49.1627707735241 51.6090744336535
50.8002249133624 50.1255898190942
50.4695318663161 49.7483196995831
49.1719755465336 47.9519207556691
48.5378648161677 49.46732614526
50.9985661769256 48.332148307746
49.6866005197516 51.0456214051202
50.4504114267631 47.6659923721702
50.9423465080025 49.5908693447863
50.8607552380372 50.2850859569167
50.9805688477566 50.2122943865532
51.1170228522834 51.0132227077313
52.1090025426208 49.3418220662649
50.0707244213787 49.6824386294346
49.4543344304048 49.4725111580234
49.6548190093647 50.2114344047547
50.3674104464441 47.9824643150306
50.3341703727997 49.8846814373494
50.3566690967282 49.0692268955757
48.5883972078225 49.6241903395137
50.5528948825065 52.2083297147746
49.6188112814507 50.9978256407311
48.0127322038304 50.7845462699907
49.6672935683717 48.2351468768002
51.2188310354025 48.4852226001992
50.3415186240474 48.8561701720188
51.3031043852016 50.452447758988
48.9079802823725 49.2412633787164
50.6521046822164 50.8136941385083
51.0452393447093 50.4581914760928
50.3958971087549 50.746961839801
49.1815447899835 49.6078422571033
50.1371452757378 49.6163751907602
50.8926591386168 49.3416649648124
51.1387095119334 50.7115988024561
50.2330217413416 50.9869723929603
48.7769781225056 49.3534083160456
49.428027380585 51.3947858352959
50.7447446972298 50.8617257408593
49.7075489189723 48.1955794010068
49.847503255518 49.8248058109835
48.9334439117049 51.4826262477542
49.825235062714 50.3436770828146
50.7502525797584 50.3329683616256
47.7462434321384 51.42860184708
50.9742458060708 48.5437230829201
49.4505604980938 49.9209208909785
50.6183503538813 49.2073584042434
51.040794820124 50.0295583306308
48.8201690642334 49.905847239507
49.4201974405491 49.8353324925755
51.1199531712835 51.1365441396734
51.9156744518069 49.4547201069405
49.4807726797986 50.5832279857421
49.0148545967625 50.6986503203718
49.9544432977974 52.372612395173
48.8368207707165 49.2448695321324
50.003710814411 48.4105167625405
51.3711154641596 49.681535458916
50.2450966937205 48.9398923608368
51.0809359243247 50.4729857440137
49.960693600064 50.4989930762834
49.1819668949987 49.7711389965545
50.8763363385933 50.3336185621127
51.4538936550446 48.8786845803689
48.3628353922063 49.5480762145027
49.7582836766672 49.3132824797319
50.4052564128622 49.8536485065616
51.1101738290082 50.2422579758436
50.3780900157206 49.6974991659287
48.9556516588517 49.7600790674801
50.0449707530023 48.5514650964986
50.5419653207145 50.8318491410066
49.8863844609076 51.2356825478961
50.6437600674954 49.2073412967694
50.4702075033291 50.7320518941406
50.6499168481117 51.1181037195979
50.9890182601479 50.3972066162351
49.4048415750276 48.101160657718
50.8283932042518 49.7634273893907
50.6138639237428 50.0980691069901
48.6629021245486 49.1251349306818
50.7925853961877 50.2497855694449
50.5808840292004 49.5239276264037
49.0439194057305 50.574818661627
49.9549916947211 49.0830378755239
51.0114762071238 49.0124998203518
48.7246673801367 50.6566910685738
50.7086629217476 48.5770120558266
49.7690178557565 51.1105061901175
50.3982450501646 50.2267078150485
49.9988749614019 51.6590425137903
51.0135184661025 50.5750500311889
49.3739856036802 48.7019594013582
49.7289168750653 48.7459278894263
49.8639837037973 48.3619231500957
50.2686076168196 49.7657211268196
50.939886296005 49.3650640943095
49.0205427673244 49.95962313976
50.0241382356565 49.8198575828751
49.679018155538 49.7743667360687
50.0114433162661 49.8894478876296
49.5083173726889 51.8259466950405
50.6411706188805 48.1166641191027
50.586558707545 49.2234495821504
50.6654546293379 51.5100096382665
52.5084741542256 48.4895857539593
48.7736187891522 51.4702816502254
50.0802404953751 51.6161422464943
51.3164811224918 48.5247416939272
50.040207193017 51.1151855286358
51.1866461502271 48.7367332355535
48.4216737540865 49.9655920723744
49.890515369465 47.9746327292176
49.5063589333578 51.8710507124622
48.009619284714 50.4919222709749
49.7129991699731 51.3507891032185
50.8745842663599 48.3419990611352
51.1805216425885 48.87290941374
50.7387115985307 50.7041126919957
52.1461498472993 50.3723889306795
50.0584444683602 50.0700698337835
51.678225638764 49.8660105075574
49.4330943213707 49.2093003551741
50.3036859209525 48.8270857415744
50.1196691052436 51.3599293767547
47.5242594900011 50.1517472163908
48.8770142575727 51.482843200985
50.982736189873 49.5843023896289
48.3138312962399 47.9299634293838
51.1474065320831 49.4258047068995
49.2077542767957 50.5499424537341
50.5119956178636 49.5508704747398
49.8229303277194 48.9686313639637
50.4454096719893 51.8205415860198
50.5278989877043 50.7669543003586
48.1603628401938 49.9677353898723
49.4479382796816 48.529595511599
48.5842479399555 49.4971887918248
50.6558711666838 49.8259514694221
50.646785118439 49.3817621055127
49.6505314994222 49.3249652664272
49.6784977019502 47.5141188527717
48.7549623602225 49.7098218926564
49.7155710778707 49.6792237979337
50.3024109795541 50.1618565971634
49.9188192571698 52.3701478109982
48.3130988980188 49.4765429889287
49.4147008440344 50.1658677417066
50.7675794528887 50.0290772204537
50.4077429198673 49.3271453144176
49.9269878929028 48.6183112325139
51.2945444142554 49.2448603538736
49.9114007236037 50.2198117770955
50.3946602528948 50.178108479418
50.1077833626915 51.3388488855685
51.1187737195533 48.7463137912096
51.8840499769489 49.2494249944462
49.460611317153 50.2933532279322
50.746066951234 49.7246563485646
51.2048308159449 51.292464370366
49.5832064674346 49.7063901484101
50.2940573765695 50.5290668208805
49.2182338094113 50.589139795441
49.1436533286237 49.8164207840531
50.648588504824 50.7255807651227
48.7322501953458 49.780734923402
51.5449295426641 49.9891752453404
50.8715538219661 49.7903326470243
50.0210525488918 50.2297480190895
48.1173612866632 48.3290723406272
49.7486281072395 47.9761581719095
47.931854967542 49.9293677905342
50.9313063110035 50.4831483680139
47.5258554018895 51.0836325545386
46.8463736582645 51.0607071970802
48.4147470432181 49.3188739520973
49.9108799261447 50.8097084124821
50.1143022995764 49.4384839415209
49.8167661861408 51.0268555433556
49.3444681952877 50.3547069583401
47.8461003406446 49.6123790854071
50.0049158744397 50.2360183717834
49.6973923148265 49.5302954643172
48.832429103377 49.916124692813
48.7557832662033 50.1605378101641
48.9424130912307 50.9230080952702
49.3017151822382 48.2177237602123
50.0962208392132 50.6886586855656
48.8211874042726 49.7664027632076
50.6815113758778 49.3147028510877
49.6749479701619 48.7221382551947
49.5844010328094 50.8989595904823
50.215447908971 51.0693235883075
49.5440274905797 49.6624811014416
51.2974204604726 48.6487013247924
50.5808064708889 49.7144875480788
49.4465482198199 51.5412822888296
50.0170207961975 52.1038828246306
50.1523857965362 48.9831388451101
50.5020752211103 48.6822749540026
50.5971120905065 50.6464302723238
47.8474037877925 51.7442294949789
50.5017619685869 50.8101926978046
47.625931655251 49.0547379016376
49.236142440648 48.6453433754871
49.4399708206776 47.5951264508053
49.4148692280875 49.72494849894
48.6792422426497 47.0857527954426
50.5290031419484 49.776431915094
49.5793362081314 51.5087869830145
49.0630224707509 49.9631623467946
50.2741918595816 51.0280933384867
51.4109294124276 50.3802689373717
49.1550474884712 48.8591225354175
49.9459158511679 48.4012029451121
49.6447425973071 49.6643436557827
51.3914618080876 49.8979872551988
50.8771313764799 50.7966007682464
49.4400121063184 51.9042052545066
49.5360582880991 49.5554899849557
49.4334547317599 49.3869389706612
49.5378467388891 50.4394754679366
49.7383000982485 49.984515789202
49.7334779644589 49.8398752341954
51.5286643378551 51.3964884330791
51.0146157947542 51.0621072954114
49.3061210433418 52.5947534784726
49.7792640133177 49.9465959282471
48.5405774016661 50.28256909869
47.5780861344328 49.6815504439929
50.7448740432375 49.0427816901096
52.3534724942665 47.4802971147376
50.1078845881477 50.4289505244169
48.526345082022 51.5462751757234
50.2884048337283 49.8542654574322
49.0680366500299 50.0867876738458
49.6693841863052 49.5474057761316
49.9869796049743 49.0198825422669
49.5773779732343 49.0094294024181
50.6871626195049 49.8457469660197
49.8553107663438 50.9399828250353
51.6721150436654 50.1172091418784
51.5840202773733 50.6360494951706
50.3561351430681 51.5311748522919
49.3708065414747 50.9409279747064
50.5014760270633 50.4227013047966
50.1940591855865 51.0834117508639
48.2746623675877 50.1559103201951
48.568812644319 50.3123592554528
49.5782873224281 51.4406925293376
49.8817296445068 51.4911671451806
50.6064118503399 47.8409918889806
47.3338102114121 49.8588299608888
48.846008096334 49.7669716122962
49.1035816917489 50.9991370900512
51.172884031868 50.8875707381367
48.7802002938337 48.8818084271609
51.4438691977135 50.9707688751639
50.8820687354077 50.2344472472681
49.1801326699955 50.6800753556955
52.8896088104206 49.1448567602445
50.2301492752279 51.5857564088613
50.8918439592012 51.7093140476861
50.636678031118 50.6511649802285
50.7356664105187 51.4558781893815
48.7924131690764 49.583527409954
50.0688916943325 48.5618757669377
50.3684003263835 49.8277152436057
50.0588606618329 48.4232324295909
51.6577234691563 49.7014535895156
51.4796969349192 49.9405449340252
50.1602753790067 50.6042220259219
50.0749526658534 49.9434820480407
49.5981237519945 49.3333266258812
