49.3263521654213 51.347359694523
50.8013586028422 51.2004783847947
50.4110869505924 49.9541084253766
50.3920718034359 50.4274775701993
50.1197864265561 51.1484409867909
49.3994789037267 51.142443956206
52.6415518792565 47.5926196514123
48.1621112666554 51.333014410954
50.7688132975673 48.5945927955207
49.2211782643219 51.0230254389295
48.5719413781577 48.09872977418
51.1871496992648 48.8667759341538
49.6607582172861 51.9840319950261
50.6915938058489 50.1853389537697
49.9841411866776 50.2782072412756
50.8177698265823 48.1726137648841
50.2492384485152 49.0083038228096
49.0548281721134 49.0272757468987
50.1975083643651 50.3281809067447
50.8326513591491 49.8710726772047
49.7379176168353 48.9508866669392
49.1188820328417 48.2809248347988
50.2350623554456 50.7431540428207
49.026883135951 50.019501300784
51.4817907236181 47.5010736504867
48.7480948915967 50.0420464138475
50.9868111290053 50.1666437130254
50.2344223016417 52.216658400104
47.5667371904436 50.858563914906
50.6875390876962 50.6192978200515
50.4992206551939 49.0494927798162
49.0150217572681 50.9960376955609
50.5402310594635 49.9867037276047
49.5888545958206 50.0240698974464
49.514403469464 50.250489029503
49.8705027081305 48.4569033557922
49.7889656493468 48.3701076375287
49.7141523089845 52.5730915375933
50.0172291506693 49.6033060381964
51.8493772084655 49.8009593835361
49.0056895373981 49.2895932497863
49.8914021262087 48.8547498304232
48.9998656713207 50.601198348164
50.3949319936809 51.1410855576294
48.8913865107132 48.1324369513838
48.7726617265593 49.1495717329588
50.7835845629508 50.9187677715157
50.3867561757929 50.3522530583889
48.7385886838049 48.9259076646369
50.7554573350846 50.9821848675947
51.0462386256241 49.4155740364862
50.6535876231762 49.8941913881054
48.9103623900936 49.787875866755
49.5332886903669 49.5348487548309
51.0818530008471 49.2149725209331
50.9490445748988 48.833266996155
51.3851556280222 48.8748449687265
49.0365910364293 49.289187253387
48.4367464669565 50.8884526426297
49.7478473284596 50.8081945313063
50.2471253809201 50.2914403730395
49.591445756844 51.7328911041428
48.6466022594272 50.6017631372668
49.3929706127123 48.3996792103447
47.9999068792182 49.7914055727698
50.9777946050278 48.6278670595182
48.9675192480414 49.3900449473837
50.6996614037447 49.5374534456683
50.5305749652031 50.2313250574097
51.1994362550931 51.3534129799729
48.577047554098 50.8999169770279
48.8661237257753 49.7006318824027
51.5300822321204 50.1622302813115
50.369787843312 48.790088533186
49.9585820025286 50.7439026253314
48.6180257163339 51.8091292766633
51.0830777405697 50.5322177520241
50.7278137562758 49.6498207241545
49.4477417095945 50.9584191717075
50.0900447405707 50.5393510764761
49.641161864029 51.5209497199065
51.4117514901201 48.1484609956782
50.7956261386883 49.6792804543728
49.8493978924362 48.5661833812138
48.8830416660255 48.787807290385
51.1042841794488 48.0863682918169
49.6887462772226 50.6063674891535
48.7734302531523 50.8583097111455
48.9817883749266 49.6990060622834
50.5258318824179 49.4160534577592
48.4356292744074 49.7817196680873
50.6969390048654 51.5617909824211
48.7420131842262 51.5862056970868
48.5092747792651 48.0932412921827
48.7173597948484 50.2423373871152
49.395175119114 49.3739499386301
49.2618303360103 49.7780445693386
50.8022273472908 49.0512385226082
52.7583009421126 50.6978739049016
49.8970640392308 51.1322957585469
49.9594269327467 49.6399238065704
52.29334076853 50.0201385217875
50.0620222904673 50.9731035938861
50.0379881300723 51.6914613046565
48.1684108457422 48.1309089561785
50.1491175439126 50.1539020283133
49.0596596017404 51.8502859638758
46.8587254072582 49.9110197927537
49.5788930821426 51.1665500132129
50.135844137131 49.2509464032711
51.1990417626133 49.0420590350582
49.9594993221853 48.204498446924
49.9220895711157 48.9183479776353
49.7674105899708 48.275888637886
50.6553374078699 50.4615282429119
50.151576890758 51.2152525597877
48.5551361183877 48.8893194681384
51.0984771807092 49.7762618809525
48.2098366157103 50.5566819147942
49.9070639377288 49.6930445871996
51.3380543061497 50.1248282728893
49.1784643457747 48.9341252225109
50.0644107060241 48.0696945400905
50.2409226230861 48.7066675133178
49.3603707508562 49.3260316714165
51.3035122967077 49.9143175348575
49.2574905603933 50.7697182427426
51.5600098173613 52.1548371638946
51.5674626078447 50.2486924674806
51.5100699088194 49.7732117734257
50.6736828330946 51.1751502468965
49.9195728714588 49.6503381172244
49.950340544814 50.6223742958129
51.4635389616484 49.752143934392
49.6178939545907 49.9398758107415
49.5646521978229 50.3429469361766
49.1552450933754 49.9858933937379
49.5481020715148 50.0816249346883
51.2513985707911 51.7836545803004
49.9613824612075 51.5779295203787
50.6348289789954 50.3255284754894
51.115381215207 50.2241721932593
51.4211035389405 50.1551649793038
50.7839294360326 48.9617718528741
48.6721561031359 50.037969822693
50.8589625656488 48.6476095933729
50.9424347182589 49.390307569997
50.43700424105 51.3412680628097
48.8901596288162 50.8448462796911
50.6137901631927 49.6636255800953
49.5716635587521 50.5160692623318
51.7933023559211 51.4234549414968
49.8205367301537 48.4174377645913
50.7146854051006 50.0925081337814
50.3570441793243 50.2715630505932
50.2388246455143 49.3048791679627
48.5168154983758 47.8164842781561
49.992246340073 51.7647132699463
52.054476734248 52.5717008452944
49.775445780103 48.6175953936056
50.2030024109213 49.226713727344
49.7640638236258 49.2733623279009
50.5017304210289 48.1279271732457
50.2208424168727 50.0932214945275
49.9568475815328 50.265396485228
48.2395163391806 51.4831113315242
49.935806592456 50.3454575065613
50.5493636123065 49.6964085869493
51.2703657886685 50.2341863042329
50.2793024414355 50.3416742137046
50.4437983440628 52.0176338847092
49.6360179409001 49.0995649039824
50.179437035245 50.4261626367515
49.6287754113213 49.3578041992659
47.9306026250404 50.629698306813
49.4679921019436 50.2534259643841
48.6271090100758 50.8794202683695
50.3790698658637 50.7115848543969
50.5137618525339 51.087551125175
50.3260037118531 50.0038314856731
49.4735170208635 50.8852431611658
49.0018534593448 51.3175805212715
50.7978776650562 50.0863235619556
49.522638433171 51.8998932247695
49.8594681843448 48.3783919039977
50.2802822595505 50.6319135406189
50.7129128765201 50.0711903325178
50.6300187015508 50.2646248644071
48.6708735137095 50.2390069957753
50.5090010008553 48.5203035732993
49.4356210089058 49.9988734698195
49.9210914688554 50.5519991995507
49.0648863913242 48.9741207852333
48.6982023320857 48.6677199622
48.5393130479205 50.7983219937347
49.5187430888571 49.0189747372069
49.4458435171019 49.0272412021491
48.8951240151128 49.4035225630855
50.1140815203963 52.1044761488205
49.9698853805061 51.2596116573996
50.5288008974006 50.9987895159376
49.634677544191 49.2228177712383
47.3825282180839 49.7046779143659
49.9001092009119 49.7126142767221
48.8153177446216 50.0207413938904
49.043051513908 48.4033920295306
50.945400453331 50.1338808457437
50.7817810371349 50.4372714518325
47.7170772875133 47.8023761376916
49.773635272673 50.8093150528808
51.6439963914604 49.8483685412176
50.0265187273654 50.4281062037955
49.6782835114584 48.7966167834703
49.2729863931822 48.6646024663228
50.285268328579 48.514395515193
50.0909235552326 50.9922951841228
48.6833126939389 49.249599797718
52.7163227539829 50.5364521281061
50.5456856813364 48.5756197153469
50.2377953317061 50.6149260800424
50.6575901949459 50.2983707706559
50.037266964477 52.3146418974712
49.5709565123342 51.5115739789117
49.373295631476 50.489976615303
49.750916194563 48.971657950789
49.6901191938385 51.6453606709925
50.6773805580937 51.0451937360569
48.0917870678596 49.2315461700229
50.3370445927212 50.0031720900562
50.4529658134097 50.5852880445187
49.9925181138307 50.4473122933048
50.9366146213396 50.3263644421096
50.1123594021968 48.9090273404227
49.8746572341785 49.1734957038291
50.0096160628936 50.4830098196369
49.0768739200176 50.0439656344599
50.5112547434154 51.0462290688694
50.542762543394 48.9777264415881
49.9238096172379 48.5052052385543
49.427741546915 50.657459205903
50.1103650111455 48.0061439417217
50.6876205535502 48.8702805696115
50.1911862903375 49.0041961512105
50.4636167372089 48.999903847146
50.5797963696526 49.6685569264317
49.2520998868169 49.0467524233914
51.1182345399487 49.273820901409
51.0811954297302 49.4963743383228
49.9900608702784 51.0488343202643
48.3984238781849 50.4372825627869
49.8797896819569 52.1685400189829
50.6574698496649 50.7559932135621
49.9966507623004 49.637939068658
50.9361145348191 49.329265064695
51.988921603917 50.5080463937468
48.0649368784718 49.2359662870005
50.047067198003 48.9813161729369
49.4399238738612 48.0023523274773
49.3714333202364 49.3617874702585
48.8691120519102 50.0370160167061
50.7740091255221 50.6224100395682
51.019127662193 49.8397297594136
50.8779941259345 50.1342114084324
49.5072345442432 49.2402043766188
51.482993451659 47.5720583928255
49.8030576717688 49.1716603164568
48.9215495471639 49.5068740454635
50.6649739133329 50.3533806063147
50.5992397435274 50.9037168115253
49.0498424013628 50.8771963914782
51.5106754960306 50.2913952853229
48.6531378884819 50.0530269566006
48.8561030405489 48.0437643320529
50.1686143959708 51.0256126474584
47.1162086822756 50.5945947688306
50.3713167570959 50.4905284046781
49.9980281790683 51.5017403370721
50.4219916471316 50.2529920567542
51.8378010762325 49.3179881955105
50.2724757611398 50.0192481064892
50.3530111119018 49.7118905533396
51.1607359876443 51.2165772805073
49.6598845991007 48.8075096665781
51.1804170950941 50.1253138943921
48.6346943982473 50.0759970823737
51.8525287149375 48.1985740123207
50.4288910078427 50.1061069704472
49.7887787357622 54.4958709803618
50.0998917172288 51.885635791304
50.9177218341027 49.4946087973017
49.4180417584947 48.7582609621745
50.5566574818776 49.1565786767334
50.9057078467481 50.7306597453522
50.8082957046761 49.597452479821
51.0334600116091 50.7054514377685
48.364474708387 50.7999819070134
50.6996041940805 49.715650732928
48.4051088866293 48.1885024315408
50.3319117524063 51.5585634787015
49.1547345485974 50.1629334332088
50.4725841564684 48.8220671948575
50.9192562426782 48.7233269104452
50.2781003698683 48.1207341106194
50.1259089909078 51.3936645864518
49.712111173208 48.9545645526572
49.3967954214442 48.6433664059579
50.2754431136755 49.9755528735071
49.8123961236109 49.6954326325618
50.6179202566917 50.0818193205202
49.3972666828035 50.8637936417119
49.7293856726082 48.812106392885
50.2114337562828 50.8151040384987
49.9115244605801 49.7334086260644
50.6859510804394 48.970361725968
51.9159127555435 50.5915197795192
49.5174408153765 50.7068714728774
51.2097435631435 50.9240304886555
50.0045761684137 51.2456339416292
49.8182168857675 50.0778108273953
49.9280886825809 50.0479887823806
50.8953854781357 49.4557999410233
51.219105303702 49.2606581283114
49.941897293128 51.9977883840558
51.2678377740732 50.2658073708643
51.0636638437492 50.5628194365738
51.3774983719522 49.9522383920351
49.951204133325 49.0103228087631
50.7354309094526 50.5484907468558
49.8116594548729 49.9725954445126
48.681561080495 49.7839906622492
52.0826603619104 48.9314118232763
50.357081359029 50.128306707335
51.2927214930823 48.9127089089431
50.7136134490672 52.130462041043
50.1581172238365 49.5274925878589
49.8579719674659 52.2430753112131
50.4239531040353 50.3650557746798
51.6746137387622 50.4391649983437
50.0636435799621 49.4284337380012
50.5276533502708 49.7160306442073
49.250739949454 49.9897250832654
49.6751516549091 50.007226775351
48.9435674778226 48.6824671084146
50.5737211634833 49.9658670112138
48.8236501743315 51.4999234859851
48.5399814372544 50.9376226649844
51.6371493682019 49.4195024313437
49.5731694831834 50.6780695185743
49.0164785290519 50.9014442210598
50.6836887621603 50.9376864402065
50.6075007920847 51.1050589034821
49.9198238177707 49.4458333685924
50.2579319711521 49.9976473786005
50.3119176046868 49.3094310690401
50.235110083526 50.7071258278468
49.6039013823356 50.2636805174506
50.2533769361006 48.2204314103781
49.7755918125551 48.2801379814742
50.2735224285775 51.9325770378648
47.9021965950477 51.6063298784513
50.5205168406194 50.316708315392
48.0411916642444 51.432979665233
50.7153053272172 50.0480816336966
50.759863894205 50.5813279066308
49.2933500030034 49.2009467580315
51.0886140957476 51.1242657362655
51.0338721150213 51.6589402824479
50.0492703325548 49.0660647593725
50.4764754992515 49.2946138422358
50.1076731621199 50.7350143232453
51.5014113724166 50.6472698774089
49.2756482345005 50.9930156606199
49.8292506896466 51.0229718594824
49.5985857433281 49.0548443771214
47.8759270659713 49.2290126800843
51.3182143443641 49.4424207312589
48.6731963117774 51.796680365073
51.2918182517404 50.4626459121493
49.6161362169976 50.6999123172027
48.9561563124813 49.7522295753481
51.0288510005143 49.533238932092
50.1718594224275 48.8555525210586
50.8691854001431 51.8201423313381
53.2504626897667 49.1516811039564
48.9206201014089 47.7658418041487
49.0771956798316 49.9462626159569
49.7131489062013 50.3179751536675
49.9062543604393 48.7033536429983
51.1313149349863 50.792280381429
49.7845851585041 49.1647923339803
50.9860687513316 50.4989235375308
51.8929009459894 48.646373118969
51.0003251392415 48.7595867578845
50.8093973964596 50.7520806361059
50.0055623047729 49.5973854126754
49.4740791654077 49.162297509254
50.9715927389092 50.3636915910274
50.7525243997251 49.5881459386062
48.5659658188684 50.1648250288511
49.1706026673844 50.7042856742993
