50.4346147996165 50.9990782296161
49.4535644616131 48.785826368225
50.5838382132095 49.5570395828026
48.785341498515 48.2858819330684
51.615159110323 50.1123380529271
50.1838654970631 50.4362121273453
48.3843780122344 49.1804418128746
50.1244459451426 49.1459562137574
49.079971559557 49.0706921740922
49.7105987290719 49.5509613916797
50.0677354294926 49.1916794993131
49.7194866146868 48.0557073839901
50.5613715036394 50.7863885169528
50.8420195997033 49.831530269956
50.6477865066782 52.2729037930843
48.3265541604816 51.8186312815796
50.8228964372511 50.2707996753403
50.1703968239302 48.9695707397865
49.6379589445981 49.9973345031017
49.4848244053828 49.9153456762278
49.9674183504368 48.5408844453412
52.1344443981884 50.3200668103508
49.2655448478182 50.948474252488
48.1068011560818 51.0545447116717
49.978851517783 48.1685084549291
49.7837696794886 48.3439280738805
48.340106349033 48.6557204053756
50.5830158559127 49.5230032906307
50.0494247705731 48.6968773707536
51.615099064479 48.4093732000417
49.575459393007 49.0239790167054
50.4576424763284 50.274834266268
48.1942613309619 48.9051262344815
51.5561358349175 49.2600133057064
51.0871269001385 49.4549625588318
50.3649681024277 50.5384167698738
48.2885128702951 50.5477175821622
50.4591200252305 50.1810785933079
50.5796007921572 48.7272201809621
48.4801856124763 49.6376727424423
49.2867710971713 48.4290370083476
48.7773639612215 51.070219571868
48.6244301889048 50.3136394512386
48.9857976112893 49.982362301255
50.1557195240079 52.0748770228508
49.0982069018624 49.9307153658388
48.6579809783071 49.4752344059946
50.225961559276 51.0538167342932
50.1269163237859 49.5154983397738
49.4697809697824 51.472259335393
50.2303228114467 50.9070920872346
49.1377130310012 52.0484636839267
48.4494584611572 49.4997382683293
50.8942716510609 50.4959102004466
51.6470401009225 49.6565704195349
49.2803530764405 49.500503517531
51.0359256083 50.5394367587986
50.6253848289685 49.5649178940588
51.4511738995235 49.7715249101314
49.2284283170952 47.6667659605049
49.0896675625879 50.8037771090596
51.0737800318889 49.6016578041876
49.8821139225 49.4414983947691
50.3635689041944 50.7609854180202
51.222610256378 50.6533261069607
50.9225614336423 50.3445185252102
51.2852632124039 51.100255825401
48.3502225772397 50.065635685272
50.1134803452687 48.0109687342979
49.7586511911725 50.5846060218166
50.3384448384912 50.7418926844565
50.5249768815878 50.8310698244818
49.0180510596091 50.7853704473314
49.0482141686079 50.2166960915632
50.063042102738 50.0697576424628
49.4031793461947 49.8532556154767
48.8957472051379 52.3516626964479
50.0442527752439 49.4120219671248
51.1162087587681 50.8293401781217
49.350421868459 50.1602696263525
48.505388181709 50.4324907438825
48.3296847783569 52.175160696058
49.2276620967782 49.5909791069585
52.1674665357382 51.6314243209731
49.9500716573278 50.4862950191137
49.815971419067 48.5179387514678
48.5551570215058 49.6426962421043
48.5512387560942 47.9523679835301
49.5571351783967 50.2176803081867
49.1650847882183 49.5528054140141
50.7473990661274 48.9811485006527
48.8222516476109 49.6261873146289
50.7131084693145 48.5789962407843
49.0898429013068 49.5180589995068
48.9303618006457 49.7004416126843
50.3993664780834 51.4995038574902
50.7988499333148 49.8140907652774
48.8990225556185 48.7464305209878
51.2454912977156 49.6380418306644
49.7621163089703 50.8821110802557
50.1416208166281 50.8854807523793
49.7819096225291 49.9432484297825
49.5081486731384 49.6707589049564
48.6910160268727 50.8232988807941
49.8682840600639 51.3176103307874
50.7085081542993 50.3388826997823
48.6029740057782 49.0575965886888
48.7764519175439 52.5094242869977
50.4666298426656 48.4938863319374
49.8759801516619 50.0769148959069
51.0706075558253 50.9446213413661
50.0740780872029 47.7406166812833
50.5867001319027 50.595832867549
50.9488259889914 51.3068988207261
48.4997137952607 50.132900669728
49.4104633438251 51.3172291099753
49.6493086157822 49.5936075606684
49.7668809259668 49.6791869979886
47.4656592215751 51.5421599594671
50.542791536672 50.8814285783811
51.2719775970658 49.3689626289482
51.3153554156284 50.7710848655474
50.3357307779309 49.694435776014
48.6000660570198 47.801521947213
50.0653631732899 49.5751058096454
47.3517705124451 48.1776433970878
51.7655947459101 51.1552539084859
50.0822996037253 50.7617370305824
49.2023343835659 51.119503062339
50.2447841006137 49.5734359889031
50.1930110657811 52.6395080485385
49.775270264438 50.4856500297698
48.8731022105444 48.4500568418192
49.5053317332179 49.3068693166186
50.0327505410333 51.2980044258253
51.0874018340697 49.5307609660055
48.3607805350853 51.2605906817013
50.1092473434248 50.9802899932358
51.9719106476298 50.5493230831485
48.6672721258129 49.696748656033
50.4418703067173 51.3838017294774
51.2690507678514 49.9569339372809
48.3185186967405 48.9578525374737
50.8515959680178 49.8025247459617
50.9400488094973 49.3057491390005
48.3276394568413 50.3955128743098
49.0946252632443 48.4450989892007
50.5486204870787 49.4754117027097
49.1267684940134 48.7093327050036
50.6723234665524 51.7810485658272
50.9768937240971 50.5946818933076
49.6266338214303 49.9502647022015
51.0138846699387 48.9492431963797
49.7046335734886 49.4155296198035
48.1303267688705 49.6951160210495
51.4193493454525 51.3838824401125
51.2876143577989 49.2176345442801
49.0531290464523 49.8650850992546
49.0559605996057 49.5937080240325
49.5821480063301 49.4179693021808
51.0815772088099 48.8130862752855
50.0908271923557 50.6474767380993
50.9655425392644 50.0336117385268
49.3161432659804 49.9370328738337
50.1175846946394 49.5935736818511
50.451215426655 49.2871345252946
50.409094593442 49.9185442941228
47.4182567066568 49.6995685087359
49.4792567375068 48.6868139080203
51.0513433079032 49.9984379955341
49.5149395751847 49.3148924769791
50.6440566690778 49.9885625283597
50.8074515028396 51.0211895167323
50.4644280136103 49.6545147720264
48.8903731135876 50.7453371998467
49.8619198334239 48.6863825629178
50.4378784951411 48.5331068393298
50.3046423469883 49.7807919607976
50.7048684174795 50.1739217985255
51.2168137297467 51.608498036786
49.2417289592411 51.4520418035298
49.5469213069349 50.4920160301281
51.2328487183767 51.7014882408428
49.0062368034576 49.2343486059688
49.3700682766863 49.1391517544256
50.7050141012714 47.8933600586593
51.3159270586509 49.132975575194
51.1744090365216 50.2229414072402
50.8120224757239 49.3529539197829
48.5597061154458 50.0559374069663
50.326411457187 48.5993108446587
51.5455681075027 49.9133521502351
48.6840181335163 49.7521844493458
49.5792989842059 51.0600759048833
49.709181149779 49.7910894498933
48.3707318982713 48.9767906849792
50.8715284702459 47.2377303977448
50.3025123933548 51.1210826206779
51.3014751828265 48.6195237579408
50.7868397623279 52.1566504842827
49.8256859009505 50.210257985509
50.1796387699341 50.1672357291084
47.9434295568283 49.1805563072768
50.9404564584502 50.3081797013607
48.8195951368204 48.6781778727908
51.0084978123745 48.5619051271047
50.1909823554262 49.0786516494984
48.8259014541292 49.3733032168856
51.9293969697641 50.6062569401042
50.2992512501651 50.2256856188435
49.7507356809613 50.4965406330034
51.1779395627917 48.8116482288087
48.2871755321044 49.4637602168063
48.9221700895388 48.8606534002338
50.5692598612937 49.3017036900095
49.9666051557027 50.2098616210959
50.8703626310579 50.4256104266689
50.7790529751434 50.7285862008162
50.7168775559229 50.4669405567503
49.9582128607856 49.2007568872343
51.3152109963593 50.0792637311369
49.1425344877232 49.9601481378315
52.0288970948224 51.3127792727073
50.2801959392364 52.3815259547865
49.8384745212724 51.4868869089198
49.8206213501891 49.0398939593865
49.7550234728129 50.2442172575707
52.0189920181683 50.3144610490757
48.5628499937407 48.5670778281437
49.7396533548112 49.7246986285839
49.9563636486677 51.9029842681146
51.2899218601142 50.24153804823
51.0874919533384 50.7125132957791
49.3411078355719 50.3369556373095
51.0280772772448 49.6277291764238
49.7765783394307 50.0653771751825
50.1516594409458 50.4203997437655
49.3561114434891 50.1239304420152
49.9042262054895 49.6252333067042
48.3036316136201 47.6031277616426
50.6322816919135 50.7730460799095
50.2024939336405 50.3045077535376
47.278612839565 49.0638413875273
49.6464029096435 50.5076074951738
48.8093255894375 47.9242915890408
51.3652100168776 49.9342311375344
49.8823802884495 49.6150269477932
52.1341581056478 49.8242502497177
48.4463171568449 49.9414772734527
49.9309993056957 52.3194390899326
48.8392116937418 48.4525681856878
48.3035080956474 49.5791725595988
51.1888688905138 49.6745477866547
50.0664434273632 49.8412355470258
49.3381194673232 49.3977596643961
50.0462731725199 48.4140256474068
49.0017825370165 50.8245991074631
49.2684048778171 49.970527116938
51.4255197075646 50.2641412882209
50.2050362209066 50.1283183742903
50.6912228260416 50.497302918387
48.0908103157958 50.6353973061062
49.2636005923224 50.984971540806
50.6009579306975 50.4470937164925
50.8177513714117 50.3788974046935
49.5566045492051 49.7135065951618
49.3299594300107 50.1016877717453
50.3613364865023 51.0830213220939
49.4897115671023 48.3874672643264
50.7248778458248 47.3794864694749
50.9300050092009 49.7853125777023
48.7334131850508 49.4237732294948
51.5061433141553 49.6490882650483
50.200569760792 49.7090184411311
50.3516558731991 50.4625223315364
52.9537263388379 51.806194105786
49.6060049332987 50.288773177546
50.5114556972548 50.6170084971655
50.3810642645113 49.5345099459143
49.6044358411898 51.4623015409845
51.0832537694941 50.3796669873616
50.2198554016243 49.8915577198496
50.4700505082753 50.64373341878
48.9659351712923 50.2627513051371
48.4349160442495 49.0134676012487
50.0413264069974 49.8587294504736
50.2681806028559 51.1587311877137
48.7072087023579 49.8187666257684
49.8806362645544 51.2415546423166
50.566948016891 48.1306493540085
51.5988283877052 51.2635766726014
50.151835545243 50.0021674769634
49.1877997054591 50.1790464905146
50.8120910197485 50.0372556342664
49.8699439076585 49.6026872865778
50.5199944218769 49.1344382892821
49.9650572773428 49.6258298855339
48.4490344702632 50.5039664909937
47.9537408882285 48.4010987423776
49.7600146664067 51.7913578819078
50.5149814607417 49.8919226190325
50.8402237870506 50.8645444771169
51.0612817100519 49.0726106770545
49.1715263484396 48.5965965024398
49.5618455436795 49.5007303946228
49.6229504732379 50.3316263607286
51.0045667912205 48.7991872572107
50.7755225918987 48.5118541068566
51.9467672460113 50.9774516377865
50.9664939620905 49.8353330834743
49.7588717811091 50.2205030141415
50.3450552580316 50.1178420713376
50.6058942082778 50.4409414055146
50.9128174728704 50.0921069598405
49.3443063742932 49.9845091839319
49.8478711502214 49.9812064097124
50.3539832300189 48.9396417165508
50.7650876815717 49.3458372124275
49.8912917919067 48.9928942094422
48.9075707901073 49.8588634474872
47.9981674756611 51.0622228457506
48.9831340546453 47.7696031539863
51.5576899531783 49.9013075530982
49.2322853567294 49.8276350944866
50.0625259171376 48.6094799952291
49.1865505850418 50.8029853776711
50.2511228718389 50.7901715672809
49.8858216391243 50.388184014165
49.8593980100606 48.0402034356831
51.0162147470443 51.1125185543414
50.2276828511053 48.8735852804023
48.220192882471 49.3921846006428
50.3527072168946 50.3917431817229
48.5812949019419 48.1525775221517
49.2771804644041 49.8423919722728
48.6269779624013 49.5950275114144
49.2433609945303 48.8789365151684
51.0560550151922 50.8140868242457
51.6687020648342 50.4248152639553
48.5490126077339 50.0048101637512
50.1953410924799 50.4806039980183
48.9007583112999 51.8613129984953
49.5213862454586 49.3921585958831
48.6881619048132 49.8051933847125
50.4474691610366 51.006864918396
48.6521393870842 50.6493369419605
49.8808091542809 49.0638274869948
50.3036540813191 51.1092988031724
49.7308270399171 49.3616151160552
49.3608182583753 51.0090219270893
51.4193555032387 48.5251998998894
49.7787584731547 49.2707502087004
50.9427528261868 50.1069286253128
53.0677198796468 50.0312108000705
51.4931665515555 50.1364514643088
51.0452718698856 48.5107342601194
50.6708632201575 51.00502381347
51.5517662236559 49.1413529963475
51.0011340717969 49.9033749162379
50.1057149296151 51.6399958904996
50.3541019163575 50.0712941779148
48.6445994425693 48.877226208827
51.5088350607167 49.8492773710153
49.3215688484251 51.4688273964489
50.2154244052135 47.7107789019813
47.7631290226688 49.0137753271555
50.4240188165487 51.2777423700052
50.3330013512513 48.8921857272952
50.8606648903068 50.6525310720041
50.3606791060911 51.0718401230849
50.1566930243701 48.7447634415173
50.2632595170295 50.0774117263835
49.6669267549712 50.3280449612514
50.3830406785689 50.5074364787917
47.7535313560725 48.8678809642657
47.9119302550293 48.0661729937546
50.1913937092928 49.5424509941166
51.0139041229103 49.7037988207817
48.4848313657038 50.6869138200113
48.8439225633395 49.6949170760118
49.2165059782541 50.5893685003424
48.7739150608884 49.9068646302753
50.559815875884 49.2060608888687
49.9723183028246 48.4936102867915
50.4926869944039 48.0215414294636
51.8219247618215 50.0339435347768
51.4167675615337 48.5019205552866
50.423210765926 50.7459354523562
50.435037562526 49.2245358889763
49.5684855927323 51.1163792375678
50.9143962605052 50.2052149719771
49.9715416357048 52.5560168116342
48.9001968745344 50.7982129936702
49.4791705565909 49.2334884714486
49.5353336123217 48.9752580104408
49.3696963523525 51.0906856359168
48.4651248167005 51.4426550183968
51.1076142445674 50.8563456769433
48.5081956156845 51.2134245499452
48.9573604016901 51.8036712077928
