50.0717761045313 50.066632074643
49.4728469616722 50.7010077267031
50.7163848718634 48.3233327443636
51.0027592598584 49.0478356915583
50.4659569427523 49.8417299111473
51.1436192683191 50.8810062268029
48.9076918700543 50.1718891736553
48.4321465214465 48.7879160888118
49.5832729447822 52.0346636887088
49.4258688299007 48.9532118451433
48.6396933693662 48.5267424311034
49.6444353247727 51.6461935061963
49.8486050496849 51.1046820024273
48.8744401769411 50.9683337023547
49.1347429788765 50.929316098478
50.9170460247329 49.8287476781532
49.6006608145541 50.0611366805881
48.7006896427155 49.2575207503643
49.0642403158408 50.4351144448303
49.8091524879867 50.7288070446566
50.7736713345098 50.9730684443106
48.9496658058958 50.0052832712523
50.4383739916917 49.3451731293341
50.1888801128976 48.4104855484746
49.377876577912 48.892492075976
49.9580497278168 48.6826331225566
50.9621978704495 49.980253621365
49.5193297683463 51.1144369060276
48.5760736324561 50.7631064305054
50.6180512546331 50.7998223163267
48.754068588256 48.4969580292593
48.696213697649 50.7818274095458
49.6515955054428 50.9775552468529
50.7619620939307 50.6041155594249
49.3116026128863 49.8086770168981
49.9206037487863 49.1693332501056
49.6398289266694 50.3919023437836
50.6008686764554 49.3701511776672
49.4733242401755 50.6721081756801
48.9121393658517 49.9248936540471
50.8502598924124 51.2436960697101
50.1065825974563 49.3172379504235
49.6333986305842 49.57536804825
51.2013590058696 50.2020617292442
51.0618106753348 51.7728544244497
50.8986537139265 49.8400970018317
51.2546749076735 51.0429942275993
51.3121270805167 49.3533521931176
49.6565236141425 50.4069373941241
49.6713132645837 51.3677273908111
50.9626024776231 49.4295868547972
49.9702165884986 50.440579294952
51.6568965971754 47.7377931127733
49.9831730909065 49.5643131754524
50.3675579430816 50.8656560067095
51.8775475203881 50.705570113493
49.3071073420581 51.7323142698947
48.9278663393644 50.5785128491895
50.6844414938172 51.7571091075095
50.1061478372674 50.1073850544028
51.4864453802883 50.5644263697527
50.2832187303108 50.054392076635
48.800297125317 50.8579110050454
51.3521563977317 51.0319661425744
50.3155609302588 48.8171667962672
50.812820176968 50.2106255475777
50.275332286305 49.8592133532349
48.4726727568662 48.4659160155783
49.5756109968165 50.7278273252079
51.7601876467439 49.308900437311
50.8664954508888 47.3080403165782
48.4269037200759 51.7058108385901
50.4261534243073 49.8891823891806
51.4999079197556 50.0923768198325
49.0280409963638 48.2966280583786
48.4161174043166 50.8772075383267
48.5636348601892 48.7430930482294
48.2376808788527 51.4516984457804
50.5465670287122 49.2213784027094
50.946520633939 52.1409423615129
51.1073795284729 50.4505684865128
48.310046496162 50.1931090743829
48.570712318767 50.4145365172639
49.89108407409 50.556254469671
50.2530094771031 50.1707636549991
51.3998287976211 50.2667066030885
49.9697323687861 48.4355884485016
50.9492624076653 51.2797134961824
48.83161209126 50.2132593528015
50.299799107006 49.6090906447177
49.4734353002719 50.137487279984
49.9677631432128 50.4890305229247
50.8150180215296 49.9357463663279
49.0139572381122 51.3847821528727
49.2226727559671 48.6617680608472
50.8754232800151 50.0821995389223
49.6690257629145 50.8264370682016
49.67419070515 50.7604407191053
50.4395783798009 49.4267335874278
50.1957456816339 50.1804406631754
49.2153096761044 50.4453189564748
50.3846210653676 50.6302444949949
49.6368533493224 49.8571345493015
49.9605577379384 50.1716483361259
50.8509536450656 49.9353370418536
50.8098062542199 50.2465688524802
51.0077600417088 49.9327352450917
49.6440049787867 48.8249183290633
49.445337075327 50.4143783159329
49.365305493002 49.6906279901916
49.96615707261 49.0722037599488
50.6891698686097 48.6968922132844
49.4968453626061 49.8001079344576
49.2984159928851 50.9778629298917
50.3960742885727 49.247245151252
48.8586512054642 49.5278906498432
49.8626792185891 49.3305149356968
51.6716365141985 49.4331036520635
49.2280293286636 50.0949302380907
49.1310521664112 50.7663990973702
47.8387096154099 49.0472788701898
49.7912878933163 51.2214046805936
50.2843866229942 50.827633465721
49.0117659532695 48.7380566717281
48.3210888217314 48.84463952193
48.9686023553601 51.037257618309
49.6820717022959 50.338966969543
50.3608374902115 49.5585908521155
50.0183290525731 49.2497149187509
47.7929367823288 51.4269067783815
48.4021677281658 49.1382710401168
51.3256441361475 48.0294503271565
50.5891495044467 50.267603457651
49.3534871973351 50.7875864527164
50.3420695641954 49.6856614531456
47.6485241599504 47.6834985558268
49.1342248177116 51.3644762449076
49.949881902504 49.6482040847989
49.7914129614395 51.6444679441328
49.7038639557803 49.5479093471928
49.5707772890065 48.8875257512494
50.6184037156676 51.9625789911901
48.9215011928569 50.6712908350968
50.6537197315093 49.3679322106404
48.8773547379806 48.7961111232941
49.067505330507 51.0558276607656
49.4015707043287 49.8627351873361
50.2773625666805 49.3333775035536
49.4238635347708 50.4771723029939
50.5650415022732 49.2297208317937
47.8167010262372 51.1086040265937
50.2346352554612 50.8667884162279
50.1951187688922 51.5137913420245
50.5661187305351 49.0412796750442
50.4720674894431 50.0304037376174
51.3330008708212 48.5639781183461
53.1978581274898 48.0020281567139
51.8412033477353 49.9815397929074
50.2837478357866 48.3222770905565
49.7933083903463 49.9137537483414
49.7108410859942 51.2265395799869
50.6911011342587 50.8891394309573
49.0202563986974 48.7314364455285
49.6271764382794 50.5679797001712
49.3744416909711 49.9012666147892
49.1925026637147 48.2066116104291
48.8427299025573 50.74336975074
51.2850743401033 48.3518815267692
49.2614240127308 48.9076887409444
49.5383233712704 48.5120451066819
49.8948911235931 51.1730492869109
52.4042199602582 50.1697188493838
52.627619696237 49.9315265842638
49.9650015144634 51.3406682215258
49.9568314520101 50.3574462096778
50.3375472693862 48.4908666372835
50.3308603727479 49.5427362967671
50.3824577607706 49.1609057799204
49.8345993220104 48.9239812963909
49.1469593598585 49.941814481894
49.6559592847068 48.8358341738159
50.7904435817398 50.7318909177548
48.7078962382356 51.648330491911
48.8647985927555 48.9530704964881
49.7624717470801 51.0576492384835
48.5398385550556 49.5652548019025
50.7554963636844 49.6718617314894
52.6579856978162 49.0789893331611
49.7488302943338 49.8122834435363
49.1878857331497 50.488691952857
50.2651862120373 47.660693264992
49.2132102304841 50.9774239599551
49.7463750914183 50.0622548453699
49.1162538181368 48.8873201893808
49.7188990596431 49.2398016815469
50.3214596742456 50.0079432629809
51.2953686884696 51.1014953819513
49.8524438260975 48.7207445007103
49.913053761786 49.2405889189928
51.0901809767482 49.9585072762569
50.8215253647552 50.7023402047683
47.903189869794 49.9670558661423
53.5580899987673 50.728974824291
50.5477260757843 53.3372251957696
49.8962011580819 49.3797780921795
53.4284997426239 51.3579965595334
50.8835034641304 50.0783993592256
51.2154465763129 50.1485878747741
49.5275860405653 48.6188713433495
50.0667810228315 49.2659624674499
49.3899940016982 49.8642462549012
51.1303960956151 48.8904009265002
49.9101043439742 49.0829167671293
50.9589639642825 48.1307825512126
49.5315247965909 51.3020673912925
50.6610117193894 47.563662583822
50.0984754295338 49.2914511233553
49.2817934133774 50.4993056473166
50.8482801626667 49.3514683568336
49.6938292371598 49.6667507084087
49.5465638494798 50.6968683978271
50.6758482333474 49.9716956041951
50.1831519164039 49.0580308522895
50.4116330339504 48.6909864769084
49.9346130066366 50.1457795054147
52.8979292549946 49.9612869510608
51.332442062769 49.586824009175
48.2786481598873 49.470834233525
50.9341991918979 51.1585767445504
52.6112887140658 49.685183720588
49.360220464029 49.9760093866231
48.2024214393176 48.4549323484626
48.7000373909363 49.8424356248541
49.5502715922157 50.5343130133313
50.1738745235724 50.8984895709294
49.2957209677723 51.9531837510548
50.5434482474135 48.8793019540553
50.6838728443719 50.1133446035913
48.4870854596867 48.8797091503198
49.3263425925826 50.8468323492462
50.4648236544933 53.2148095884564
50.469690515246 51.0901544681103
50.1755052903652 50.5879996754101
48.4054888941476 50.9384922413456
49.6744813123853 49.8258585324691
50.4944619234383 50.9789710963735
51.3246464674145 49.8710191464979
50.0553705207495 49.5204052779785
49.7916721835974 49.3298461341824
52.2243750283383 47.5776305452843
50.7315243370156 50.5423394046577
49.54632094172 49.6976856019972
49.3291654287459 51.3941663638303
51.3627623259744 49.6275959728731
49.6962611390165 50.3064571999559
48.279761100635 50.9498303107495
50.7272761114622 51.5304836523143
51.4586328873758 49.8931980780581
49.5121569168643 50.274665295442
50.3366404332667 50.3848963752359
50.8180039755197 51.5848558794242
49.411115348121 48.3522155858991
51.6283645110388 51.1468523448486
50.09010296945 49.8600818028219
48.241211421825 49.0488754398313
49.8201780098254 49.8242912447552
49.6992719097724 49.5656419801575
49.513043777512 49.4997916898724
49.8267764132103 50.6810926722774
48.5220542596041 48.8723099110937
50.9521242822518 50.7346666791835
50.1053106982685 51.7214363250442
52.5327749565274 50.939924640175
51.910569972157 49.3172627297786
49.6809908966852 47.9996536898406
50.2446494309692 52.4185107825122
49.9105421589118 47.1949674460792
49.9737329228786 49.675973971521
50.4221729408846 50.1977496586597
51.178668372213 50.5600788352633
50.0279736672815 49.2873760584572
51.8523754209356 49.168819878727
49.6153794453015 50.7315266946227
48.8655659210276 48.6622587978848
50.3420823498664 49.9099391183336
50.1248778614694 49.7866088841595
49.1398057161251 48.7862413341161
50.3235278725994 50.714602506149
49.452253063741 49.7835875514752
50.7170854147475 51.0854459038272
50.4724841966651 50.7120353954362
50.3617092000784 51.2516947759958
50.3443094817335 48.3714981654437
49.3137146021184 50.423350906825
50.5835788921875 48.7699580319467
50.0976965571582 50.9874874389564
50.0983005577 47.267096165296
50.3200873552992 52.599152307528
49.3591392773391 49.2978973044481
51.6607432914342 49.7559820671785
49.2757203045895 50.0744338610804
51.0289565764832 50.0884785666087
50.7000518256416 49.8745417649369
48.9095820605154 47.3583957928692
50.2816685331311 50.8580537309234
50.5224164016582 49.8792198155075
50.3435480337452 50.0561017636225
49.3223384279595 50.7952492287412
49.1040254814272 49.7442363139438
50.1227214155981 51.1608806751894
50.1472870282098 49.6172386664508
49.8688009181577 50.9717335811604
49.4362667302023 48.0380329139255
49.7527396750349 50.1250502405401
50.023768365411 52.2796336281685
49.1353716619603 50.4051189083619
50.058390891531 49.038150716659
49.0611929341497 50.66446780228
49.3898390458423 51.0636063619834
49.6061964451678 49.4404893215424
49.7987310029884 48.6618175983064
48.7946186750479 48.8703967056521
52.7985970670914 51.3277037557156
48.6881557337773 48.2506900400906
50.5611047961792 49.3957422077214
49.295247467601 51.6229947765575
50.8957831422504 50.583351349937
48.5006688044946 50.5217534162963
49.4217880580742 50.5339899265248
49.5973080598677 49.3872233997863
51.3136781389985 50.1970135581188
49.4435182362576 49.2649739460363
49.8723945927678 50.5022988404303
49.6425009269409 50.2599055421968
50.3299746370339 50.2750339007877
50.0827772863209 49.349765165405
50.0241153320589 50.02302469073
48.5223103601806 49.3987326126215
49.602662504487 50.6423943789134
51.0198085186429 49.7412731723657
49.8518104780118 48.2023858386983
49.1056913242698 51.4263735541754
49.4911107828019 50.1429992466607
50.6035905067404 49.3950551780458
49.9361037086147 50.0702328249729
49.9074839919057 50.0253032462484
51.1285585479873 50.9984274482508
51.9348119895398 49.6574830872146
49.4955433373326 50.8263214991504
48.3033044807868 49.9848222913318
49.792303030354 50.2641948014488
51.5195599690821 48.9364437151561
51.339234843738 50.5315729883484
50.1996218669222 50.1425537425243
49.0175822354318 48.4144910266618
49.3311334148148 50.4995304835523
49.1849934703575 49.1917581136392
49.6852098723381 51.6844939461821
48.2764547418718 49.7537080045584
50.7068012075592 49.9874426721199
50.5411108418059 49.1829076119711
48.4989012827638 49.3763223982322
51.8786495078868 48.985032045578
51.4230803540205 51.4965836897935
49.717475173169 48.3879864661372
48.1374520826207 50.8456989297821
49.7490444055165 52.2631332991318
50.612709125709 49.9393495178481
49.0366884438423 47.7399247667628
49.7742036651308 50.2455385825386
52.5254167980272 50.7206751070345
51.1546980094012 49.3751385793334
49.3372922121092 48.5606441494426
49.6761257895665 50.7773498744788
51.6637220138887 50.5391197296358
49.393142889913 49.6525726075104
49.5428566335792 49.9806647501388
51.8499145201847 49.6545640507791
50.3854427720153 49.6153547133874
49.9165555600856 50.2981810076124
51.4410240072046 49.4426587982079
50.0616084935976 50.9717046582236
50.43312386377 51.7461292442938
49.2654195138616 49.6214771837109
49.1788630022595 49.0699577204988
49.4522952000103 50.4148062887387
50.456880252133 50.0300349665719
49.6926849178209 51.9086149184638
50.666429423562 51.8857927533632
50.9802489850401 49.257578317281
50.4531857236189 49.7433159425666
50.6275372000609 48.904589618247
50.5865011328856 49.6276854739435
48.9552907428066 48.9798210193364
46.6763417430446 49.9211261499439
49.7646119248061 49.1394612225933
48.504154283144 50.921972857916
51.0110854881376 50.0783703667074
50.0786196942161 48.7059182627796
49.2389253447089 50.2952875556012
