50.0230367684849 50.4463482123941
50.7828179657848 50.8506018136179
49.3448765613381 50.4327883881862
49.6772298375944 49.7044601123423
50.6320206668568 48.9889381480235
47.5493121951335 49.8706769843566
49.1280158865931 51.1046534004912
50.7829828261547 50.1497929980959
50.6675009688805 49.9420829112569
49.9863992509768 48.845066215392
50.7431290568224 50.3658042915918
49.6387553532343 52.1148246627704
50.3106248105161 50.2017820064969
50.4461212620561 49.8969084027566
48.5510017842502 49.1974199249334
50.3086409751022 48.5218272224684
50.6059279824969 48.7439683890368
49.0356982191968 49.118262654114
50.4242473273516 49.2469791964618
51.7507626675841 49.2929918629816
52.2395141241828 50.3140098573817
51.2482159139407 48.2893638201931
50.7411198830628 51.9312015223539
49.8284845377579 48.6281264051527
51.1503869821608 52.0772959551931
49.882667291328 49.1143108410279
50.9880045969363 49.6842948508321
50.1239159085663 48.7465788298132
49.0372018113252 50.4165932276175
49.8670249106867 49.9315194183691
50.5950120182109 50.8688837927695
49.4838988885647 50.3221576584051
50.857288103478 49.431266155144
51.5149894566374 50.6222084617767
49.5885720735984 50.0263593501957
49.4989629384327 48.501832172982
51.0625824255658 49.3959958619363
51.2708936816589 50.1025136279178
51.4805385586041 49.042014934351
48.7209773089118 48.505970197641
51.1044528149703 51.8083276949772
51.1556003377143 50.0331064507134
49.9202332563647 51.4444008802312
50.9197021185173 50.3701629724405
49.8196645942616 49.9296771818562
48.3789230459814 49.6925420934461
50.9672997632791 51.1576522273091
50.1380313829356 48.9183026661438
50.9139843641122 51.0321552282818
49.816998113261 49.8568890378755
49.562622863493 49.9200633623486
48.9487827453488 50.6272484577394
49.8411409146895 50.2785555075248
48.9988586388906 48.4271317742309
49.6125039826232 49.6785822154722
49.69739036745 50.0509962965178
51.2245128772934 49.6038986545789
50.6312668854016 49.5350933553483
50.2873749961256 49.9358950122347
49.4073899537727 50.1977403477339
49.5894279251501 51.1817587558223
49.7223712161607 50.1750199500759
49.9667304543567 49.3955677177322
51.7453846023806 51.1185244539189
50.6209690871294 49.6256876851673
49.9139130738818 49.3270026815683
49.6036260322472 50.2351096440978
50.9075949502081 50.5568013195366
50.9599978980018 50.6209597935983
50.4112267529238 49.9455405694945
50.5700732287026 49.9466089127034
49.4954176132512 49.9778911161446
49.5117485000264 51.5138119521362
49.8855791913082 50.1355057142585
48.9351360368071 48.1526752188856
48.5816688558277 50.3459026828393
50.1347836342387 48.9748667179855
50.0769014101219 51.1421984323529
49.6584544808924 48.0214018073849
49.6038453103614 50.2093343789463
49.8562139965539 48.8308341982134
50.2046939922779 49.9155541060649
48.169029376497 49.4798208724697
49.8931695730788 50.4402646012625
51.2883192233404 49.6321272010284
50.5164344569944 49.2395077431161
50.335409736964 49.3263091930582
48.662558026614 50.4273271204537
49.786717185037 50.073906893369
51.4027997651636 50.1175749319171
49.9313554312007 52.0298701298425
50.8086141910035 50.0766469494293
49.8606580182997 48.9543290882062
50.4036073947285 49.9097053546863
48.9470418618019 50.0278758328269
49.1164060586172 48.947470994086
48.9778781162796 50.4571994956201
49.2279000362921 47.8794901083507
50.0596561286791 48.6332817982091
48.1533215314051 51.520140603394
49.8029454593963 49.6518283373223
49.0218245094225 48.0887973898796
50.1321644372717 49.5566934590271
49.2297045975544 49.5469355677145
50.0485950226087 49.0569180149366
50.3098928322912 48.9661951182837
49.9111437692857 49.2819279077132
48.8310226417695 49.7954629707172
49.8304739650329 49.8499507750869
49.9502603376297 50.4095953960933
50.1803222220313 50.0979131466345
49.6703075372973 49.9261969095356
48.8156245208172 50.5680795524481
49.914666038171 50.2053628283786
50.8581396970723 49.8528468802545
49.102123276354 50.5725986840405
48.1859402700658 50.7184034121146
50.1692394601445 47.9506485710405
51.0220335992726 49.5363569963255
50.6328730116236 50.5979161448239
50.5261535456621 49.703480587594
49.3813551719969 49.7606010005097
49.031184787545 50.2066144708341
50.2130635225789 48.775308043447
49.8253456669297 49.8643758397679
50.3793402256963 50.5730996920762
51.7189708207413 49.1650723684135
50.805116061261 49.9701092266052
51.6154911103199 50.1796098220872
49.0998217061623 49.4957754266011
51.1980382762999 51.373227349067
50.1868079979316 48.1574992192374
49.4300432156312 49.5803130870624
48.6107807314572 50.6802289856663
50.5464533611442 49.4048579556118
47.6883717287412 49.9750428536484
50.2190769053693 49.2657445702409
50.0688107933539 49.9441861030293
49.852933312081 50.5002629557988
49.3559201210437 49.418420290957
50.9736707595093 49.7949769442357
49.8236006386528 49.1140184022373
49.6402818743279 49.8165804824735
49.0430140603694 50.7309160161581
49.8559325223738 50.7291634708758
51.7963110527405 48.7506296889677
50.3158804939839 48.9986657073603
51.7002745687134 50.1621314512282
51.2353594244392 50.7352082709613
50.1630375745603 50.0712097804095
50.0998763578045 51.1923678179756
49.1537443758851 50.347689682056
48.1603254359493 48.1180277947043
49.2963564834916 52.0636145844164
50.0318131060097 47.3262121111071
50.0082625662024 50.9029042719637
50.5869044620713 48.2096347212013
49.6772209285475 49.906962352586
50.2627541582091 50.022568177494
49.0877007862564 52.367439427345
50.437000629024 50.1060218262384
49.2957615500457 50.5281380971601
50.7899659072236 49.5020024396517
50.3655980305939 50.7148088244439
50.5633159711358 50.1165898141505
49.718517686677 50.1629238722828
51.3588094981674 49.6411704664642
50.1504806778271 51.8425118099868
51.0038558877257 50.3630410100368
50.474263019633 50.0960946587648
50.1466698524746 50.0027533146381
51.7290155793062 51.6860821723823
48.1776834425639 49.1654985497755
51.1294989950376 48.5051759639844
49.8093971220025 49.1856670325537
49.1230326775145 50.6246565500044
48.5554468577993 50.741889221605
49.5064463721465 49.953671568241
48.8485089356699 48.8404335920711
52.3530831023692 49.9548539263922
50.3411585904748 52.1170562221568
47.7015268153619 51.5341008684626
49.8525687739484 49.5161873079985
50.8433119080531 50.6490009234855
50.5640537138109 50.3473612618364
48.7064103551196 50.3170261208699
49.5399833799656 50.7611668530819
49.0077905694508 50.3150193560051
48.891140349665 49.7613437230932
50.3410272459194 48.7576690066405
48.7244699725408 48.3100959088062
50.3888892034559 49.7487784726353
49.8597573862279 49.7369331906374
50.9749412089693 48.8928637308631
49.2958458336044 50.2540289495154
50.0614383564897 49.757065004496
50.1163834312593 50.9650841594228
50.8669481864161 50.6699256918383
49.0030216878668 49.2315252876056
49.7191550345609 50.6990733406117
50.6756990580786 49.4436506283884
50.1202969619628 50.7148819282365
52.3598262938666 48.9002904724912
52.2788926406712 51.0950098566505
50.0180415758391 50.5572208935157
50.7489447613235 49.4564222829552
46.9210594211294 49.2215795027094
48.2366174847564 51.0754855221415
50.4147663082037 49.7225067714738
50.2817864971486 49.5038190793518
49.0559807530187 49.591090736419
49.0779859238541 50.9738528875996
49.2321619433738 50.3946271617232
48.9361970189141 48.9770287217002
52.8652772764567 50.5904285425161
48.4656363744821 50.2966073471522
48.8815605079174 49.3108504525853
50.1779089875451 47.6996302262428
50.9982203365676 48.760981215456
49.4885097477183 50.0852114238473
51.5856133755162 49.7667527884365
51.130005663656 50.9220549612125
50.7428329485874 50.8143164245321
49.6491338393956 50.9550902659098
49.4767169284836 49.6212915938658
50.0244441366328 51.1843636710839
51.765478186155 49.7955216031167
48.0491432101355 50.749528401889
49.0272789673095 48.4535492785152
48.5141567393218 52.6360074475447
51.2362726963716 51.4683730708731
50.60289267665 48.8927712015066
52.013238943367 50.4152652516549
52.1167887280667 50.4710615901322
50.4752458771235 51.5763819289612
49.9534743358048 51.0020141693156
49.4194822692658 50.2457830715419
50.210473078921 49.8774803941308
49.5702019647964 49.0293987238968
48.6904345968369 49.8504998402348
50.6101641659508 47.8518355319734
49.7838296099424 47.8928975316787
49.9270730825995 49.5001142697385
51.3362100046902 50.9821131647135
48.9032701171481 49.4646761715038
51.4236289149197 50.3177396984714
49.2136676188158 49.8516837860204
49.9516918108756 51.5053207310593
50.4145083540045 50.3279429729487
49.0912856768526 50.5997371010762
49.8909205929242 48.2127578169785
49.7305653395069 50.1333299811658
49.7703089690767 50.4437241729553
50.72463594298 50.0895768200249
49.753217123321 49.9817692676534
49.9570861834282 50.1430975964812
50.891391488799 51.1511425530289
50.0206358944617 50.9546674810204
49.74306227989 48.8291204700872
50.494535862751 50.5629045463261
50.2478144353281 50.8420632143876
48.2775302242102 48.7693034737499
50.1286511188205 49.5405278738058
49.0646172302582 50.5756158028778
50.3561108732246 50.8979088915867
48.2909993764406 49.9767345036665
48.3022398472158 47.8754645096555
51.4470223043493 48.0735440323697
50.4674008676111 50.045601357704
49.2935925090366 50.1560343100113
51.1567285366739 50.0438430522594
48.3423546672154 49.8579390463535
51.5072782346581 52.2466249613346
48.8088148181262 49.0197396387349
47.4869257721574 48.5882872569721
48.6751323238582 49.0260517926583
48.4993767252131 50.459142838779
49.6594340442174 48.8401782402016
51.8977535483769 51.2670626079229
48.4458474552004 48.3390539130789
50.0702478710159 47.0984442490605
49.8716678521554 49.1149027028339
50.2036698646281 49.7487619810925
50.5979363552078 49.0903117187578
50.2844796506085 50.2654903288009
49.0453483644363 50.1979067733861
50.6629183102009 50.7607337020027
49.0966418634624 50.08473197244
49.4021645732577 49.9465232444704
52.1942569590137 50.8206026454117
47.5646836553943 51.7095651777563
49.7940725864503 50.5531373127523
49.7466898928171 50.1623944943624
49.7271654197723 49.9818783624312
49.1912409770644 48.4699558514666
51.4911235438743 49.8553867357292
50.3104973887008 50.3404404965983
48.9971165181726 49.445009877694
51.2222064061459 51.0731375471774
50.0893950735803 50.4622711577109
50.1102024787645 50.5019230655172
49.6856943541802 52.0096320472692
51.0019041950204 50.4404385417539
49.7476138375405 51.2783562517863
50.9632377713935 50.7717236479656
51.5178423645613 51.6764853449209
49.1756701638269 51.3506006049262
49.0559140233685 49.8961725571528
49.3933207316634 48.8308257621716
51.9440093893918 49.8860762540747
50.6981156467574 50.3124634517107
51.9071402561441 48.5496266665987
49.9269174528912 49.6033635966384
48.7597154231504 49.6041208797455
49.9903473465203 51.2542936570461
50.8863715417395 49.5877982689817
50.371113914357 51.5865813768434
49.5170206208859 50.0354405135718
49.4639027384308 47.9868880260526
49.5981184942058 50.6107912865468
50.9972062544884 51.5279624759967
48.9188857109967 49.0594671697254
49.4031941343062 49.6839269107266
50.2947894785993 50.772478953147
49.7065850838829 49.2863435615163
49.4911561935613 50.6568405489881
51.6796507192165 49.3223384392494
49.3920852143447 49.7611108932792
51.4302363676797 49.8137533279444
49.1200443230223 48.917312323152
50.9379671477916 49.1084357243227
49.0868750097217 50.2998576016917
49.4848352675562 51.1248881845879
50.7479365589917 49.0501793790402
50.8201934736212 50.2561872168831
49.615688425931 49.9831582360763
51.1787362215331 49.4614905169727
50.4368191784064 51.6869701696619
50.0031256528753 49.9189497643974
50.4720924304057 49.2656186846832
50.2771664014967 51.3275104376358
49.3125555016094 50.4082605151645
51.5861130811002 49.2581539969382
49.7159707749043 49.2050723516427
51.1030423342021 50.1985278537298
50.4703928392748 49.6711676299693
50.0384672848132 50.4087772075781
52.0789101136954 49.9699400956093
51.1062303031235 49.9152627148854
49.7077528317563 50.3956478166828
50.4122097292144 49.4786879006222
49.4289066197017 51.5766469025008
50.6141712307288 49.8014024647362
50.1919107684158 50.9594233116872
49.5857771627116 51.2017561788647
48.3122985833985 50.5835872510691
51.3910921085112 49.6175248886049
51.1478310773113 50.9171191276569
50.0596817412246 48.9655961555849
49.6922460827383 50.3582931143794
50.3649515231457 50.6386750131421
50.169672802688 48.9763058284586
49.6869263858015 47.9767851459627
52.7527427790689 51.6881748219484
50.1318224890015 50.7107819058385
49.6417538961351 47.6488127601384
48.7492985411868 51.8334803071306
49.771672973498 49.2200546008599
50.7682960471609 49.8334493674807
51.6159529195464 49.9056737639871
51.2101835296891 50.0786327787142
50.1759844522616 51.0987268739389
49.6210906938966 49.9728923255709
50.1948063548565 50.3025032335404
49.7653364524257 48.2910436269507
49.6150298386788 50.9389673658209
49.7290714852052 49.1498148863384
49.6608774894403 51.0725435419935
50.1667500302438 48.7645886744443
49.4440827590285 48.1062119151464
52.4101217247933 48.3952592445524
50.7696118279184 47.5218585972204
48.8601698505558 49.9737750210891
49.8777468090623 49.468976740763
50.605161645133 48.8136970131013
51.6703046486668 50.2172745888472
49.447972756776 48.2580270354159
50.5122738023814 49.633284726067
49.0941968714546 50.5248302911334
51.0128421063742 50.9354581921043
50.3594727329567 50.6623951296925
48.433313558082 49.5502517978205
49.7429706911257 49.8411903849418
49.5600873237858 51.352766840061
49.9281640237809 48.8404441363588
48.6100322407421 49.2594699909289
46.7902840091339 49.0027603194174
49.5810465331602 49.4004019673346
50.7823201244745 49.0481872739829
49.5032882121954 49.4544282920015
