49.311007145033 49.3520407626946
51.0383013005814 51.2771000763474
50.6710161522852 50.4185353461616
49.6411202695255 50.4742493985679
50.0279009082454 48.4584447926322
48.6772382928032 49.1613277471206
51.5403270905854 49.8424103375495
50.8065834818652 49.8862762688259
50.4139882928485 48.1113491424691
49.526328805074 50.8251489123883
50.1739757611499 50.8361086440856
49.057645773942 50.987040041512
48.5107553273542 50.1731120046762
49.6595135836283 49.4689413816411
49.4876129933503 50.2694727627188
50.4178909787447 48.9477460520358
49.2322881674236 49.6009349605505
51.7759333774547 50.4182576278591
48.791608634284 50.3276556533235
49.7486702741621 48.495526369606
49.1642648295098 51.1164197760379
49.5873112491657 49.6871067930196
50.092060590208 49.4408093388358
50.9153382218924 50.4113753278894
49.6057417230174 52.1413567871897
49.9439771116314 49.1998839685944
49.7084931399502 51.2298028057924
49.7515349649415 51.1079322296842
50.0315017009096 51.3349815493367
50.9484514870131 49.4940776274207
50.4596469830731 50.432620737389
50.2505052273227 48.3156903298415
51.0964598863494 49.3087320962552
50.0828732001869 49.7502035773761
51.2985253822177 49.2542952408586
50.0378438960129 49.541253253095
50.388494024652 50.9679083360958
49.5631959239392 49.0700616179613
49.6050356928392 49.2122258713356
50.5796150695156 50.830802254578
49.8436496534728 48.1091504882731
50.1270632794906 50.4311161949612
49.4377498860459 48.2552275480448
48.9797405924955 50.1732322501724
50.1580958963443 50.9072866344018
49.0194311866598 49.1164644045993
50.0077328604983 47.8717285216496
48.1055049055233 49.7291453187625
49.5449267578624 50.9109891257718
49.894265432869 51.3739368515466
51.6728782937786 50.8932963420877
50.754526315327 51.0893886479637
50.4858711173104 51.2714043216626
49.0232872946966 49.2372537778501
50.4352707280866 50.6524611272411
49.440000852692 49.2479435423199
52.4612989420957 50.0782502294804
50.0983437937366 51.0755242717387
49.867732495574 49.3083372095255
49.1574647632986 50.6350161137108
51.6750737347076 52.2882346554757
49.864111837776 49.9344183358337
49.30039775213 50.4224954564632
49.42071743449 48.7821397394204
50.0669249689793 51.1294830681664
49.6914740987045 50.437539166904
49.8195207113154 50.4645568252717
49.5910106279767 50.2686835409541
47.978826519058 50.4874674137527
50.1020737074536 50.4625300095405
48.917552730676 50.6902855594195
50.2354658853427 50.7036891001662
50.1060882309843 49.4386370204551
50.2715327034518 50.0155513504612
48.5639101594866 49.0073819737398
48.6885885047812 50.3057020059787
49.6685561132941 48.2244826941548
50.8340261342358 49.8019475311461
50.1705214819356 49.4707220528825
50.9722558578085 49.2726507269573
50.9382012419685 49.5781092871231
49.8754398254446 49.6377165460856
50.7887135731287 49.7101874310172
50.2277021738032 51.2002826805541
50.2963534928498 51.2876567461853
49.9771453218565 50.7541106729014
50.6036789230573 49.5515628007993
51.4363778612232 50.777994418764
49.4955080715038 48.5694597468366
51.0216359228704 48.8357270951745
49.7241826187399 51.0637366462891
50.934038263408 49.5755592738811
48.528387194575 47.8852176625402
49.7904724964764 50.5059530607401
49.8625852895313 50.1755681736753
51.3116599119057 51.1014806103791
49.9324816621573 50.2071328914042
50.099539312545 51.2334967394042
48.731743401577 48.8485489440571
52.0141487709166 49.5499326612928
49.4466277912723 49.7535904742083
49.6808031228273 50.2356902225667
49.8346293194582 51.3387925848656
49.5639835508929 49.7027654537966
50.8196368159118 48.4380058270249
50.087201108272 51.7874642378685
51.5250715878676 50.9777487399079
49.6325046386291 49.8851484688897
50.6442354630747 48.7732531261345
50.4585328624252 50.0215478283195
49.938852472049 50.9652972987764
49.6089165909403 49.7566421435356
51.0879800555359 50.6096095325902
49.521067719829 50.3504473851401
49.3835467148768 49.2473509859661
50.8509171879949 50.8235777060124
50.3657693519579 49.8870175185358
52.5429264580229 50.4650023306048
49.4940084486353 49.4783326653478
52.353083852824 50.5658739528199
50.7422293180043 50.4732115759567
49.7306414070413 49.2880102955558
50.9244185979611 49.6796969733721
51.5010771347287 48.9421819010676
50.3728491848159 49.8347511734434
48.9147355632854 50.4629481121914
49.5628090940945 52.5153519739112
49.298168081486 52.0672242493688
50.03814564037 51.1899358832489
51.4254855165084 50.4082979943083
47.7318417510616 49.4477904302049
49.2704258276933 50.992382199361
49.9645192623498 51.1967379557517
50.8145681345365 52.2109845053888
49.0190127342953 49.8031383587884
49.8849803793201 50.7096264644067
52.1869227330371 51.5950255300496
48.3471418308151 49.5454524680663
49.1456921529758 48.4150684727555
51.3937372022923 50.489050157885
50.1199096254479 51.7216222522687
48.1171370345169 49.8537924465306
48.8539873616557 48.2976818171371
51.3770805908162 50.5594266466024
51.4949710330086 51.556887717776
48.9424814394582 50.3501660160099
48.6710938710006 50.5609689053633
50.3761296316846 50.2721768031545
50.2704286974277 49.728612433011
49.8933207396024 51.4599290149587
49.334210213902 51.2085672795165
50.9500192201845 50.4884139446946
49.6209801829877 49.1392323205524
48.8022013432206 49.5907406276377
49.6869171592347 49.1912005898104
49.4930930175863 48.7278437329519
51.2481379994223 51.0414130197469
51.1492204530085 48.8753784050291
49.301304507774 50.4949572476075
48.8342569363896 48.745496204301
51.5104938076604 51.1817295645711
50.3979747962915 50.9447880526158
50.7219190728768 51.616774602098
49.6074946563289 47.4774838953238
51.0717564568284 48.8308305405091
49.278414869252 49.6777443558868
50.2202932540417 51.1438454149753
50.7288160456483 51.9957653833281
49.9414200719168 50.5324944997322
49.3071735491785 51.4230089502907
51.6759568490664 49.20430982087
51.2130506694204 47.8503712339401
50.7151992692195 49.3024131478168
50.7096060319311 50.0126129639557
49.8809571056656 49.9654761006957
50.9626158619606 50.5248873456869
50.5934795990684 49.1709119774494
48.6762773671412 50.4427321300632
48.5016742418119 49.4716746808382
50.9598631361174 49.7494699455402
49.4974180189114 49.0658097079475
49.4215975717928 49.4024083540722
51.5142314870364 49.7559715327779
51.1834330441468 51.0990297960125
49.3159689686647 49.9703057911496
50.832394338926 49.3866888738332
49.1345439926431 50.4023191691038
48.4055592911453 49.116102121827
49.212510922715 52.0815993920398
49.9765417185039 49.032813021441
50.3938973105675 51.4476500937899
50.0112697644675 51.0384389246388
49.4952120787521 49.7252396893286
49.5751394887249 48.456039626069
47.65986330547 49.1165485813044
48.9619764837444 47.4005892496344
48.1115634438993 50.2114505455755
50.2977250955576 49.5015793081041
50.0791624597101 51.1797260677269
50.8825035552253 50.0780922242146
50.7884532071075 50.6790562904648
49.5522381526695 49.7794598639644
50.1524124307633 49.3792123532476
49.8185042667333 50.3728174294964
48.5450886673137 48.7193639995356
51.4120474606177 49.781162107784
50.44048178934 51.7339433456221
50.137428330319 51.4889346475271
51.1421811638351 48.8323233880908
50.5169218240487 49.8293137138195
51.2270006753516 52.3574541214233
49.786583650162 49.6617620141229
48.3560036731889 49.7475980649817
51.3535019431678 51.0273259568344
49.2747201270264 50.8724297099187
50.1184808165312 49.0351609626143
49.0599992578095 49.8270418047684
49.4006850108515 48.3891670634527
50.5741377357529 50.5572437955794
48.6895759350309 48.863043454597
48.4397411906588 49.8306674410848
49.5481163851284 50.2846791116493
50.5171495458967 49.5069453725448
50.7754776478138 50.7445032206877
50.8362837009842 49.6194623931458
50.7199556648982 48.3984993845609
50.4138635454682 50.3970694690528
50.0303006377107 48.6089102336756
49.4609557526847 49.123527990186
49.8302436982477 51.6528006843282
50.0199949275904 50.7238675065549
49.4745724607389 50.7826964837582
50.2821705984256 50.9078349046441
49.8078171715989 50.3839081321755
49.275057281972 50.7919838468346
48.1503163310328 48.8826266366171
49.8480852284265 49.8542025781184
51.7478565391208 48.6880297356818
49.2228481746165 51.1509923791601
50.2040105107875 48.2074767593723
52.032873184181 47.5286864814868
50.3635353066963 50.3330580730869
50.8569215487256 50.1173395756341
50.7609193598181 49.1239407496524
50.6806596633134 50.3402641893197
50.2099986964399 49.1777845684138
51.3057570367985 50.4400137211655
49.4437603872172 49.1998732322427
49.6451599665055 49.1653591828356
51.4033577338699 50.8189452817362
51.4762927580526 49.5132927157052
51.4232826116204 51.5839422195881
50.4114265460783 49.1391375928592
49.1085959907048 49.8575696242074
49.2612329334839 50.5624252953039
49.454076029937 51.9442131093703
50.8790971783627 50.3332981961098
50.2285930797961 50.7146013505892
50.161278801317 48.7058306588312
49.539122038885 50.3328824883499
49.2941755992457 49.2295564742231
50.1845545118106 50.1299072349256
51.4225075900459 52.0615575111439
48.5350115362111 50.1505456909988
51.3497612039058 49.7021499299004
49.0311932794304 49.2396833196015
48.6992367926653 48.9429966550588
50.4393092969627 49.8074010461306
50.7784779699944 48.9108602430323
50.6134329747808 50.3052935040925
49.8974872681304 49.4936745612062
50.7690392864051 47.798819992544
51.0629650125247 49.0272035262436
51.0605444920074 49.7781513561933
51.6015605941367 49.74301970708
50.5216537757392 51.1115211437071
52.2107976682663 50.2607564721474
47.7188507031774 49.4586086647465
50.2435612408114 48.8334498542289
49.7122233061582 51.2650324308547
50.9166196161257 49.9744461025141
48.808851264958 50.8502044288754
50.9713731305835 50.6986159895546
50.3452186525901 48.2655574821197
48.83823913109 50.5904481000714
51.068545715733 49.661009822053
50.3028823387814 51.3567752254783
50.5655571917234 51.1865572418709
48.2084481548019 49.283121302577
48.4018242466434 50.912854290785
49.4420601832696 48.8618987269356
52.2474213675746 49.0385679021711
50.2523333930783 50.7050700333503
51.9783050563964 50.8847158589795
51.3839765178886 48.7244157590439
49.2358227766886 50.3964837108116
49.7064273090237 51.0006236330704
50.1744691231806 50.1799255415363
50.842295118019 49.2788761060389
49.0404789485336 50.0379193611127
51.3115455281363 50.3493788878531
49.3388062045589 49.2765509240548
49.4584367554452 51.7466224616709
48.897024863532 50.3475112894117
49.2893065923023 50.6424500183163
52.6637980853754 50.2695530214251
50.7290243289376 49.1780189424304
51.449260570892 51.2353950058721
49.012860913023 51.6286561281539
48.7142402978596 51.1784523517014
49.2164562134767 48.083652944735
49.1736855242007 50.1572993650307
49.6102495303928 48.4746630398217
51.1114893397192 51.0810308046113
48.5539665939835 50.6006300050395
49.3616818298558 48.8967466983851
48.5984899020074 49.5513051356858
48.630904857581 49.9589270362297
49.7002165055642 49.1983715217073
50.6724479274075 49.7808301612848
49.0047963776691 51.2434408854954
49.9926151182603 47.8044213214345
49.8934649486821 51.0648121832192
49.9776017789786 50.5817642118105
50.9409247922834 49.9195325049346
50.1406590192667 49.9767954752553
49.8428709521561 52.3083918744078
49.7385069553512 49.1600699751306
48.4764167344298 47.6195065541832
49.6431850426042 49.6079316301709
51.2934981122758 49.9065507914257
49.9854720021774 50.5549329932959
50.1089756648984 50.0643570142289
49.5728981193738 51.7295181091992
49.2160894497489 48.9125523028611
49.4729319740257 50.7867484601909
49.1346240982852 48.8065595945024
50.0210329585259 50.9428023597336
51.1673189391716 49.8087991209092
49.4250796985252 50.878906748203
50.7714916950234 49.2074387872749
51.0382543504821 48.8227966282459
50.0722232682222 49.4299534539828
50.4263907308161 50.2205570818125
49.959623768259 49.3542098198459
50.371196062372 48.9873393159436
49.8541015026473 49.7304031467014
51.1393606899624 49.3104092947979
48.925351225339 47.731411501325
50.1867671918384 50.8525371365414
50.3856198151189 50.1020360368045
49.179070175592 50.6156065962626
49.1696883479693 50.251866525213
50.2335776904763 50.6110610827345
49.3242773740924 50.1777506085952
49.5414724884411 50.4956348821422
50.6613147460878 50.521042440025
51.6751580939297 49.7600996333421
50.9892318356119 49.5637836811579
50.8949882686512 49.3840540174257
48.6805457095582 49.1430442301311
50.0999740921244 48.7900142080657
49.2673596169079 48.6063074047272
49.8218351296407 49.9363441021013
49.7486185930709 48.9697130999856
50.1916551045728 50.0375957786925
49.9239819181078 48.5539107463639
50.2302083783956 49.5308676735321
49.9595800577863 50.2189757859341
51.0700122792639 50.6405328859837
49.8549403628131 50.9855279558132
50.7313894472681 50.8622655271518
49.3545862148304 51.1089372258833
49.7473390378692 49.0792790885476
49.793114352492 48.1750795205347
50.1141227832748 51.1885734233856
50.4619404761884 48.5176359567454
49.7935261699843 49.7036441112053
48.7552158112781 48.6118678329969
50.4540939240799 49.4805411619758
50.2973723647147 51.1415833288354
52.1129093234645 52.4645914906198
50.5669869515469 48.8426444933028
50.62087271474 48.4279827477949
50.1511308306024 48.5509873062862
50.2370278315047 49.8139509689131
50.2545413279021 50.6576528694326
49.7006672556706 49.5045257545425
49.0972578772494 52.4402115677804
50.2772825801727 49.700002351532
49.3531210756147 51.0313167226938
50.0943401137596 50.4545544487854
50.674728590769 49.5484539278207
49.4947268870907 48.6431037014659
51.4264692253295 49.0042265364826
50.7440825464006 52.0028852244758
51.5823784600507 48.8023704224165
49.5276780329125 50.6310560103347
49.5962191566273 47.8215364864639
50.54510098222 52.3942924766081
