49.994600892656 48.640406458
49.2294149077573 50.7841438533278
49.0090153662895 49.2945997480282
50.4318254711611 49.1694638005325
50.8088317389963 50.7295841707438
50.5788775086041 49.0438485044694
48.7992482349607 49.6768160324239
49.9004859541417 51.6861699742072
51.3912143008004 51.4440305408542
48.118189081716 50.1456380326116
48.8946416593161 50.0733492561502
50.8498552660169 50.0000015009823
50.3096342578384 49.6363092904716
50.9865380412096 48.7300721869598
50.8484867583078 49.3257205228518
50.142380430128 48.8284946478219
48.8477027597974 48.7685004315789
49.5501661695056 48.8420964268286
49.4611408943376 51.3460852669262
51.3440560239509 50.2053365241998
50.0856395316906 50.4324972668501
50.840371594716 48.3438183358059
50.4938618554472 50.0604538398163
49.5510456956749 50.3149024870429
49.9112890085123 51.0847644826919
50.9154033339585 48.9605369003074
50.9964368212695 49.1755657653805
49.9779970602497 50.5341975793508
51.1607962851679 50.0341363200216
49.5239203390308 49.2242132494096
52.1083284412264 49.5496862814022
49.5602680114979 49.7522963850913
50.2464140181818 49.1751668723756
49.2342624075222 49.2896637202304
49.5080519595475 51.1395051036892
51.000814499881 48.5225918169837
48.2922873294425 51.2016056315782
49.5323263686419 49.1445636365314
49.3174357300791 49.5919944662056
49.7951226120304 49.8681260143228
48.0359695662201 49.2943939994993
50.4386302805224 50.0114200444333
50.7198249191929 51.3115424039132
50.4590533582546 51.2050940181032
49.5500696827695 51.3972826245788
49.8939137275133 51.4211473139628
50.6000348217516 48.5882246837344
50.4783193459895 50.6575882947391
51.0170170790605 49.3511860329034
50.1117525320279 50.0088843748133
51.1847364537198 49.730218728517
48.8334755561462 51.314540900651
49.3914406371127 49.3276024040681
47.6524600087358 49.7644587069667
50.9062352185321 50.71080751391
49.6479325889872 50.733694652126
49.8978049041869 50.5557340115432
49.0995583736601 49.3457774499406
49.9431823066481 51.2256110440018
50.5797788337473 48.9336510236993
48.6722459157233 49.0105474390457
49.443818474873 49.3887551282213
49.2427487286603 50.712523942678
50.6881686899443 49.8513874084002
50.295023805962 50.850183930251
49.6460631133479 51.200162641893
50.1258623289094 49.9686729533354
47.6177085740336 47.7980075334976
52.1641824536186 48.0175665996924
50.2155064283333 49.8841498372796
48.7042039889319 49.690651844394
50.38090634552 48.7156680644638
50.2581865704688 50.3872021695042
50.4607295855512 49.3117297355765
49.3174396433932 49.9814384321078
49.9435761147637 48.4489450103152
50.3497151353612 49.5624427039814
50.3185129549836 49.5705344810191
48.8963004267253 52.4667862546874
50.1476183196006 50.9537387493309
49.241233306177 50.8820423528942
50.6841972598651 48.1653782451694
49.8837551987886 49.9786849110514
50.1549555739428 49.2431204735607
50.3161806044777 48.6190217127574
50.2200136233464 50.0051770588323
49.3608127469645 51.3450828609885
50.9050657218354 48.5038146126213
50.293334740731 49.1941533342382
50.7284143795113 50.9407230217041
47.7472588379504 51.9971645030742
49.1973926540529 51.2547600092634
49.4755209246877 49.4393371460202
49.3944156548622 49.1733433435596
51.019393304633 51.0938109818828
49.5190078938035 50.6508576365126
49.0112860522332 50.0730050082095
49.8173603450325 50.1376837077919
51.0806768872249 49.5566204366053
50.4810838327121 49.8365790982443
50.9538960509989 49.0457938505962
51.0594742660469 51.3610139190308
50.9117943655825 50.4038212614597
51.7505604175349 49.5853022633667
49.8158696135838 49.5759910065302
49.2680969606448 51.845102725683
51.7713421505055 51.1342176477009
50.2705444164226 49.1636161246624
49.0838666360498 49.3492485025409
51.3706056849489 50.5061756980765
50.2132018188252 50.6057342449323
49.9960443675297 52.4131100119352
47.7460058472107 51.5005325728008
49.6931208752628 49.1441492943023
50.1483065827712 51.476785342068
48.831717131313 49.4086838108493
50.8243538815217 49.6581013587432
49.0767321107265 48.7634693462678
50.5873099710267 50.1764498584765
50.3307336172661 48.9480476813035
50.0830866621193 50.2441484238977
50.4975586819171 49.772685158201
50.7078148314814 49.1440966112946
51.1709162942587 50.8182012506193
50.4180366401392 49.0259062308765
53.0093157846242 50.1711882377112
49.5863885963274 50.8855805251531
49.8775475464829 49.1747299645609
50.1131736308324 49.4834166205959
48.6706726240671 50.2544992787994
51.0142558039009 49.0189069245803
50.3701036025014 48.0690241990379
48.7775348147359 49.1148350132495
47.7991213249033 50.6358870238775
50.8747913112805 48.9946779984951
50.7737002096028 50.622504129841
49.3297810429547 49.6983732691978
50.1195385822557 48.328687719409
50.4123474807476 50.3029903438662
49.1698756437921 48.0129426836785
50.8742540807314 49.0343773880233
50.4453495267018 47.1470797594085
51.0954943164269 50.5422636615048
49.0558450969132 49.0431780480348
51.5140751262124 49.2302267447763
51.4760243302533 49.0796882976301
51.4108953166776 50.7062843436169
49.7199275162185 52.1000481585939
49.2871133264417 48.3961726353154
49.2509015134639 49.5114724860523
50.1194825634135 50.2037019634908
50.085652980349 50.2000990361044
50.2498359746034 48.7614693862423
48.6948347867597 49.1642918293902
50.9589121747366 50.1495564465826
47.8914801587189 50.0960402309712
50.0297840635931 49.9893246169931
50.6891384116337 50.0049995154033
50.5478968419468 49.939016226319
49.7927306144108 50.3115046059923
49.0832573718212 50.1803042176755
49.9002291915173 48.4173326172379
49.6836570232344 48.922872755947
50.8358142909302 51.9812437407666
49.169058389763 50.8826869002556
49.419476206477 50.5858949574479
50.6693283260177 51.7578313876062
49.559634116125 49.3026216772283
51.0264993174344 49.2373553670973
49.3080042775827 50.018904537067
50.4228610135762 50.7477984972806
52.0111606050659 49.1735495113916
52.3604911017845 50.4042601583499
48.8410092247238 50.1633804950088
50.2492433919927 51.5982570614069
49.7517069758574 49.1358280546635
50.1530250019628 50.0542869323898
49.6447897442671 49.9604185363215
48.5453593444379 48.5235549737918
49.8018256634944 49.8621115914133
50.1929037105774 50.4793783403564
50.1112442831076 48.0810354557107
50.2428192242622 49.718578972617
50.3458830881943 51.3978897836553
50.5178350770453 50.4882145292571
49.9371418544121 48.1662944841952
50.5139759816353 50.347372191033
49.8163843759639 51.2212505048533
51.0068319179066 50.3847434011254
49.1809750344946 49.8855834190818
49.9352203827297 49.5740377887267
50.4756836067691 48.9420863767754
50.5245507240878 49.3735498200738
49.9960709221774 50.7100173659057
49.7377141705781 50.9344762590985
50.6743037237218 50.449864920391
49.352422633175 50.2792475403392
48.7403261767623 50.8209467971939
50.3325479689679 49.4985658402753
49.1974368717299 49.4087529740856
50.4398358961988 49.7556212405844
49.9496351381705 49.4714596460603
49.5807262515301 52.2965317822907
50.0850854724047 50.9400508770877
48.8118641343672 49.5573653039535
50.1020090935825 49.5898768129003
49.4853937792728 51.3310219776435
50.5178828668858 50.7072953463611
49.5054969239542 50.2260843847457
50.8994747118584 50.2929229866537
50.2870627269417 51.1162228488927
50.4218838515544 48.536407010443
47.8120478724646 50.8230821836903
49.6444378586692 50.9900094488928
49.1112887513752 51.232412127152
50.5433230534046 50.9992618142438
51.8152962031654 50.9890557248174
50.8282953915461 49.2898775575886
49.4063522259667 50.4765676311919
48.9108656428848 50.1930135530321
48.9639495025332 50.6728713121829
49.5694518438529 49.2083039572501
48.9476873650708 48.4226333000036
50.152253723546 48.5228540394906
52.4899480330817 51.1589049696301
48.8533062864411 48.4564653834333
49.7868189006839 51.8851521128748
50.0817581781623 50.0614843996596
50.1245169447507 49.507397094187
48.7830564980941 52.9101227098841
51.0406158579776 52.6994076161101
49.9210913437812 49.6115574461963
50.4425567146537 49.5784343748763
50.5302422986069 51.3045464528445
49.5049220162816 50.2570499534667
49.0850735674948 49.8322433729462
50.3672087042815 49.6197559241298
50.9568457970004 50.6955333107469
49.692990987637 50.1432999626828
50.1822271620771 49.9215290995427
50.8839535595634 49.4286826158734
47.9860840743488 50.9565521601609
50.4405096722528 50.7880067661831
50.317530521955 49.8821008629012
50.3062891672022 49.7389062899692
49.2678861558293 51.8751549314771
50.4851789936812 49.730915875356
48.6079812154196 49.5504141906674
49.8669002363582 50.4996889901645
50.0090968832339 49.226304115827
51.121881306097 48.5489069744127
52.2202186685743 52.5786139296507
48.2439407706821 49.6176602648127
48.7365556570235 49.3439932493833
49.2837869498174 50.7352273731047
51.8840456267937 51.7487584320689
50.3534864897561 49.9528752889954
49.5590446814716 50.5847597658483
51.2974749401861 49.270876413633
50.2422971572933 50.6484451512914
50.2384038284714 51.7360157016388
50.2997256715214 48.4562506153238
50.7299982488414 51.6063417483378
51.0261013771374 49.7768165989606
48.7196988041633 50.8635808352627
49.5359902416763 47.9142931459433
50.379993607197 53.0358252226977
50.7760651320704 49.9703990290957
50.5496094385461 49.7758312149053
51.3065827622627 48.7039691052007
51.3655384785711 52.1575179432663
50.8012878398091 49.5083384573655
50.9929032926763 50.9589025863066
48.4591018827454 49.2907750928076
49.9944377265404 49.9044082004352
50.4220194676875 51.9798322251336
49.0738832210616 49.7828307300846
50.880574413796 49.7665260501727
49.3470339941084 50.1142653623782
50.5414444798309 49.2304689063539
51.6296965367423 49.2446820155093
49.1305233812916 50.5034176214132
50.2713057242432 48.9471587912865
50.2457877605433 49.4795047320183
52.1964503412282 48.2142751398275
50.1253689652985 51.0503914487635
49.9829072295616 49.2843816317786
51.627096078125 50.824215653162
50.7756015423132 49.836348135059
51.4845458338441 48.8376477289761
50.2045242607485 49.0236516084065
49.9016637856371 49.3649760057948
49.0841269789131 51.9440228003233
50.0089443951638 50.1795579725257
52.4004935692442 50.0920658375355
48.5343558711693 48.4952916881843
51.9738953766835 49.7647026565219
50.7800936861471 47.3206749087514
51.4348829183753 50.1216571991081
50.3748100736495 48.7477105293657
50.79879932681 50.7785344220203
50.3031642172681 49.359949913374
50.4469196852363 50.3842049594937
49.4943765426476 50.043178551486
49.6069869990411 47.9358535613683
51.7961468650064 48.8393881058286
49.8361200470505 50.470969268786
50.1795671530317 50.6068657523893
50.901761523381 50.7349433437379
49.5187050297688 49.3140721098733
50.7403757624606 49.9826618780472
50.2144486588344 49.851500965171
51.6209679887012 51.8766287109299
47.8714643976826 49.879661990684
49.0552157448458 49.4040983879296
48.7033156659467 48.0657072383693
49.4115589541769 49.4567583505469
49.9694457989855 51.7495751720861
49.387417489559 51.0687481278185
49.2631279726226 50.9575394786866
50.0287243219093 49.6635023010965
47.9272318470531 50.1778506805214
48.4417929264823 52.152872416931
50.3135719994132 50.5160961266078
51.0155479027334 50.8072806599947
49.356282363616 51.7761175730001
48.7239815084485 49.4846583584343
50.6912540638629 49.7443969925354
50.1806403634769 50.0049175574751
50.8542563202674 50.2584155653861
49.516336279782 50.5542255765991
50.3863669242842 50.7362182324691
48.7412393964338 49.9378159069658
49.2272621674152 51.8849408277947
50.1914331166427 48.6435252026851
50.1335706501535 50.4852600387205
49.0454049769003 50.557983159702
48.110894984049 49.6045480690462
47.6335972865175 49.5916427948758
51.9919249693996 49.8992457330282
48.3963419241091 49.619218946981
51.4169222425226 50.0525939248046
50.0861278965153 48.9137373948782
50.9078346078955 50.7713338282723
48.4104681351102 49.5079118080855
49.0510364747862 49.0796884538706
51.6052803265152 49.3903987312447
49.5705353990829 50.1327134290308
50.9183107942887 50.2474510562866
49.5747102558807 48.3753390227739
49.8901532365336 49.8991798089188
50.7207429256649 49.8530652995637
49.4729596163924 50.6591721280441
49.5056396575675 49.9166699461158
49.6809152005114 49.4596300838045
49.2462331572416 49.2562467132728
51.7542093619124 49.5538124583322
50.7439385188697 48.8017820208872
49.8379403871238 49.7667280612117
48.7549166590417 48.486815653628
48.3885849261303 51.5636951937302
50.5699556491424 49.4466995656782
51.8025176515095 49.4524723413876
51.1943490868852 50.513759719572
50.362786334825 48.8866619358371
50.4734556538962 50.4529701501582
51.6033095838232 50.0425356108469
49.8892427628482 49.2002851825568
49.257151732962 49.9017362111893
49.5417176638861 50.5342117792648
49.3649372188252 50.1462822047702
51.1042867898224 49.2107842135545
50.3058432229548 51.4492871048269
48.4096226175912 51.103874073911
50.8465361006575 48.6039125623045
50.7860396766352 49.3600747398605
51.7807418906311 51.0425458892201
50.6300994095158 49.6223166150351
49.948097481942 50.886957531777
50.9915103390435 50.5606919848324
50.4894654871575 49.7296800296715
50.899599841701 49.4485811128521
50.3428727039028 49.6343038996567
47.7887545150384 50.1685597370087
50.5322494209449 51.2062874607753
49.2600493653333 49.5024229087026
49.7567358833154 50.4970158249052
51.2756979987723 49.7634472958816
49.2515864501981 50.9930118897091
49.8795199775751 51.7720169827824
49.6160589262255 50.0423502377949
53.6022782514776 47.9065654406819
50.1865087212757 49.8794074525485
50.9874621920692 50.8799444459051
48.8090756742777 50.4464376507802
50.151113077775 49.520910551414
49.9225448302414 50.581479988601
50.1689798125103 48.8948216608017
49.5650876098519 49.338542303724
50.8582486125658 48.3745422567361
