50.1693219460022 50.2657520441284
50.0929523112742 48.8579679631999
49.7340767505543 48.7855091733198
50.125116053141 50.3796294980709
50.0298438612404 48.9283691157915
49.6956316659555 51.6425796619575
50.4177855727993 49.9096519827369
50.5250708191234 50.8744194732462
51.2659168938919 49.2510670283785
48.5872966572769 50.2375847305323
50.4518963602793 51.4714480485257
48.2359439884161 48.167274772231
49.7542476638672 50.1902896485678
48.7943055397916 50.0923898394958
50.4831614972907 50.1307877109985
51.138286017591 49.5598849900188
48.8759076634246 49.7635984502467
51.8473541050843 51.8790441320822
50.1966085731075 51.0206892752407
49.9401488682297 49.6947739186709
50.5512134325152 48.385763118912
49.3517428306243 49.2312877144333
49.4204204270918 50.4798050559113
51.0724703073015 49.2432626409679
50.5965355896212 48.6859984166623
50.4931752414006 49.8029685812871
49.8121888566723 50.0556079237533
49.6470533574745 52.0056805225532
48.7839370102984 49.3001481034818
50.3367713962948 50.0442790437288
50.5729083297782 48.0699260955153
49.0554630916296 50.6745808587658
53.7332096928948 48.6910654518547
51.2269258440087 48.5090234685508
50.6578951211118 50.4071569013959
50.9022500351381 48.0563967330633
50.9094653531608 50.0252012989293
48.9450835857029 50.621467242425
49.4602524969935 49.4335049227221
51.258432268154 50.6074183741173
50.5592326883763 50.6195582152263
51.6212601474087 49.7466604150487
50.604800517564 49.0455883628856
49.1816707172044 51.2895672920255
47.7271293051504 50.8790664754421
51.5840866898127 49.3650249722048
50.7051258083297 50.8897605598677
49.8879333609501 50.3802274110412
50.0444064467742 48.2827384871208
50.3267037569229 51.0602539492895
49.2531763099642 48.7618084821326
49.5693184236143 49.8991277790475
50.2646614446996 48.5428147334085
51.0937764718179 49.3815677495821
50.8681048815337 49.9697470462989
49.0490876559049 50.2574081095094
49.7838285118817 50.8917694920619
49.0120779363794 49.3538142724277
49.2223928297225 50.634445411856
48.104582187863 49.6657700182177
50.7000257020089 49.6104301419611
50.4914602113327 51.5393900458282
50.3877983692795 50.0445717431472
50.9741338897711 49.4018983888336
50.5319037152799 49.5867313365753
51.0078110007242 48.401229526972
49.8907262521973 49.4354124741636
49.6863958659647 48.3514061530208
51.2561172621496 49.5580823021089
50.9034664115341 49.9219851214718
49.7706568075828 49.7720921000516
48.7021607109838 49.169690249221
50.1823820547907 49.7888247443578
50.257901222336 50.2905647567161
50.3882945895282 49.4634959823008
48.2901907482664 51.0347832272741
50.2773125564689 50.9740035715819
52.405436140802 49.6506275628187
49.6989975509449 49.2595441040171
52.3720106329574 49.6043473415378
50.0040044144565 50.4154821708344
49.8398070875851 50.0567552522277
49.6638108382018 49.4001920808451
50.0188755544484 49.7134928601813
49.0200594539155 50.2228823277556
49.2756328198687 47.9403106775031
50.5564672724333 49.6303244615042
50.852810145254 51.1978264895892
49.4973397396568 49.3812897959603
48.6942461932857 50.8334245292832
48.1358541662577 51.8257497719891
49.4311032509401 50.7478357160705
50.3302917766734 50.7713861309339
51.2009521439832 48.8683603558572
50.4844085759595 51.3061293624461
48.5680344299011 50.49200977991
48.4405683893699 50.9895656940169
49.9183470234578 49.1257521461516
50.4295180835669 48.5991741635881
49.4570388285065 50.2973374537756
50.6438792958985 50.1378151193401
48.7047009523541 50.3471841189956
50.7506103197093 50.4980172701136
50.2563803188117 49.1417598584435
48.3856624743634 48.6708656976743
50.1133506162229 51.4901233424079
49.5314443295125 50.063391033479
50.2319482045638 50.1080151712169
50.9123974948689 49.1592717297862
49.7293193985263 49.1939984922749
50.0445094905055 48.5332400288105
50.9060517702445 49.3295943555748
49.2621405033718 50.2853021247285
48.0895479878632 49.6717864466134
48.3378255469151 50.2891196961514
51.0885567706017 50.1085097525321
48.9008469772296 50.2649932335545
51.1569159376709 51.0463360533492
49.6563469816461 49.5840322982328
50.4589404724986 50.9427019629138
51.8416422807704 51.3236591430306
49.6275046194754 47.644858256809
50.6274559452205 49.741506375978
50.1909419623758 49.7702474628581
50.8746068452904 49.3625093268807
50.7229551683846 50.359283225554
49.5890995864236 48.287247807507
49.7842729230805 50.1654969908528
51.433173172376 49.4757356091312
49.5735723423591 49.8773279520206
49.3890009263058 49.8718200649493
49.7332270584411 51.8627865332748
49.7223557021109 51.5958481911556
51.1363793512175 51.1873292458347
50.1315201031374 52.1980952113573
49.6146337138213 49.5188528851361
51.0240156393266 50.8293819811072
51.9915816947107 50.1309178920817
48.427804348232 49.6600147711049
51.0809708111969 51.3300076651154
48.9360265507743 51.0006588932166
52.4616359521529 49.6404150582473
48.7411740357225 50.6937443481976
50.6503655788586 49.5469509964919
50.7095353838248 51.2856973190973
49.4168228693642 48.8952981627323
48.2449949935101 50.7597864507266
48.7140113947733 49.6581224323453
49.4755202587788 50.6250948044379
50.953158103514 50.5167172512196
49.1830455726451 49.4221534361103
51.4456584542483 50.3315166121477
48.751611262627 49.9798198272508
51.4064882561474 49.1644224231213
49.0712315095872 48.829430304395
49.8911520372307 53.1997239042537
48.2947862033283 48.0272757079628
51.9479017771043 49.9530694022504
49.2176485223436 49.8765402860228
53.6659746166297 50.6675853616648
50.1072653213953 52.2751192944853
48.2003653936018 50.5830500786593
50.6792190955459 51.2317287768036
50.4872452423839 50.1409281943822
50.8848242233023 50.5080165344285
48.3563476606217 51.2769793963247
51.4524392521538 50.0284550162281
50.8358440053479 49.2142972215593
51.7585709891643 50.4672166128448
48.2565893494319 51.3094519319186
49.1671548746777 51.1794543300176
49.0656540440241 49.4035166225464
48.3288362727815 50.885508904174
51.168731901623 51.3586419416666
51.069789952473 50.5317673437899
49.420648280106 49.2450159619898
49.5954243569489 48.4216799781618
49.5744955026382 49.7585465647655
48.6234828563346 49.9445354621484
50.2401154397273 50.5652804665321
51.859941943032 49.5610702511094
49.7676987303029 51.1217346995744
49.8518366761464 50.6990132677759
50.0926578359094 51.4057183524079
48.4819117970245 49.0872211894334
50.0003767336287 49.8501446097839
50.9558752913196 49.4689518362857
51.870278497956 49.6209079770431
49.5356190299775 50.9964500135522
48.9827364965972 50.378685344638
50.277951510953 49.0830060663705
50.1569791126621 51.0662374441672
49.4464842850192 51.2491978785721
49.7817393080287 49.0684641294801
47.5657893721701 49.9862988399642
48.7831610068344 50.442113193485
49.66990036185 48.990559939407
50.6294190796455 50.5085029931203
48.461152274498 50.7446951385464
49.9986586654165 50.0138220436895
47.9942561565356 49.4410667713922
49.190210040006 50.0743874999463
51.0013520578201 49.3892043466304
50.3713498906351 50.4014266564957
49.3499598380133 50.8237838561514
50.9460054607966 48.0843083858998
50.9039070706873 50.4092163781668
51.7469299853875 49.5434974868115
49.3685313193554 50.0308387193813
51.4428595590305 50.4837092974155
48.6753673740684 51.0905457662877
48.6715750300968 48.9946302467136
49.131877949615 49.9246599321608
51.3643138211231 49.4443093841357
48.0176914457935 48.7053145679497
50.5010832839622 52.0121671064743
50.0267396985107 50.4807802966398
48.9984464846436 49.7951412004129
50.1834511277745 49.2356810116783
50.7752441469082 48.6368064792208
49.8499941568663 50.2834652729525
51.5127750454584 48.635114357593
50.0443075151882 50.05204112595
49.8626184312235 49.063188375987
48.5807817418341 49.2668987161837
48.8665354945465 51.1505597873864
49.9489892636141 49.0156841789281
48.4499380022954 51.7233824785043
47.642860083429 48.2303680053192
49.8125533980309 51.6492414842596
50.1488408209849 49.6341605422336
49.2992156201184 49.0740411667331
50.9414252523412 50.1295894732911
50.9526320685973 48.9089528240122
50.8321986372637 51.0862274673189
50.6370454197725 49.6561261830201
49.6403800859177 52.4783758818004
50.7933895935027 50.0456109811183
49.2024396684893 49.5122815327576
52.0731721010295 49.8139564655081
48.9218082156084 50.3498389700749
49.2870469391775 48.7979776471746
49.9484354386005 49.6983202445384
49.1098534929746 49.0148099420839
50.8959392784174 49.2145318731586
50.764626550867 50.8277096827978
49.8636570291686 49.0078867197954
50.6656058037908 49.7060914420732
50.1305953741662 49.9940618865319
49.4265774378836 50.1457906898982
48.9245820471067 50.207414585062
50.8492798647285 49.133761096248
50.5771417641605 51.2283155181819
51.3177771064873 50.8051706162646
47.7777542876778 51.8381815384627
48.9314502211365 49.4573380057523
50.209143252224 50.1356473206219
51.3138299598864 48.9514753600208
51.0435004955136 48.7949560545959
49.4396939140672 50.0798027029103
51.8893764006735 49.9105090655653
50.4808474847456 49.8618196158567
48.9367668436476 49.0836410640986
50.8347832723893 49.6735265920925
50.1040498508949 51.0055199846803
50.5632075389453 50.0313633487001
50.4637598495214 50.8129144482786
50.0729363261327 50.9100449416953
51.0005060687546 50.5924479684235
49.1614914009965 51.8864285170218
48.2674769734507 49.7633352313601
50.1171335412982 50.8495810574496
49.5552809179613 50.9070631074323
50.799344122115 50.0887294690692
49.618889186095 49.5632845097069
49.7122948791962 49.3760723709296
49.721996488545 51.1088681505458
51.2216391358818 49.7558323450724
50.075715326927 50.6033813007771
49.4100574839361 49.108655080981
49.9746111624136 49.5136629655675
50.5462176576213 50.6824485743532
51.3985817134122 49.2665194558281
48.8604071946633 50.8470347229955
50.7282372869626 49.8225724370896
49.8101476634171 49.7538733269596
51.0095824081641 50.0171656523369
50.3107297890651 51.0957214358475
50.1698921859135 48.6434890188659
49.2212459189217 49.3642724148247
49.9445016702889 51.0991613406122
50.7933688530653 50.2084844823542
50.5382072564463 49.7828686826612
48.1998837633111 48.1552485696667
49.6646580491663 49.5295607381646
47.2451961469142 49.3441566216981
50.2049639138463 49.5851914848441
51.230958511108 48.8740625992265
49.9043360560693 51.1283858522013
49.241130973633 49.9577616610842
51.0850306829669 50.8908493757616
49.3916435583884 53.0003769226764
50.0997305788829 51.1151921930262
50.0590058201948 49.8640984784056
49.8259293609214 48.8048149028958
48.118936799265 50.7647602731913
50.3195932386903 50.4882576933697
51.3684535898061 49.6162678095061
49.5388659949474 49.8757215353224
50.0152254214032 49.9205640551829
48.5025541089883 48.9738086215095
49.7771772420297 51.1568277315887
49.6418213212328 49.3486011642538
50.4700058181884 49.0374785136241
48.5498898162306 50.5623182684754
50.2648862275169 50.5537213496449
50.3502393128555 51.1985322180747
50.6657576432519 51.0074316886195
49.062372668099 49.5030858966425
50.7039825657547 51.1165286831875
50.564232734383 50.3589239228943
49.3455101328657 49.695923358942
50.2379376674771 48.7486027763405
49.5904469058487 49.6630220745802
51.8629971212152 50.0420697502591
51.4577028013405 48.9297643828844
50.0532811119586 49.5653943115994
48.9675875108375 49.3358435906373
51.1133460304029 51.9835234337702
50.37092780916 50.1093004678804
50.8792344173547 49.8327555469652
50.1582470916072 49.9517398533236
50.3014476304837 51.6370937526831
50.6480233321833 50.0563035594175
49.9350490684638 50.3964458780952
50.4168240990609 50.510269011549
50.4314998804689 50.9572735159169
49.5243016237123 48.4223665598383
49.403886136883 51.8404274544978
51.230902372163 48.0517905891344
52.0599287665842 48.7683632521699
50.4503654949631 50.0200964770499
48.3134371031623 49.8102154092898
49.9712827253757 50.3079705101615
51.8107135356703 49.3947730992701
49.5425624434778 50.207165179835
50.3713341272355 50.1633916236497
50.7092543981221 51.8663777790848
49.5783372571555 50.3211103049771
50.2605749054685 50.41276251038
50.3128222999316 49.7118796878437
48.8589003769743 51.1669152987546
51.5126786764721 49.3350719448228
49.0287668938279 49.2492509446927
50.522986327799 50.0195880989785
49.1285475838134 49.0232735326432
48.3326893456764 50.8214955305828
50.6865788883494 48.6640023888701
50.1471285685778 51.3989853462096
49.7103543098216 51.7556107061595
51.3142271231344 48.6572673949561
49.7991753635953 49.7488664223292
53.2807929423928 49.8723394125498
48.7254339325205 49.2204237160283
49.1236774836897 49.8047151077647
50.7179441938015 49.7707187542823
50.1279437257174 51.0119981418895
50.8605924971962 51.0001722057954
49.2552393490562 47.8906686150071
50.7870011554924 49.4478797089555
48.8670963331663 50.7929217511012
50.5412363538774 49.6193661252042
48.9765967359225 49.3811603643488
48.7576520575929 50.2924986547085
48.0459800186948 50.8758510081811
49.7767464559134 48.4625901464333
49.1304958299381 49.5036058025912
48.5673193901888 51.1364010109793
50.5485948822178 50.8195253074354
48.6573650555209 50.5349373755336
51.4101891297665 48.8215093218118
49.7453847103256 50.726936046847
49.4448393531731 49.93777667689
49.1831583667745 48.5710377397196
51.0032189340699 49.2247689429815
50.8330533959659 51.0062471927066
50.1539501062261 49.4221462647443
49.8927241301745 48.0166895035948
50.3836320631538 48.6310513717894
49.04648290521 50.0086907739548
49.9210344668428 48.7488980316317
48.5326755230449 52.3306806816402
48.8123257837783 51.4025805877697
48.5812452728197 49.7783024857896
50.6915760716679 50.8575282364048
49.1599597766574 49.5450160431274
47.80202545652 48.5614348370427
49.2764403998421 50.2799276880001
51.2372939756867 49.2701707303669
52.0525056740064 50.2922778839218
