49.576885	52.080914
51.300022	51.751945
50.403893	50.55427
50.32725	51.184273
50.279934	49.060055
50.792847	48.818314
49.366596	51.12926
49.96365	51.11122
49.79445	51.4471
49.757446	50.87346
50.180866	50.85131
50.394844	51.035393
49.85577	50.92168
50.69809	48.77197
49.269062	51.951035
50.04813	48.769653
50.36236	49.124527
49.133457	48.425026
49.243053	49.15305
50.3785	50.69984
51.252064	51.56706
50.298203	49.249535
49.984074	50.644596
48.94281	51.41933
50.234566	49.07889
50.53395	49.10816
50.270287	50.68646
49.28641	50.829422
49.202744	51.07846
47.786114	47.71789
50.034668	48.45387
50.27288	50.404846
50.19037	49.6473
50.135265	52.623253
50.598103	49.086285
50.3443	48.22556
50.478638	50.52605
49.283215	49.17882
48.424488	51.741592
49.06956	48.95512
50.002487	50.181053
50.12652	50.84999
51.10167	51.471794
49.897503	50.630478
50.69051	48.81182
51.614204	47.815685
49.756912	51.942852
49.747314	48.248146
50.741825	48.773056
50.286366	49.640007
49.67761	48.924946
49.733475	50.78972
49.751324	48.788837
49.005966	51.267384
49.618816	51.839695
49.941113	50.19214
49.192963	48.325123
48.70747	48.474785
49.835655	50.97592
50.05562	49.37717
49.425495	47.59484
49.967293	50.923527
50.121834	49.652325
48.85037	51.32368
50.28241	49.586765
50.498463	50.530617
50.853996	48.882225
49.916	50.58889
50.077236	49.587193
49.944218	51.24864
49.251	51.147514
49.817696	49.049786
49.778004	50.47538
50.055813	51.18173
50.233253	49.1352
52.214314	52.60477
50.00435	49.748806
50.470955	48.576897
50.102943	50.64072
51.105434	51.183872
48.815456	48.498035
50.639145	51.071037
50.130493	51.333866
50.218616	49.026054
49.652107	50.629417
50.041424	51.104084
49.832615	48.88224
50.798912	48.955048
51.186016	48.682587
51.011967	48.435513
50.34552	48.74501
49.543495	49.060215
49.89633	50.9318
50.31811	49.315834
49.65232	51.185238
50.194332	49.44399
48.842827	51.180023
49.221317	48.894802
50.215836	49.42056
48.754803	48.119213
49.547028	49.46697
50.409935	50.651318
51.1384	48.03051
50.551006	51.235912
49.211964	47.581963
49.128384	51.324642
50.94055	48.70553
50.867558	48.069366
49.542377	50.503544
48.591827	48.014263
50.07187	49.472897
48.27461	51.76891
50.05006	50.065037
50.835262	49.155262
49.937874	50.480946
50.435383	50.730682
50.061676	50.214077
50.273632	49.357456
49.49775	48.65554
49.95541	51.81543
50.195812	48.816772
50.462887	51.256138
50.761585	52.37228
50.179657	49.148296
49.205387	48.378704
49.869003	48.268394
50.649918	52.330727
48.642994	48.042652
49.373882	50.908566
48.85569	48.290207
49.445126	49.175728
49.385315	51.126163
49.57224	49.297756
50.94771	51.533295
49.942707	50.090458
49.972534	49.636486
50.89942	49.0563
49.76732	48.322567
50.753326	48.176292
50.708466	47.48264
50.231895	51.37137
49.48529	50.645885
51.035423	51.162506
50.08821	48.759186
50.259377	50.326298
49.943897	50.67524
50.12819	50.482716
49.46407	48.54665
49.847385	51.173534
49.892487	51.272133
49.778362	51.211662
49.97423	48.45161
51.458157	48.1727
48.04246	52.15647
50.830776	48.74454
50.35547	49.43647
50.41398	49.220413
48.749992	51.280045
50.465603	50.69854
50.42861	49.450718
50.225395	49.47263
49.574203	48.639324
49.9222	50.6107
49.9175	49.097286
50.750763	47.85634
50.05725	50.793415
50.520832	51.43656
50.25207	49.567863
49.825886	50.25075
51.998077	52.447224
50.579906	51.99049
49.94104	51.04167
49.5836	49.38193
49.049725	51.365307
49.795223	51.31179
48.69011	48.640717
50.17217	51.107754
49.37298	51.74934
50.059742	49.8518
50.221428	51.94858
49.90784	50.645206
49.688175	49.264805
50.994976	48.153812
50.136196	50.17712
49.801144	51.74376
50.189938	48.67774
50.416153	50.61541
50.834446	51.601715
49.199615	51.229427
50.037613	49.212494
50.400547	48.87394
49.44904	50.575466
49.098793	48.053135
50.92686	50.971077
48.753166	48.63607
50.527004	51.39707
50.458385	51.268093
50.218765	49.743988
50.39831	49.282722
49.005413	48.54955
50.526325	50.770023
50.038036	50.38462
50.127678	50.19543
49.720573	48.624615
50.871143	50.97665
50.385693	50.550735
49.22575	51.492718
49.73973	49.046143
49.75082	49.504406
50.15112	50.63088
49.54035	50.551758
49.75478	50.784035
50.042263	49.689514
50.060616	50.55847
50.625484	51.02662
50.529266	50.890236
50.370617	48.668987
49.474407	49.256104
49.91783	50.172092
50.212074	50.29411
49.644684	48.74693
49.642437	48.865273
51.220367	51.259663
48.839314	48.639652
51.297363	48.653706
48.56979	48.48203
49.53632	49.17261
50.55452	49.08102
51.17519	51.856785
49.700123	49.457855
49.47894	48.418983
50.650814	51.33962
51.53017	48.431026
50.503994	47.956173
50.01439	49.35689
50.14752	48.08037
51.2777	51.732975
49.122326	52.58222
51.39323	48.01218
49.51433	48.576252
49.5058	48.973545
50.367973	49.239475
50.562122	53.109432
51.04207	51.16674
49.19581	49.194847
50.230762	50.707172
49.85094	50.397675
48.750847	48.530704
49.939137	49.913006
48.953556	48.733536
50.225185	49.06403
49.5403	49.2173
49.04522	47.892075
50.582485	48.76583
49.15898	48.094017
51.402096	52.110058
49.628826	49.125248
50.337658	50.417942
49.89282	48.35986
50.13983	49.181866
50.60046	49.20228
50.43567	51.555573
49.978237	48.929134
51.093624	48.477245
51.310123	51.515953
50.43476	49.33948
50.04769	49.399776
50.667706	49.22816
50.562096	48.319412
50.12973	50.711807
49.598087	48.133526
50.00398	51.661007
49.27622	49.07038
49.717648	51.61091
49.345215	51.497147
49.1082	48.73132
49.483135	50.54228
50.284103	49.496834
50.593254	48.910995
49.02016	51.30753
49.88226	48.587162
49.44294	49.183697
49.88488	49.234325
49.759712	49.53023
49.86728	50.159187
50.26047	49.3777
49.06733	48.75411
50.25757	51.685123
50.117397	49.410244
50.177338	48.627453
50.019905	49.26973
50.914528	51.087677
49.64179	51.908566
50.204834	50.752117
50.293045	50.424915
50.17416	50.205826
50.287193	52.592976
50.558567	49.18688
49.000732	51.02457
50.16963	50.629646
51.130177	51.328163
49.8266	49.25492
49.82758	51.37754
51.461647	51.61374
50.553345	48.32183
50.002422	50.235077
49.39164	50.672165
50.016518	48.716423
50.485294	51.301132
49.420937	48.2641
49.577496	50.59086
50.75838	51.355225
49.843006	50.976933
48.751232	48.148308
50.91889	52.50448
50.03946	51.30334
49.338207	48.666946
50.144222	48.915188
50.619995	49.336514
50.097546	49.499733
50.321983	48.660152
49.84431	50.73328
50.312355	49.513515
49.102	48.406284
50.81674	48.519684
48.684498	51.772095
50.563034	51.550987
50.022083	51.4566
51.2243	47.71472
49.562035	50.756805
49.835888	47.539536
49.244312	50.79079
49.754997	49.745625
49.800518	49.72342
50.99923	47.887672
50.016888	50.142925
49.27608	48.64254
48.77431	51.317276
50.077057	49.616104
50.998558	48.78632
50.001545	49.866116
49.31221	51.145836
50.109707	49.799423
50.19973	48.857204
49.95375	49.44887
50.740337	51.157207
50.06823	50.753628
49.409443	50.602936
50.421597	50.887104
50.308826	50.36777
49.819313	50.696
49.833633	51.530888
50.106026	49.070435
49.765614	50.402176
49.738003	50.869156
50.18771	49.183144
49.9298	50.707577
50.26724	49.50372
49.56848	48.00097
50.4306	51.705692
49.923687	51.630856
50.05849	51.443886
50.47621	49.34866
50.004772	49.678665
49.965706	49.081673
49.049545	47.729496
50.09606	50.111538
49.872234	50.648567
50.06299	50.12949
51.257767	48.110573
51.00467	51.615604
48.68523	48.464043
50.184315	51.187782
49.838337	49.694992
50.117237	49.560955
49.874626	50.5476
50.67839	50.789074
51.029293	51.12048
49.728794	49.42051
50.04376	49.492134
48.997486	51.608578
50.417835	51.414124
50.12543	50.630066
50.272842	49.50542
49.87306	48.726513
48.31814	52.106346
50.50498	51.486526
50.037582	47.421257
49.770245	50.36943
50.5849	48.832005
49.48069	49.17142
49.877144	51.335865
49.845203	49.32038
51.145947	48.820988
49.70474	49.67998
49.622875	49.27316
49.630684	51.707214
51.076378	51.776283
50.12944	50.85855
50.16529	47.380253
