49.994602	48.640408
49.229416	50.784145
49.2946	49.009014
50.431824	49.169464
50.729584	50.80883
50.578876	49.04385
49.676815	48.799248
49.900486	51.68617
51.391212	51.44403
50.145638	48.11819
50.07335	48.89464
50	50.849854
50.309635	49.63631
50.986538	48.730072
49.32572	50.848488
50.14238	48.828495
48.847702	48.7685
49.550167	48.8421
49.46114	51.346085
50.205338	51.344055
50.08564	50.4325
50.84037	48.34382
50.060455	50.493862
50.314903	49.551044
49.91129	51.084766
50.9154	48.960537
49.175568	50.996437
49.977997	50.5342
50.034138	51.160797
49.523922	49.224213
49.549686	52.10833
49.752296	49.56027
50.246414	49.175167
49.289665	49.23426
49.508053	51.139503
51.000816	48.52259
51.201607	48.292286
49.532326	49.14456
49.591995	49.317436
49.868126	49.795124
49.294395	48.03597
50.01142	50.43863
50.719826	51.311543
50.459053	51.205093
49.550068	51.39728
49.893913	51.421146
50.600037	48.588226
50.47832	50.65759
49.351185	51.017017
50.008884	50.11175
49.730217	51.18474
48.833477	51.31454
49.39144	49.327602
49.764458	47.65246
50.710808	50.906235
49.647934	50.733696
49.897804	50.555733
49.345776	49.09956
49.943184	51.225613
50.57978	48.93365
49.010548	48.672245
49.443817	49.388756
50.712524	49.24275
49.851387	50.688168
50.295025	50.850185
49.646065	51.20016
49.968674	50.125862
47.798008	47.61771
48.017567	52.16418
49.88415	50.215508
49.69065	48.704205
50.380905	48.715668
50.258186	50.387203
50.460728	49.31173
49.981438	49.31744
49.943577	48.448944
50.349716	49.562443
50.318512	49.570534
48.8963	52.466785
50.147617	50.95374
49.241234	50.882042
50.684196	48.16538
49.978683	49.883755
50.154957	49.243122
50.31618	48.619022
50.005177	50.220013
49.360813	51.34508
50.905067	48.503815
50.293335	49.194153
50.728413	50.940723
51.997166	47.747257
49.19739	51.25476
49.47552	49.43934
49.394417	49.173344
51.019394	51.09381
49.51901	50.650856
50.073006	49.011288
50.137684	49.81736
49.55662	51.080677
49.83658	50.481083
50.953896	49.045795
51.059475	51.361015
50.40382	50.911793
49.5853	51.75056
49.81587	49.575993
49.268097	51.845104
51.134216	51.771343
50.270546	49.163616
49.349247	49.083866
50.506176	51.370605
50.213203	50.605736
49.996044	52.41311
51.500534	47.746006
49.69312	49.14415
50.148308	51.476784
49.408684	48.83172
49.6581	50.824352
49.076733	48.76347
50.17645	50.58731
50.330734	48.948048
50.083088	50.24415
49.772686	50.49756
50.707813	49.144096
50.818203	51.170918
50.418037	49.025906
50.17119	53.009315
49.586388	50.885582
49.87755	49.17473
50.113174	49.483418
50.254498	48.670673
49.018906	51.014256
50.370102	48.069023
49.114834	48.777534
50.635887	47.79912
50.87479	48.99468
50.622505	50.7737
49.69837	49.32978
50.119537	48.32869
50.30299	50.412346
49.169876	48.012943
50.874252	49.034378
50.44535	47.14708
50.542263	51.095493
49.055843	49.04318
49.23023	51.514076
49.07969	51.476025
50.706284	51.410896
49.71993	52.100048
49.287113	48.39617
49.51147	49.2509
50.119484	50.2037
50.08565	50.2001
50.249836	48.76147
49.16429	48.694836
50.149555	50.95891
50.09604	47.89148
49.989326	50.029785
50.005	50.689137
49.939014	50.547897
49.792732	50.311504
50.180305	49.083256
49.90023	48.41733
49.68366	48.922874
50.835815	51.981243
49.16906	50.882687
49.419476	50.585896
50.669327	51.75783
49.559635	49.30262
49.237354	51.0265
50.018906	49.308002
50.42286	50.7478
49.17355	52.01116
50.40426	52.360493
50.16338	48.84101
50.249245	51.598255
49.751705	49.13583
50.054287	50.153027
49.96042	49.64479
48.54536	48.523556
49.86211	49.801826
50.192905	50.479378
50.111244	48.081036
50.24282	49.71858
50.345882	51.39789
50.488216	50.517834
49.93714	48.166294
50.347374	50.513977
49.816383	51.22125
50.384743	51.006832
49.885582	49.180977
49.93522	49.57404
50.475685	48.942085
50.52455	49.37355
49.99607	50.71002
49.737713	50.934475
50.449863	50.674305
50.279247	49.35242
50.820946	48.740326
50.332546	49.498566
49.408752	49.197437
49.755623	50.439835
49.949635	49.47146
49.580727	52.29653
50.085087	50.940052
49.557365	48.811863
50.10201	49.589878
49.485394	51.33102
50.517883	50.707294
50.226086	49.505497
50.292923	50.899475
50.287064	51.116222
50.421883	48.536407
50.823082	47.812046
49.64444	50.99001
49.11129	51.23241
50.543324	50.99926
50.989056	51.815296
49.28988	50.828297
50.476566	49.406353
50.193012	48.910866
50.67287	48.96395
49.56945	49.208305
48.94769	48.422634
50.152252	48.522854
51.158905	52.48995
48.853306	48.456467
49.78682	51.88515
50.061485	50.081757
50.124516	49.507397
48.78306	52.910122
51.040615	52.69941
49.921093	49.611557
49.578434	50.44256
50.530243	51.304546
50.25705	49.50492
49.832245	49.085075
50.36721	49.619755
50.695534	50.956844
50.1433	49.69299
49.921528	50.182228
49.428684	50.883953
50.95655	47.986084
50.44051	50.788006
49.8821	50.31753
49.738907	50.30629
49.267887	51.875156
49.730915	50.48518
49.550415	48.607983
49.8669	50.499687
50.009098	49.226303
51.12188	48.54891
52.22022	52.578613
49.61766	48.243942
49.343994	48.736557
49.283787	50.735226
51.74876	51.884045
49.952877	50.353485
49.559044	50.58476
49.270878	51.297474
50.2423	50.648445
50.238403	51.736015
50.299725	48.45625
50.73	51.606342
49.776817	51.0261
50.863583	48.7197
49.53599	47.91429
50.379993	53.035824
49.970398	50.776066
49.77583	50.54961
48.703968	51.306583
51.36554	52.157516
49.50834	50.80129
50.958904	50.992905
49.290775	48.459103
49.99444	49.904408
50.42202	51.97983
49.78283	49.073883
49.766525	50.880573
50.114265	49.347034
50.541443	49.23047
49.244682	51.629696
50.503418	49.130524
50.271305	48.94716
50.24579	49.479504
48.214275	52.19645
50.12537	51.050392
49.982906	49.28438
50.824215	51.627094
49.83635	50.7756
48.837646	51.484547
50.204525	49.02365
49.901665	49.364975
49.084126	51.944023
50.008945	50.179558
50.092068	52.400494
48.534355	48.495293
49.7647	51.973896
50.780094	47.320675
50.12166	51.434883
50.37481	48.74771
50.778534	50.798798
50.303165	49.35995
50.384205	50.44692
50.04318	49.494377
49.606987	47.935852
48.83939	51.796146
49.83612	50.47097
50.179565	50.606865
50.734943	50.90176
49.518703	49.31407
49.982662	50.740376
49.8515	50.214447
51.620968	51.87663
49.87966	47.871464
49.4041	49.055214
48.703316	48.06571
49.456757	49.41156
49.969444	51.749577
49.387417	51.06875
49.263126	50.95754
50.028725	49.6635
50.17785	47.92723
48.44179	52.152874
50.313572	50.516098
50.80728	51.01555
49.35628	51.77612
49.484657	48.72398
49.744396	50.691254
50.004917	50.18064
50.258415	50.854256
49.516335	50.554226
50.386368	50.736217
49.937817	48.741238
49.22726	51.88494
50.191433	48.643524
50.13357	50.48526
50.557983	49.045406
49.60455	48.110893
49.591644	47.6336
49.899246	51.991924
49.61922	48.396343
50.052593	51.416924
50.08613	48.91374
50.771336	50.907833
49.50791	48.41047
49.07969	49.051037
49.3904	51.60528
50.132713	49.570534
50.24745	50.918312
49.57471	48.37534
49.89918	49.890152
49.853065	50.72074
49.47296	50.659172
49.91667	49.50564
49.680916	49.45963
49.25625	49.246235
49.553814	51.754208
50.74394	48.80178
49.83794	49.766727
48.754917	48.486816
51.563694	48.388584
49.4467	50.569954
49.452473	51.802517
50.51376	51.194347
50.362785	48.88666
50.45297	50.473457
50.042534	51.60331
49.889244	49.200287
49.901737	49.257153
49.541718	50.53421
50.146282	49.364937
49.210785	51.104286
50.305843	51.449287
51.103874	48.409622
50.846535	48.603912
49.360073	50.78604
51.042545	51.780743
49.62232	50.6301
49.948097	50.88696
50.56069	50.99151
49.72968	50.489464
49.44858	50.8996
50.342873	49.634304
50.16856	47.788754
50.53225	51.206287
49.502422	49.260048
49.756737	50.497017
49.763447	51.2757
49.251587	50.99301
49.87952	51.77202
50.04235	49.61606
47.906567	53.60228
49.879406	50.18651
50.879944	50.98746
50.446438	48.809074
50.15111	49.520912
49.922546	50.58148
50.16898	48.89482
49.565086	49.338543
50.85825	48.374542
