50.023037	50.44635
50.782818	50.8506
50.43279	49.344875
49.70446	49.67723
50.63202	48.988937
49.870678	47.549313
49.128017	51.104652
50.14979	50.78298
49.94208	50.6675
49.9864	48.845066
50.365803	50.74313
49.638756	52.114826
50.201782	50.310623
49.896908	50.44612
49.19742	48.551003
50.30864	48.521828
50.605927	48.74397
49.118263	49.035698
50.424248	49.24698
49.29299	51.750763
50.31401	52.239513
51.248215	48.289364
50.74112	51.931202
49.828484	48.628128
51.150387	52.077297
49.882668	49.11431
49.684296	50.988003
50.123917	48.74658
50.41659	49.0372
49.93152	49.867023
50.595013	50.868885
50.32216	49.4839
49.431267	50.85729
50.622208	51.514988
50.02636	49.588573
49.498962	48.50183
49.395996	51.062584
50.102512	51.270893
49.042015	51.480537
48.720978	48.50597
51.104454	51.808327
50.033108	51.1556
49.920235	51.4444
50.370163	50.9197
49.929676	49.819664
49.692543	48.37892
50.9673	51.157654
50.13803	48.918304
50.913986	51.032154
49.856888	49.816998
49.920063	49.562622
50.627247	48.948784
49.84114	50.278557
48.99886	48.42713
49.67858	49.612503
50.050995	49.69739
49.603897	51.224514
49.535095	50.631268
49.935894	50.287376
50.19774	49.40739
49.589428	51.18176
50.17502	49.72237
49.966732	49.39557
51.118523	51.745384
49.625687	50.620968
49.913914	49.327003
50.23511	49.603626
50.5568	50.907597
50.62096	50.96
49.94554	50.41123
49.94661	50.570072
49.97789	49.49542
49.51175	51.513813
49.88558	50.135506
48.935135	48.152676
50.3459	48.58167
50.134785	48.974865
50.0769	51.142197
49.658455	48.0214
50.209335	49.603844
49.856213	48.830833
49.915554	50.204693
49.47982	48.16903
49.89317	50.440266
49.632126	51.28832
50.516434	49.23951
50.33541	49.32631
50.427326	48.66256
50.073906	49.786716
50.117577	51.4028
49.931355	52.02987
50.07665	50.808613
49.860657	48.95433
49.909706	50.403606
50.027874	48.94704
49.116405	48.94747
50.4572	48.97788
49.2279	47.87949
50.059654	48.63328
51.52014	48.15332
49.802944	49.65183
49.021824	48.0888
50.132164	49.556694
49.546936	49.229706
50.048595	49.05692
50.309895	48.966194
49.911144	49.28193
49.795464	48.831024
49.84995	49.830475
49.95026	50.409595
50.09791	50.18032
49.926197	49.670307
50.56808	48.815624
49.914665	50.205364
49.852848	50.85814
50.572598	49.102123
50.718403	48.18594
50.16924	47.95065
49.536358	51.022034
50.597916	50.632874
49.70348	50.526154
49.7606	49.381355
50.206615	49.031185
50.213062	48.775307
49.864376	49.825344
50.37934	50.5731
49.165073	51.71897
49.970108	50.805115
50.17961	51.61549
49.495777	49.099823
51.19804	51.373226
50.18681	48.157497
49.580315	49.430042
50.68023	48.610783
50.54645	49.404858
49.975044	47.688374
50.219078	49.265743
49.944187	50.06881
49.852932	50.500263
49.41842	49.35592
49.794975	50.97367
49.8236	49.114017
49.81658	49.64028
50.730915	49.043015
49.855934	50.729164
48.75063	51.79631
50.31588	48.998665
50.162132	51.700275
50.735207	51.23536
50.07121	50.163036
50.099876	51.192368
50.34769	49.153744
48.160324	48.118027
49.296356	52.063614
50.031815	47.326214
50.008263	50.902905
50.586903	48.209633
49.906963	49.67722
50.022568	50.262753
49.0877	52.36744
50.10602	50.437
50.528137	49.29576
49.502003	50.789967
50.365597	50.71481
50.11659	50.563316
50.162926	49.718517
49.64117	51.35881
50.150482	51.84251
50.36304	51.003857
50.096096	50.474262
50.002754	50.14667
51.68608	51.729015
49.165497	48.177685
51.129498	48.505177
49.8094	49.185665
50.624657	49.12303
50.74189	48.555447
49.95367	49.506447
48.84851	48.840435
49.954853	52.353085
50.34116	52.117058
51.5341	47.701527
49.85257	49.516186
50.649002	50.84331
50.347363	50.564053
50.317024	48.70641
49.53998	50.761166
50.315018	49.00779
49.761345	48.89114
50.341026	48.757668
48.72447	48.310097
49.74878	50.38889
49.859756	49.736935
50.97494	48.892864
50.25403	49.295845
50.06144	49.757065
50.116383	50.965084
50.669926	50.866947
49.231525	49.00302
49.719154	50.699074
49.44365	50.675697
50.120296	50.71488
48.90029	52.359825
51.09501	52.278893
50.01804	50.55722
49.45642	50.748943
49.22158	46.92106
51.075485	48.236618
49.722507	50.414764
50.281788	49.50382
49.59109	49.05598
49.077988	50.973854
50.394627	49.232162
48.977028	48.936195
50.590427	52.865276
50.296608	48.465637
49.310852	48.88156
50.17791	47.69963
50.99822	48.760983
50.085213	49.48851
49.766754	51.585613
50.922054	51.130005
50.742832	50.814316
49.649136	50.95509
49.621292	49.476715
50.024445	51.184364
49.79552	51.76548
50.749527	48.049145
49.02728	48.45355
48.514156	52.63601
51.23627	51.468372
50.602894	48.892773
50.415264	52.01324
50.47106	52.116787
50.475246	51.57638
49.953476	51.002014
50.245785	49.419483
49.87748	50.210472
49.5702	49.0294
49.8505	48.690434
50.610165	47.851837
49.78383	47.8929
49.927074	49.500114
50.982113	51.33621
49.464676	48.90327
50.31774	51.42363
49.851685	49.21367
49.95169	51.50532
50.32794	50.41451
50.599735	49.091286
49.89092	48.212757
50.13333	49.730564
49.77031	50.443726
50.089577	50.724636
49.98177	49.753216
49.957085	50.143097
50.89139	51.151142
50.020638	50.954666
49.74306	48.82912
50.494537	50.562904
50.247814	50.842064
48.769302	48.27753
50.12865	49.540527
50.575615	49.064617
50.35611	50.897907
49.976734	48.291
48.30224	47.875465
51.44702	48.073544
50.0456	50.4674
50.156033	49.293594
50.043842	51.156727
49.85794	48.342354
51.50728	52.246624
49.01974	48.808815
48.588287	47.486927
49.02605	48.675133
50.459145	48.49938
49.659435	48.84018
51.267063	51.897755
48.445847	48.339054
50.070248	47.098446
49.871666	49.114902
50.20367	49.74876
50.597935	49.090313
50.26549	50.28448
50.197906	49.04535
50.662918	50.760735
50.084732	49.09664
49.94652	49.402164
50.820602	52.194256
51.709564	47.564682
49.79407	50.55314
50.162395	49.74669
49.98188	49.727165
49.191242	48.469955
49.85539	51.491123
50.310497	50.34044
49.44501	48.997116
51.07314	51.222206
50.089394	50.462273
50.110203	50.501923
49.685696	52.009632
50.440437	51.001904
49.747612	51.278355
50.771725	50.963238
51.51784	51.676487
49.17567	51.3506
49.89617	49.055916
49.393322	48.830826
49.886078	51.944008
50.31246	50.698116
48.549625	51.90714
49.926918	49.603363
49.604122	48.759716
49.99035	51.254295
49.5878	50.88637
50.371113	51.586582
50.035442	49.51702
49.4639	47.98689
49.598118	50.61079
50.997208	51.52796
49.059467	48.918884
49.683926	49.403194
50.29479	50.77248
49.706585	49.286343
49.491158	50.65684
49.32234	51.67965
49.761112	49.392086
49.813755	51.430237
49.120045	48.917313
49.108437	50.937965
50.29986	49.086876
49.484837	51.12489
50.747936	49.05018
50.256187	50.820194
49.98316	49.61569
49.46149	51.178738
50.43682	51.68697
50.003124	49.91895
50.47209	49.265617
50.27717	51.32751
50.40826	49.312557
49.258156	51.586113
49.71597	49.20507
50.19853	51.103043
49.67117	50.470394
50.038467	50.408775
49.96994	52.07891
49.915264	51.10623
49.707752	50.39565
50.41221	49.478687
49.428905	51.57665
49.801403	50.61417
50.19191	50.959423
49.585777	51.201756
50.583588	48.312298
49.617523	51.39109
50.917118	51.14783
50.05968	48.965595
49.692245	50.35829
50.364952	50.638676
50.169674	48.976307
49.686928	47.976784
51.688175	52.752743
50.13182	50.71078
49.641754	47.64881
48.7493	51.83348
49.77167	49.220055
49.83345	50.768295
49.905674	51.61595
50.078632	51.210182
50.175983	51.09873
49.972893	49.62109
50.194805	50.3025
49.765335	48.291042
49.61503	50.93897
49.729073	49.149815
49.660877	51.072544
50.16675	48.764587
49.444084	48.106213
48.39526	52.410122
50.76961	47.52186
49.973774	48.86017
49.877747	49.468975
50.60516	48.813698
50.217274	51.670303
49.44797	48.258026
49.633286	50.512276
50.52483	49.094196
50.93546	51.01284
50.359474	50.662395
49.55025	48.433315
49.84119	49.74297
49.56009	51.352768
49.928165	48.840443
49.25947	48.61003
49.00276	46.790283
49.581047	49.400402
50.782322	49.048187
49.50329	49.45443
