507.362065271594 510.330134675739
491.253226128148 506.958516889095
500.297240908815 501.156975731661
491.577794335873 499.33986612889
506.790617039776 505.255736067524
500.549424170969 507.65625162673
517.215516965878 516.637929289996
495.322784011714 487.918137258047
508.098930126106 511.410942099169
516.114070417441 498.097597660854
512.203384649438 488.557372890836
499.567596066484 483.011972095995
506.386726408013 499.197909798452
486.67654479512 498.128494182186
513.205042775963 493.409735663469
507.432353222965 490.722153983617
515.696287253142 496.122895309251
499.350636947972 523.218892312616
504.89873830032 500.282701130844
516.271584520272 501.44979672139
510.244779136756 494.545232600352
506.673486961101 511.056040700174
497.448650978873 493.304298561241
482.732639697902 509.970076001217
492.531772341026 491.743678767769
506.651989773763 508.437915539656
499.052039248402 502.529805265691
503.83516405584 512.873125487983
509.015501742859 506.197724089269
503.486917331611 497.151720178688
492.539977190083 507.058499314146
502.271306746409 509.228075043046
488.279976807587 506.116727765031
508.453489981898 501.282639531873
483.190359838184 495.800189275437
484.666738720236 498.777539612478
505.4167328091 505.118950359721
501.06327070939 493.7998837988
502.106482597646 489.638194451206
504.064879552626 491.468559485888
502.943791680319 490.739740477761
496.589501983633 498.007365009363
514.410243422789 486.414497773327
490.915619219309 493.575471760192
489.025218644611 503.509569083781
502.706600092375 497.68237010565
504.591887797913 496.431422412304
508.94007812322 506.149917857851
501.459931448503 496.535160346596
504.789821581946 506.745816725567
499.042856319548 501.849545561319
494.644850657255 479.22666747573
486.235087001337 517.54230148474
511.730768762445 493.618708014137
501.105453605824 489.783665657882
504.361504387426 487.237521660213
488.809924971565 499.829905631041
505.163848333186 503.472068395477
478.452876453799 495.514663292445
498.130375521608 496.480609280837
498.851357929489 509.096855442684
478.428812178122 487.75196301676
492.565916813308 509.977715950462
524.013689731344 506.627890174481
506.443254427882 486.957349446491
491.06572946404 505.193931061156
487.356654899135 514.361798314011
512.955655701332 505.457678966576
517.708998640106 507.638064946153
497.551973966321 492.120061425876
479.630856935078 505.262334988186
505.891340137972 498.970003548
504.367216650252 496.692932740431
493.371824992076 498.903937367953
497.461791592526 501.355259316929
511.796394416129 500.451384177564
511.120130625394 509.331507347694
490.614965081871 495.382364090639
503.965790202921 499.892928111453
497.535337060431 503.925809387869
493.347407448864 489.516968420802
496.283898325737 486.777846246165
496.447067965267 516.726374764162
493.539091697188 506.655868154637
513.720646885792 492.75839706935
510.724191731628 503.61579449366
497.696719895808 493.036487799695
505.833897267463 517.928393205458
507.027714277559 511.317441186935
492.615536438151 509.339915337854
514.881935618428 493.797011186011
489.337811811151 500.331456406593
492.272956187757 504.557206936201
502.350676263514 492.841917472191
494.88312144166 509.405279782293
492.46844914196 513.876044802646
500.480416005604 493.548577337388
508.643622412577 492.788241730557
504.079063976767 519.312890596894
483.832236046782 503.983079933115
