518.811931209128 498.340840448618
507.609992989974 507.15849421863
505.69711445046 513.502182711365
507.918604269817 504.935692299536
504.747270774126 504.368958837332
500.558304526671 509.246080132933
497.815952315309 502.834058309204
514.660393586599 492.623781478941
496.451974145991 489.404222983254
504.585013135037 491.818998661342
492.763665054199 502.195391304298
500.169651696314 510.990243475901
486.028031958763 493.165021610752
495.412691756152 507.69713700951
508.346264256111 488.338908948057
506.845810888448 505.628159567918
494.955884627306 496.718236568721
492.293724133692 489.557187115493
506.846645664351 512.955831198656
499.064046325324 505.067380746649
510.587234388957 503.919196788056
513.187565275532 501.599055346798
491.852241985606 515.172934202394
517.488361544106 510.270295065125
503.671863366666 486.594144752278
491.586392914214 507.851803994394
505.180308447806 501.338742392168
477.346589106058 501.535884905448
499.744227675456 487.69732296606
490.635139274753 518.786897260797
504.720501740846 495.176231408311
506.972776299203 508.81572956174
510.706550038235 489.319784687173
499.761345564449 517.302529638778
495.565571288433 496.51065578126
503.549526681362 499.187732092421
499.007036963984 490.849470151362
494.588463584173 488.53135890101
491.233606859118 491.271961339428
489.573223094325 505.378516518736
487.677457244275 487.134744911691
495.482870711256 498.105287159273
512.164017549665 500.15780998275
515.084823280707 504.136534380034
501.307907056926 526.379804506761
492.075636968673 486.056870230524
506.759576343327 503.599530460347
486.669280125992 514.577489342149
511.852688430688 492.198817604227
478.680330561793 487.594122318833
498.058554381899 498.175574545085
489.144999875313 497.524206884938
492.821438689769 506.310332951103
504.870142914963 508.091411574287
504.869327790784 499.431061097787
499.84042091225 487.570720515071
514.211385910344 520.499087880704
499.776278838216 498.153367363758
510.834770275349 504.236095352905
500.841501527278 479.883868250719
500.006792506511 496.593979387169
497.92776626033 496.49215929914
484.600940048654 493.016535086591
487.824954748537 486.254981254036
508.660499224799 458.425258995938
482.054932923024 492.376473803627
499.420959137466 501.791110986151
490.514721330585 490.358939573273
516.61471953453 498.766153702432
493.793428385047 497.42020814088
495.566112701334 502.800480890296
493.314386491871 487.837138949622
511.143793936574 499.025721163111
487.887764422358 506.714014353894
514.792642674209 506.821102805922
484.582717469561 492.584350871215
510.165725060758 507.131190409791
518.08750434734 516.247581011638
512.094016751194 492.233109814478
484.52617152919 486.902881051595
490.093269332346 492.366116710497
500.236465128044 494.238957547297
492.919590884766 510.938731872427
487.646188676479 506.830462763491
520.191074438375 502.729763030245
505.722257411712 509.292792518446
494.004380780145 516.99427427186
503.029766780471 494.797018674201
496.585214596826 499.793904193131
513.661155590663 498.804389797866
493.059204625526 501.462908973583
512.225004247868 509.25708098302
484.427251484129 513.34657792839
502.277369718032 515.279984498408
498.659721927148 499.463271961424
489.823207942504 506.267462671696
493.841902842175 498.781283486047
500.403290735821 502.338320354938
487.693886181381 495.960037244798
501.426007042119 492.747959131507
