511.060001721873 491.099489660038
497.711383048705 496.580223594322
495.065584049233 500.649685457576
494.217757868154 475.996149911508
503.726530613984 511.122808748481
486.598384859815 502.751123716109
490.896980526032 493.264832292436
492.198841495297 504.68680413642
502.603674519452 506.613655854945
502.9941102569 491.692322385015
483.170875567519 495.888437150092
486.549840356192 509.321108573388
499.19537577291 519.972415787229
524.829645179099 509.71348943077
493.173247774998 511.78921252181
494.842637684013 486.879541315225
503.802020996324 486.836184873066
498.802676872917 477.85914022391
492.284384735701 503.21800159468
496.777572894484 481.30872187447
484.579550367248 500.734738534067
499.914970837171 481.930266084402
488.12964815329 486.769590616706
513.230620648379 493.494118971854
498.167711451202 502.180005433894
485.688740477728 508.451614715368
496.343070560392 500.864121198801
503.891685506517 498.399995709706
492.961848557923 496.987049842246
503.752629789931 498.581995098104
507.284518500101 504.543267410887
499.599061180788 501.410257370951
485.502778374504 496.07655949134
503.372254034864 498.548290505343
516.750954585687 504.753128958726
488.642627802401 484.213415900274
495.664438178472 520.358111266374
503.536531885943 512.46704775156
494.687066118582 507.339200744757
492.248181547962 508.747223555664
501.607344558494 507.019637884404
490.337561194223 500.32048261317
505.08924246488 517.155597783388
488.619361264166 525.209023896995
511.967938982471 498.31813050701
497.562960330379 494.220315150151
498.761329378681 511.150601373264
498.103426819608 496.243702803973
499.976605901315 490.82663359688
497.813543865373 515.65759558474
493.915081138813 481.556196605296
505.464470544191 485.647943758301
500.283516136807 505.724327746885
510.927105725225 500.47305157148
492.699131878504 503.128794260876
485.641585625768 507.541127538609
505.535391487965 480.189649698584
501.981867573619 503.105497021533
473.990402453038 495.427154302287
483.960059138698 516.445607133503
496.461229012287 499.677516206573
497.66923239655 509.474331309227
501.850896015463 465.192482934705
495.192897295337 515.520401234408
514.308940220711 509.991221893542
492.543122306067 488.739142986892
500.813133552163 491.346122090361
505.440228067227 489.702083583488
500.009757672552 505.389094254
480.274597576723 491.775040788713
499.1890328098 523.958966251098
485.710983117026 498.503797791432
498.895314846892 494.590878011855
507.782701917535 504.699815902778
493.935747017828 503.624509362687
502.459032076546 510.804294651447
500.585911818425 499.447060225518
489.73923045623 503.854387243976
526.598507931144 504.649722733374
512.02574023604 493.986016846528
506.377695460782 503.540270506527
499.998373779702 489.558422895108
494.99821512867 496.250959468573
510.044523331524 496.967126949272
504.008683648971 484.20274688818
498.825381333188 504.86333192639
491.305732511796 498.511905875665
507.905477489362 499.739433265609
513.515660086236 495.596867442031
507.453797507588 519.887815001177
500.784769588364 507.048699380691
499.83404996519 502.478537190731
490.703077973357 494.448197325867
497.231788971438 496.234363766582
487.085951533706 500.315121570323
516.378528982496 501.584158924354
500.996268467264 496.746293457274
498.721555246666 506.53695687937
508.193781603327 487.404084028986
511.286005076851 506.800707219163
