500.907711094304 515.957853783313
497.974811996136 486.251174055774
489.240866064064 516.988485800523
495.182950120332 484.767045157676
510.090782597429 497.952378500076
482.218998275265 487.452129601888
490.404471743173 506.876951454728
516.210634791286 499.370478823762
505.755530457253 507.257772250044
513.866994331464 497.293100244805
493.802159523259 499.253434354725
513.378630649315 491.791960037835
493.244731649469 494.793567071645
502.361192539841 478.767305569891
503.83398312137 493.498665308447
503.783065713325 494.118053395402
485.451291569762 488.844099262915
499.131344557146 513.986021903743
515.121361000534 507.477349630854
516.451254344001 486.60124678561
496.176392058107 501.730487460061
502.229781984434 500.408429506532
483.639993875791 504.280701232605
495.07622995222 503.221788926495
505.230189576172 499.58638159063
480.499147831727 510.641694260203
496.957963380333 495.915231943022
508.44390665072 489.377735263375
481.918022910847 510.265708559183
499.041827259154 496.816892658259
496.54985406477 507.8041222889
505.347246823055 496.591163829908
505.852920790388 504.075361970932
506.355979045819 492.249436920175
496.895050814312 509.085239738016
501.425954543594 492.54229480515
481.268500217291 480.314879594499
488.760192514544 505.136303961295
498.073983224864 518.769819027128
490.547095754758 488.411758235043
516.4291420626 496.841473297868
511.412582381166 509.993259289535
497.634746091667 498.544576700384
503.308807529972 507.155570989738
477.582792313319 492.265108536394
502.032245392171 511.699323823316
515.578535831034 488.828100803837
515.361869572843 492.016620561251
501.885002014694 498.487739987431
484.526818221728 502.325729570629
502.884316254199 499.467855839403
513.491100064565 502.416588043913
503.018947050108 503.10488732162
501.593755211183 478.674368476965
521.286177269529 508.510587983768
506.160597154018 516.247986094644
503.149298583795 508.147338491814
508.818776130132 493.091199829456
500.80959582623 488.697062957078
498.365559981639 508.400020580769
497.128324714373 505.35306458841
508.987070042917 497.124615847578
517.196875969676 505.558098324999
487.315619844734 500.180670180206
492.734796553187 503.985769626081
494.728902488807 507.368666779216
511.382632991207 493.77298219548
500.731512852272 498.904364226482
511.096666770105 506.240742100042
513.643979780899 500.708288902919
508.13639838634 507.558918164825
485.857156462414 487.54363617934
508.800128858265 491.406176764209
483.082439074637 492.887703260321
492.769944057962 519.683063950126
499.622263080133 496.442771823604
494.762232669696 505.561221731079
497.629902379657 494.447686891444
477.875651461191 484.461324176448
506.36315022125 500.082344940659
485.314514571432 501.783445322719
494.481617083512 509.003368381451
499.50908964454 492.074330546662
511.845490261643 494.969999228826
487.42613373982 499.304238816857
492.888592219302 517.225469395234
508.71778607249 509.539277545613
511.69124752661 514.518401428321
497.554489159279 493.157466613995
496.792694264602 498.799454558896
494.253699222423 493.939462612573
504.375572770606 502.550777049506
515.553310478607 478.783545860841
504.45131666898 505.259868891197
494.530061404926 494.07498262285
500.372466453627 504.248607675824
507.900030219111 506.977940581975
510.019961719363 501.069294561039
508.370741771224 501.200557934134
518.570432611092 507.318990176616
