504.755374511444 489.838320337909
482.719604970691 519.323273979838
498.178501986325 497.483706049813
507.585748615803 495.97763730227
503.708271841975 489.517973288474
496.929901197654 518.806465749043
506.979956250907 500.186772625001
491.938113423869 505.145860964105
504.09226762924 500.737369651309
495.389832637121 497.290460113451
482.364171297295 497.198643194212
508.485048546276 487.90022702765
493.635042537269 474.206728999249
495.444252644924 500.041101144528
499.607713031532 489.917697373634
485.498853919571 496.604006187083
503.324234976528 500.512721748195
494.693076590384 516.930269528084
496.784246810057 498.552334137416
502.704172772242 486.925070055639
505.365645488359 505.484089520109
492.800995794152 495.6282583336
495.801427037918 488.424126918883
491.231561952771 490.371118003107
501.843475314995 502.657105330836
491.516566027466 508.238070980872
504.092549166507 485.110079324782
505.101737849177 495.223043929825
485.625063392066 496.002469829079
503.029399617269 511.547829889746
502.51082443391 495.496527381137
490.188116542756 501.539899665476
504.988078832529 492.375604020304
496.117486547408 507.740471612289
496.107228299421 516.291710952237
502.154856827349 508.111471267981
518.464637908139 496.141776325998
502.275944629405 486.943249824788
494.787154011315 505.843177404543
509.180657455682 488.696323206004
497.932519479724 501.628537607752
511.091616723132 489.71895350139
496.393872116166 502.963220761162
513.996667684766 512.618945005183
496.230003236678 500.548736991802
485.956007496355 473.231298004619
502.313764001543 498.208430727642
522.149246964592 500.769722517
504.354334502248 505.073263438832
496.161157512049 507.321546990296
511.929203242114 497.526335600173
494.150936637125 494.557812820473
515.006949661542 483.486793425473
483.305746541969 496.143963616266
504.648623294021 501.435931842317
481.597004348105 506.585155002227
502.001558521872 504.865309412739
499.803526742769 497.143424287236
519.600810253638 508.450659394031
489.960803723379 478.293366567269
509.954603793059 493.227465917013
490.649768425109 523.868367373381
498.477776537084 514.090067652931
486.748047367169 498.71314256505
504.284957295721 512.600469695811
509.716040944298 480.111505680044
485.500096517366 491.597527629164
508.794200935093 505.687051378803
505.7774071246 514.667244026731
498.284263863966 498.752591327892
505.026180211728 493.887017685369
501.972479824067 507.948102057626
513.640437671445 505.363726161926
496.051770396648 495.934912314847
497.468494452371 508.813766200853
496.848144397869 484.103948351501
508.429007547644 514.163232892047
510.990972470265 518.869551570944
509.609530080962 491.201934640305
494.653365467167 491.320369188689
511.705804728244 491.034473484305
482.197583136816 505.713014036668
504.064284499129 515.432295654401
509.892763639989 518.297213220817
490.277846759049 482.565895977717
496.27359404491 494.804134738235
499.486048664901 488.038977828484
500.870486932074 507.974284299901
514.272329773212 513.662400376351
491.965176619029 507.001762452015
518.645759402289 508.506887594493
516.399497089669 500.341661567527
514.526613912504 491.474518594172
503.658739374637 515.030630339256
509.614888324464 506.627187953173
504.021961222959 504.29192081067
495.342639229505 509.646664268327
514.661514821066 507.508027486909
501.360564823642 511.314722108568
491.460745992927 510.774012153566
