501.663239894482 515.576134569853
482.745853923121 491.554239557938
492.562805466558 490.278265275466
504.32815704541 492.506970859158
504.677198832009 485.776474165677
483.14783210169 500.791631334409
495.866108524605 504.333163773694
512.007600000351 493.11945528612
484.325921853424 507.2545179944
493.054599414473 503.868253245807
502.696795318678 492.901226234404
494.181008809969 515.613104700308
512.197503667915 480.627843970455
501.803431159225 503.348208702388
488.304024057362 512.900896585564
504.953184831742 502.931019851603
500.08121858407 496.85644850425
501.419772997018 492.78957163119
498.089981891943 495.082563335172
493.177195569665 504.227244968883
497.817362168781 503.807326428727
499.963361162147 507.510938623043
516.595672291544 496.801482238356
506.569673586478 496.510463047586
501.623865394509 511.536627944495
486.476053409876 499.250850245945
515.237645851714 494.045815009193
500.551738245254 496.741217298061
508.597553034597 498.932855533649
510.202774088737 507.254851243874
503.233620823118 502.50654117276
513.740568338536 502.748917842892
508.834464593686 513.025608775493
494.388906172044 497.810861719461
484.366266558631 505.384748031488
488.469399001696 512.939660880246
495.244357846858 504.681482384626
507.69773213929 498.498692510806
503.340930708768 496.526372914981
503.543910529587 498.590694167304
498.269566388106 497.134191943516
506.653230629707 487.942163461538
510.094662103528 483.527460963974
483.591288540931 492.550375844909
491.267177716279 499.543363829736
510.57897316745 483.613540884151
498.898592317451 506.556851237101
492.319719853146 491.371868813672
480.80343695152 507.06700173358
499.476452843686 507.278859720333
504.423647737093 504.966622775282
514.800236374689 497.628798183154
502.147772513628 488.83173598358
508.261564097285 499.446170663647
496.482596659583 505.69312901105
506.619892101757 503.13166150811
520.350854172648 498.96294525131
502.597698918949 502.152681324293
502.12219395307 489.790784013088
505.647544922416 502.873442233777
487.41839125012 476.839283064887
507.789968730581 506.480167759955
494.785472826983 497.430263049518
473.281059121113 495.53459312757
505.299596430661 506.533184562875
496.45163127774 504.780577721066
510.422246293876 495.091631627361
499.240126116234 485.372807093737
500.612971616571 497.172898833229
497.197267869961 508.513313705978
499.378959076249 501.062222218286
485.133661382065 499.506965241194
490.34771774955 485.446547590649
498.552019357879 509.047135707911
488.087143648899 485.650673929457
497.110520528154 496.193228745153
500.200255295137 497.847373845575
489.444876793245 486.262963144564
505.648086113703 498.093398590467
517.448222808981 509.541419174653
492.698781289901 488.640965132669
501.398922523315 500.60168365085
499.006469848165 486.397710313213
501.839757044166 492.04259139078
491.445919321121 500.784638457353
500.469735072307 497.833474060212
491.29506874299 486.067608612313
509.07483277369 517.659346760123
478.09767928802 490.786261482617
507.633126963987 496.797538024305
505.341118511312 490.123726855895
509.468716340595 497.522299003258
497.43514283516 502.447539291196
494.345943384192 480.862442291706
502.788469292085 497.935526150612
492.503152119958 490.560474113084
515.2522794944 492.691181804713
496.704156477892 509.825387529545
490.012570770671 505.2913321512
500.082858896042 509.183896439463
