496.759232947321 503.937896674764
503.111552053438 510.89356219039
508.370389333857 527.211967382998
489.541275612799 515.389131299625
504.474127611993 503.438047133768
492.526217931211 505.221155847989
494.985776994677 509.56275645267
511.679074936928 509.429050589106
493.863863467593 493.73676081113
498.097591034021 499.856241625081
491.841105270342 495.352968350054
505.314467129296 507.780688262045
498.794857909283 509.362508856451
501.056107994425 488.936220312372
491.399716247779 498.438453040387
481.384899734191 503.48066992122
493.75017763218 489.854058320767
510.080293025335 489.206573050829
491.477781918577 520.226657807385
504.410351536627 510.957463449363
501.454751659272 503.602275511395
500.239075342244 506.269072968482
501.158156213197 481.114220278685
492.414827829712 485.175386075281
499.563981197517 501.900011127731
525.303310183892 496.116261054756
494.564199635098 505.838022753761
492.912617548159 521.149222278192
494.672122838764 485.101090431731
519.278843397261 496.813700702462
509.070440529784 496.65193665813
496.763142316493 497.883946857055
510.963923843528 485.444042359044
505.71595614148 497.367121683086
491.973649579193 498.088751407187
509.834725920248 507.949121304036
500.574495344995 480.878595972751
510.038706990976 506.640634117349
512.665875987792 505.078439276677
499.521824033246 518.371899930478
509.783000941759 506.678992181431
508.734922274373 505.74853335711
486.586746367445 517.309494175264
490.872007887537 504.907212997627
500.052195915374 496.688248786495
491.315028322912 507.371946230592
500.59307962406 504.340837761257
484.702808585026 478.622650673608
498.033108689092 492.293041961085
484.859352988267 483.453547726594
491.222348340065 505.076303949391
480.399519566104 503.15955267847
484.776807871859 489.965602375
492.032341405446 510.455504402556
518.326800173635 493.105250973801
505.45921408272 501.015733185053
490.039685621961 497.827429136672
508.092994783354 509.550653803227
476.280322355137 499.380391532104
503.842041428674 504.302998052639
483.507388538175 488.161362550274
485.373151419955 503.168539988789
499.466385744448 508.822543782511
488.202681084633 506.895772575233
517.791686878624 505.217521093144
487.902154063744 504.993388887857
510.464806523748 497.505480135616
503.969154343817 501.694192665483
502.449160731895 530.457091742113
484.779064739009 509.539648945835
491.783635970319 506.257783169957
499.35421682988 498.195373868622
524.646074935025 491.849800358812
512.410904340142 502.664954871594
514.993217222387 511.025433237149
509.978854509768 503.621772742069
492.338911113695 489.028554370674
502.231256463373 491.282389692557
510.356244701433 502.877914910003
489.206825559016 519.056375923822
504.425009338574 514.969129420895
488.412628718442 491.266037835306
494.656547170446 492.10948000458
514.098863814185 487.765808325109
489.743636136612 503.881444856289
516.276563859502 492.636956161213
494.435751304133 494.661695673512
506.141349725987 494.24303127824
511.630451529333 516.38790937049
492.283971211338 499.666149329435
511.743222742952 506.035466452688
496.635643058007 491.106472644655
516.374979480761 504.174717900262
511.774837407517 498.826643741661
485.634678660633 479.216085699656
491.49286109828 510.999326555336
485.752436642815 502.741315803191
512.730150364395 507.949952600977
510.64956311873 496.158870095545
505.260884740172 493.040715675757
