503.990853358579 493.399547559765
498.743249195258 517.356390136578
500.168056068595 503.905371422635
491.896551033851 514.274283330392
508.175469417008 494.104818072203
503.068776644532 510.44428172502
504.862620682226 496.854194087794
495.188203917655 498.264678389524
496.206709123591 492.903441732804
493.056221964145 489.188865569711
492.808386608471 490.882594079605
493.656392103304 495.7593871418
508.319605238401 495.566632087761
518.385970448806 495.234307199463
509.310977945226 511.612824103414
505.315138159336 508.327439515891
527.147851008561 500.538211274456
496.805336900838 503.173564657282
493.015645770487 515.252299320774
508.252578412882 503.446875591878
491.232099426225 493.437403004475
500.46562942678 495.57734104712
486.539943460535 498.745902558867
477.024327479449 494.140341473227
513.382142496864 503.284278343591
510.51468665172 517.343914375149
512.134405464966 514.157324692555
479.941348376434 501.714169725198
500.919209438236 504.943547250453
485.767064044367 507.050501880126
484.571541067569 486.419147620031
488.033655934274 511.630433820163
485.792478938872 509.411521327535
485.379973889207 495.845835442984
490.299042687859 491.005627775728
503.655611078804 489.306094187678
522.404917201478 499.712294211191
485.316487229941 503.69932486539
515.046466494084 505.990807847594
513.723111806601 498.678770034257
504.290596435009 499.889881700621
493.14027933753 497.663596890926
519.645123045456 501.059744638119
517.293810568701 499.184318504756
487.449319304276 517.343999162273
492.178652354507 515.437833827755
490.10959727005 501.558014683632
494.781881972355 505.975256724217
519.053176926088 510.304669437558
492.768055560584 493.128758459393
504.695883466466 498.232725116526
511.0472737027 487.561634377658
501.817658478048 499.714530069452
469.653787383492 510.271745990253
504.723282314553 514.510011854214
469.316739767574 516.107848100859
514.613810700833 490.864593147788
495.134606551621 501.81070021401
499.368126578531 494.468728059135
491.251847650107 502.84336093227
511.526439634031 493.159998642486
499.814709571986 518.928746278233
511.789482624644 499.167650954952
493.275570272571 504.177859440562
498.042770980432 487.776965916305
501.758456237526 491.230617467405
484.806931463609 511.272348672289
502.211772911596 503.589498818086
506.488640505873 509.511417329554
507.087523360873 477.534744992798
513.715910446259 490.862889927076
498.166650311477 511.824174929297
500.421277976009 504.3855122701
486.175999876829 516.689988916798
492.831440032327 503.203064953026
507.669994940429 499.461770920127
479.972290661089 510.480426560259
503.886494537099 501.580269327829
508.439391017527 481.516054012534
491.251975286984 515.291420548243
481.257421712145 501.997674208601
512.412371113081 500.643140241152
513.587261845767 491.57581136318
503.107929755311 493.150642397576
493.092785612291 500.349198059046
489.239077090015 505.198057960532
484.104988847271 491.315421875361
515.400356793225 493.443195063636
484.210589185374 497.56725668896
504.798037881963 483.221369076706
510.132894162102 500.148312076038
492.968792242909 503.182302282273
496.507749569302 509.903366541715
505.66023694982 499.493855339594
502.256534652993 508.938537960131
504.125878778483 502.283092900816
488.365111894567 502.214951564852
494.004442426236 502.150881872045
504.126814364381 487.761472827649
491.168941142499 491.371448477629
