487.539800758356 490.811102766907
487.674994689619 506.116601409118
506.812938736275 503.650331279421
500.801810935361 511.395656621876
492.642469706516 499.074681388896
496.990342671916 499.709855830985
492.185767832055 505.626930916123
483.197903434038 499.671323970213
502.89755931312 495.156323732382
495.199789338485 503.635922550747
520.269510816633 496.249126725857
511.787169056615 509.327576156828
491.989635077077 497.708844306205
494.745038023836 492.595010662437
515.781982741397 500.454554477315
495.638926577222 504.956976307687
514.603507039098 513.954637858213
492.691534135228 512.383943810772
507.613554711646 485.649625665534
496.690137358589 492.328177081845
498.626014429413 489.068134556002
521.580533174826 500.712859243664
503.071918118478 500.125226896894
492.028166403022 503.327982567696
515.235851660618 474.548476518647
501.242169085109 497.942417060541
517.407420340156 492.993723109911
497.787956517311 493.694738300667
487.650907435639 491.28096140684
498.867797948437 506.189103059553
495.770556118371 493.763124855574
517.886455525122 498.26965123729
503.13549990607 511.547084502734
497.994606626732 489.666514795003
505.526941644008 495.344042096104
501.637833408956 503.635211144816
503.677318375339 497.845332783382
499.60939533733 486.491173179115
496.852020814481 499.771932387896
507.7922301914 514.892988876092
496.096107776869 494.876127644078
499.690476049113 499.016966786979
495.157709924479 501.39401360316
510.326704870858 503.878637055773
493.60511409772 515.694050330816
512.139198531941 492.121329269985
492.853838891531 517.129086610871
493.293604521544 490.868452218259
502.672989295465 479.815394400074
483.123233907776 487.994599850789
493.772124178607 497.803160194367
499.627559066146 507.525767729914
485.793847987386 500.480119744707
503.128601082645 500.251409920176
476.674071066291 493.408929468887
507.669851216117 498.144402267614
496.944905564491 494.701934238232
488.638216654827 495.685712920243
509.653822542162 486.175840017009
504.326969058113 490.597700118936
504.626257345015 505.542559620714
498.168597822714 508.627772814758
516.167740606016 482.41887636462
524.612683924888 498.088381330144
488.218170320214 517.873165926285
509.520164507513 505.07135748427
504.676138068802 518.79131862434
489.676124037206 519.276369357933
498.812733966391 511.728996591439
518.06296685129 506.422985165829
489.623434664275 509.811462596085
524.457592467509 492.491217401313
495.823269102374 508.91547842058
502.571093089614 507.03486146987
488.759651242891 491.497256688536
494.56686308698 489.523927178029
510.490230191628 485.938813585747
510.148181767141 500.637841769483
497.713968057439 479.599360632744
497.202406893264 498.416890672492
509.174173073146 503.193803040202
498.866672456601 503.04781706476
515.910405460824 508.098624436827
514.951585036141 499.286835582991
497.755751020899 490.244494501079
494.781308484487 501.873089710542
487.167318745476 513.918338548035
496.214904108013 514.013257360096
519.057858329872 475.190737867818
511.481481341142 512.147817270018
491.059945252137 510.552128049384
509.029632535814 501.169680934381
502.632464326383 504.838075124616
477.841908744863 505.83648524362
511.656502208867 502.884519654677
494.692631050771 497.313538062324
495.352324100564 503.786811066973
513.654512378732 503.528863650092
503.604803544924 502.712346777969
501.534582666062 494.221527518873
