500.797254797055 512.387197422032
492.551262866974 493.262270836896
509.012094600321 496.258900870484
510.575568437898 519.806770176588
495.841349197871 511.115459520717
494.825262128058 503.936213749849
488.208834402703 499.660399549953
506.993290016872 521.588923082553
488.551756645065 492.669763847586
510.115449415465 492.851202627455
506.935531440723 502.413351310585
500.664199946061 504.516894822677
502.785249461803 520.589348907214
485.28620339789 500.225179669979
481.059691847117 495.621713383773
513.964997137255 509.406842892015
505.858232642445 501.28854476992
506.32768975784 513.579924037947
503.69197908698 499.035681108841
499.242927436418 492.733153449763
507.263088731032 491.70795283534
498.751957702379 501.238671955804
514.149776925977 500.218881179146
515.00473984529 505.181740437004
500.405010804518 492.037738836661
511.273912391079 493.616889615564
500.440793171334 486.454289975368
498.304458857277 499.331315995262
495.215589820297 517.74404399819
491.662558039373 506.204638483145
483.432149287121 493.795393917682
506.005859121165 487.063609483612
490.756183595628 490.016798394369
518.884934214352 498.293928173596
494.293920656558 500.692851685068
498.061569054518 497.212059939105
496.590398137021 507.715620885519
515.668958929387 493.657848593837
509.998105708911 510.897176218836
514.07202879298 504.889208743512
494.785586706549 495.81783455329
492.969219848068 494.371604159387
515.985155414117 513.711624491287
508.976124995848 503.144844392769
497.74306587961 493.782692795215
503.58455160736 488.606057228616
489.786195370052 506.546108482099
519.143178845421 517.611977387414
502.976162573871 486.063350263484
513.491111182912 496.03107197548
500.013032370504 489.444286765026
501.401181867982 503.69695679147
512.252799080592 494.677656155687
503.83936458708 484.95199242924
493.858162448407 497.62310422005
490.363736579549 505.553215578478
513.405229088629 505.494474755664
504.009111479497 520.902724046034
495.544713839356 513.420249220861
515.958162563048 486.850239785073
500.599520811079 494.96857347575
495.212314478197 496.579760131845
493.865401438195 498.542730378713
493.464104088242 489.657291138557
493.327497590229 503.355180472438
495.996780755861 492.639021576157
497.22260611003 512.150613847291
518.755774676715 481.421192457081
499.608827679335 499.439668101531
506.108541340113 495.270652623558
509.986111328333 511.237782673092
498.8086597198 478.263606494196
495.352760382006 517.249628510854
511.771303805088 493.463951638723
494.738008662081 501.04202323374
491.715195955721 499.069812300668
499.17822309675 484.625271115566
505.090611755173 510.415899228067
494.223151622386 498.727392824581
513.603502122798 494.795402027269
495.145345067101 518.220314158734
492.572080579483 505.927875149191
493.678249053509 509.858259577108
525.386337177807 497.442025814594
496.003020205968 491.573590803422
502.707847235661 506.675376362142
514.945238116218 507.598578100766
509.295958639011 503.394696455095
492.538296869018 501.374804860261
506.163188283863 497.906546470733
506.246964009445 486.564316373294
492.232847842193 492.390319219336
481.29105777613 510.811903535693
500.598681286977 482.984746749937
493.389268989193 480.458735907135
513.764123080342 503.509818240294
513.458276153151 512.199666364522
507.504262803221 506.597787221112
511.5199552638 497.145252586501
515.417522334791 493.243045139562
