50 51 49 52 49 51 50 49 52 47 47 52 56 49 49 48 49 56 59 53 50 41 51 57 46 41 40 46 61 59 47 54 65 67 50 57 56 57 37 62 55 42 36 55 37 70 48 40 73 48 63 38 62 44 70 63 42 79 48 52 73 42 76 71 48 61 37 80 48 70 36 51 20 52 52 58 71 84 47 48 21 68 82 82 79 33 57 57 86 64 51 5 9 81 91 19 55 29 33 60
50 50 50 48 48 48 53 53 50 46 53 49 46 51 52 58 54 55 54 54 49 45 60 59 50 59 47 46 63 39 37 58 41 49 47 56 33 59 35 50 31 53 66 46 68 62 66 27 29 73 30 68 54 32 61 25 63 55 24 40 22 29 53 59 43 40 34 50 64 23 21 21 64 59 49 88 26 31 34 21 31 64 49 76 35 73 17 92 60 40 91 37 19 43 67 66 37 87 76 25
50 49 49 48 49 50 47 48 49 52 49 52 48 54 49 48 48 50 44 60 41 57 47 43 54 48 58 44 45 44 51 65 36 47 48 53 62 41 37 52 66 71 46 66 48 32 60 74 53 66 72 58 75 34 58 42 60 45 51 53 60 56 25 40 71 61 72 46 67 77 45 46 80 59 70 79 36 45 51 50 47 62 76 60 11 65 79 94 31 44 46 84 38 64 53 64 91 76 91 98
50 50 50 52 51 52 53 48 53 45 55 55 45 54 54 50 48 47 48 47 42 40 48 51 38 52 40 51 61 57 63 63 34 49 51 66 46 35 33 57 31 60 54 34 43 37 44 61 43 63 67 37 25 73 39 72 71 61 37 51 29 22 62 40 24 34 38 49 20 33 61 75 16 38 36 29 67 31 71 49 42 16 62 63 18 52 20 61 80 75 26 87 91 34 7 30 50 58 17 90
50 50 49 49 50 51 50 47 51 55 55 47 54 51 49 51 44 55 56 47 46 58 46 40 53 43 41 36 62 49 59 50 55 65 66 64 61 57 54 56 32 35 56 66 37 68 35 57 31 39 30 74 57 33 69 39 63 73 57 70 54 52 27 47 72 60 83 18 67 55 61 18 33 20 54 52 79 12 35 38 36 75 50 49 72 48 64 68 49 51 5 30 17 20 45 46 16 31 86 48
50 50 51 52 49 49 49 50 50 47 49 48 49 57 46 51 49 44 45 42 59 48 44 51 60 48 52 63 51 45 56 40 47 48 43 40 62 34 64 62 31 51 68 50 42 38 33 28 31 44 30 39 71 74 60 24 49 39 37 31 21 50 45 47 56 30 20 50 51 26 55 74 79 74 26 21 43 45 35 37 42 26 10 29 20 33 12 64 57 16 58 83 74 81 68 42 98 50 78 42
50 50 51 49 51 52 49 51 50 45 48 48 48 50 53 48 42 50 46 53 44 54 44 42 44 61 41 53 53 56 63 54 59 63 58 55 60 42 48 39 59 57 65 54 70 65 28 47 67 72 61 62 34 54 66 36 78 66 56 64 24 64 20 34 77 73 21 66 26 74 50 27 74 60 33 14 73 27 68 46 66 18 19 13 54 74 84 11 41 84 62 47 58 11 21 19 37 23 65 11
50 50 50 50 48 48 53 49 46 52 51 52 50 53 51 50 51 44 48 53 44 58 51 38 62 40 43 38 36 53 60 37 38 38 60 41 64 64 59 40 61 31 59 31 65 70 31 38 48 46 32 59 72 32 55 77 59 62 58 70 60 46 57 40 71 82 81 79 24 64 81 43 86 37 47 64 69 73 11 15 39 50 17 19 82 24 63 50 25 43 31 26 76 27 94 5 74 1 99 16
50 50 49 49 51 53 49 48 46 50 47 52 54 56 43 54 57 52 50 45 45 45 42 52 40 60 57 48 48 48 44 66 38 34 45 60 65 51 62 67 56 49 50 51 51 55 56 41 26 56 68 33 51 65 42 55 55 60 29 67 80 60 53 60 42 44 81 32 69 72 31 21 75 21 32 48 36 76 53 69 89 76 17 47 35 64 63 50 15 47 41 73 75 84 16 21 7 13 74 4
50 51 49 51 52 50 47 53 46 46 52 55 54 57 56 51 45 47 47 44 58 52 56 58 53 60 44 60 43 35 42 56 56 56 65 32 63 66 44 59 37 53 71 42 48 57 51 30 70 49 58 26 25 45 45 42 72 27 33 40 47 51 21 77 67 72 21 55 73 49 47 71 73 67 63 63 13 64 69 44 74 16 44 28 51 79 29 80 80 93 39 14 9 31 14 90 39 1 96 52
50 50 49 48 48 50 49 46 48 55 45 53 44 53 49 50 51 49 55 47 49 40 46 42 54 40 49 48 51 48 60 57 52 36 64 36 56 62 60 31 40 47 29 35 33 49 56 33 60 25 37 31 61 32 62 70 56 78 34 77 70 46 49 38 56 78 43 59 20 76 25 63 20 22 55 70 74 14 14 82 59 81 75 66 70 19 45 75 65 89 92 94 68 38 50 64 15 86 95 53
50 49 49 51 52 53 52 52 53 52 45 48 44 48 45 53 48 58 52 55 42 42 56 42 62 39 38 56 49 58 47 44 52 46 50 66 53 48 52 64 60 69 36 39 53 47 27 30 69 56 39 31 36 65 35 71 39 23 77 50 67 65 19 75 48 33 46 22 25 17 48 26 72 49 19 49 66 30 11 71 67 43 17 50 31 44 48 76 38 90 89 29 64 63 72 69 74 51 33 66
50 51 50 50 50 52 52 53 53 45 53 52 45 55 48 58 53 57 59 48 48 48 46 59 40 41 51 53 56 37 56 54 61 34 41 37 62 61 37 56 53 48 71 44 72 71 48 57 44 69 46 31 73 37 41 27 77 29 78 49 72 54 47 40 45 74 47 19 70 61 43 83 26 44 26 47 67 35 58 44 67 65 39 69 14 60 56 84 79 8 82 20 43 53 21 53 17 64 30 81
50 50 49 51 50 47 49 47 46 54 50 53 48 46 52 45 56 57 42 53 58 61 43 39 62 51 51 52 51 40 43 59 40 66 44 57 51 49 37 67 50 33 30 33 40 64 33 30 63 71 44 43 30 61 56 50 67 59 26 68 27 37 60 76 78 19 82 23 35 17 26 78 51 15 73 61 32 65 63 79 55 91 59 71 92 62 88 61 25 92 9 81 90 68 44 87 25 67 15 31
50 49 49 48 48 47 48 50 50 52 54 44 49 55 51 42 43 55 49 53 59 40 50 39 48 59 44 38 42 43 36 37 52 65 48 65 35 34 61 40 33 67 51 37 31 66 33 65 73 35 71 39 71 65 76 48 57 28 38 45 56 53 38 82 31 40 43 50 83 57 60 18 65 80 16 84 73 19 54 54 18 40 25 74 51 74 15 13 22 78 31 41 81 63 84 5 96 81 8 62
50 49 50 50 49 48 49 48 52 45 53 45 55 48 46 58 50 49 41 51 44 48 50 57 44 47 59 58 51 52 62 49 40 39 65 47 47 49 45 61 38 53 63 50 35 66 54 60 72 70 55 30 70 26 55 71 23 58 34 47 71 44 65 58 26 27 64 67 46 65 43 63 84 83 71 52 69 60 39 81 34 70 72 12 55 48 89 64 90 48 16 11 92 51 25 70 46 43 12 81
50 50 50 49 48 53 52 50 49 53 46 45 52 47 55 45 47 50 45 51 59 55 54 54 59 63 53 55 49 52 54 39 42 36 50 32 50 64 53 40 68 50 36 58 38 45 47 55 58 27 46 46 27 66 63 70 24 73 35 57 42 21 48 25 77 60 73 16 48 42 78 77 83 42 31 56 35 18 14 80 59 50 34 54 9 41 14 14 62 68 23 26 38 54 3 29 82 46 44 61
50 50 51 51 50 53 50 52 50 51 46 48 45 56 44 57 55 50 54 60 52 43 57 48 57 42 48 51 56 53 41 41 35 66 53 53 35 59 44 70 62 36 55 36 36 33 47 59 27 48 51 59 57 66 32 40 65 70 34 52 24 64 25 71 82 42 33 76 43 24 49 25 22 85 24 64 63 33 15 53 50 77 74 84 87 43 58 22 71 92 8 43 30 49 65 34 45 60 19 5
50 50 49 49 52 53 48 47 52 46 45 56 48 52 46 51 47 45 45 48 40 46 43 58 54 41 58 41 45 49 43 59 46 35 51 33 35 59 44 52 42 37 54 42 72 52 37 37 48 36 33 58 70 59 26 76 56 59 27 36 51 30 21 21 79 83 48 16 57 19 56 26 62 34 39 51 26 17 42 18 29 46 75 83 46 61 15 39 32 56 21 27 93 28 87 55 18 22 9 17
50 49 51 49 51 50 50 46 52 53 47 46 51 56 43 52 44 49 44 51 41 58 48 50 54 45 46 60 36 43 53 49 51 37 59 36 64 63 60 69 62 37 33 29 69 68 36 37 34 45 55 29 55 27 53 57 51 32 56 75 53 77 77 32 59 80 50 59 48 75 78 73 79 26 67 75 34 50 19 80 77 19 15 92 61 61 16 73 87 16 60 7 69 11 52 59 7 68 66 36
50 51 49 51 51 52 52 54 47 49 45 49 51 48 44 43 53 52 48 43 47 50 51 42 40 50 41 54 44 56 40 46 38 66 57 33 53 40 53 32 40 61 41 68 39 28 53 60 51 65 62 61 61 68 24 66 48 44 72 30 58 59 41 51 24 52 63 83 64 28 42 73 45 68 23 15 68 52 62 24 22 30 34 92 47 82 65 9 22 7 28 95 75 86 26 11 11 76 55 54
50 51 50 50 48 53 52 47 46 48 55 56 47 53 50 55 49 49 43 48 46 54 44 48 58 56 61 57 42 51 61 43 54 52 44 40 63 35 48 42 52 34 37 28 31 34 52 35 72 54 29 68 53 52 30 55 56 51 24 29 59 24 75 28 71 23 34 52 39 30 73 71 83 86 77 59 65 20 73 80 55 35 24 41 76 58 39 66 42 50 27 26 18 15 26 65 53 82 25 0
50 50 51 51 52 52 49 47 53 51 47 51 49 44 44 54 58 51 58 59 45 58 44 62 54 58 45 36 58 40 53 46 57 59 56 63 42 39 62 60 41 33 68 68 61 31 31 43 46 36 58 66 29 59 46 25 56 77 43 26 75 51 76 50 40 33 29 46 21 75 73 20 65 38 72 64 39 75 73 65 17 35 27 10 58 57 76 44 49 20 31 43 48 5 78 28 42 38 50 81
50 49 49 49 51 52 49 49 53 54 52 46 46 47 47 50 55 46 58 57 48 61 59 48 55 61 56 51 64 61 53 52 59 34 37 60 64 42 61 65 44 58 56 58 69 61 27 39 42 39 39 40 56 49 45 42 61 22 34 65 48 35 35 50 65 35 68 63 47 15 68 14 40 46 50 14 74 76 26 65 30 22 41 65 30 79 71 94 22 23 37 15 39 3 52 53 89 76 93 96
50 51 50 50 49 49 49 48 48 46 49 45 44 46 47 47 42 54 48 57 54 59 39 59 60 57 54 61 39 55 39 39 45 66 56 57 45 33 44 34 47 56 31 51 42 50 51 69 26 74 64 61 36 59 54 40 68 61 26 77 21 47 81 22 52 83 80 24 50 42 67 18 21 24 21 71 21 17 52 15 37 25 59 36 83 81 47 89 23 94 67 84 59 60 29 29 11 55 34 73
50 50 49 48 50 48 47 49 51 48 47 51 45 55 52 53 42 56 42 49 51 39 50 48 53 51 51 63 47 49 49 52 43 41 51 58 34 34 42 59 60 59 63 67 41 39 65 41 66 47 65 45 47 28 35 74 22 45 61 23 57 61 42 74 29 50 61 38 63 83 48 83 65 27 29 64 49 84 21 42 41 76 62 73 58 76 35 9 21 86 35 91 52 23 97 37 75 78 37 53
50 51 50 52 51 51 53 47 53 48 46 52 46 49 51 42 46 53 55 44 53 60 53 40 39 51 48 40 57 61 40 60 52 57 65 67 54 56 57 39 68 54 49 69 34 31 57 45 45 45 44 68 39 67 67 38 59 52 48 77 26 67 23 37 46 27 47 82 18 64 42 63 62 75 41 76 16 25 55 28 60 10 35 86 13 35 41 49 60 61 52 87 23 20 83 24 27 61 17 8
50 49 51 48 48 47 52 48 53 45 49 46 44 47 54 50 42 42 57 59 43 59 51 58 42 56 47 39 59 45 51 35 40 34 48 64 49 51 45 31 44 53 44 41 61 35 46 47 72 67 49 69 70 33 42 29 65 73 21 48 42 29 51 24 39 54 41 82 76 20 79 14 78 16 72 64 69 37 18 88 59 25 48 54 86 31 72 27 92 36 66 14 96 64 55 62 69 30 24 35
50 51 50 48 49 51 48 48 47 45 48 47 55 44 57 52 44 41 49 51 47 40 58 59 40 55 52 56 39 58 36 44 63 49 55 47 58 66 46 58 53 49 59 53 53 27 29 59 69 35 54 49 33 68 66 55 63 24 48 53 35 37 26 31 37 21 63 84 49 82 28 46 62 76 86 67 60 21 36 80 67 66 39 26 67 81 59 25 19 91 53 18 39 10 8 94 3 81 46 50
50 50 50 52 50 53 52 49 46 51 48 54 53 54 50 58 47 52 54 53 54 50 49 51 57 39 49 47 48 35 36 39 55 59 50 59 43 48 61 59 35 66 49 40 50 63 37 51 58 29 48 68 40 57 35 71 49 41 73 42 23 78 29 25 19 64 83 24 32 51 37 49 54 69 56 40 29 73 77 18 28 14 84 9 88 41 18 18 67 93 76 21 44 66 89 50 60 19 25 87
50 50 50 49 48 52 47 49 51 49 48 47 55 53 47 42 53 57 46 58 52 39 40 62 47 47 49 58 43 46 44 60 66 64 57 33 32 56 58 53 47 43 61 71 32 60 41 71 65 52 49 50 66 66 75 78 63 37 60 36 47 81 56 70 29 53 29 57 46 68 40 24 64 35 27 73 54 49 28 27 12 61 51 50 16 72 79 80 64 42 45 96 61 66 57 86 63 3 26 87
50 50 49 50 49 48 50 53 50 45 51 52 46 53 50 50 55 55 52 54 45 48 61 54 42 62 41 58 55 59 50 58 65 34 40 44 58 40 60 62 53 30 52 36 59 54 54 60 70 46 73 67 54 65 72 34 32 32 75 36 40 34 77 27 80 37 76 67 55 51 47 78 77 53 22 20 84 75 56 73 34 22 11 16 45 71 50 82 65 66 80 58 6 42 89 40 8 90 72 13
50 51 49 50 50 50 51 54 52 54 52 52 49 49 51 44 43 56 45 50 45 56 52 55 45 38 48 56 53 42 55 56 46 37 56 59 52 43 38 59 56 69 44 42 51 53 42 45 38 55 60 52 44 72 52 44 57 60 69 33 62 51 27 18 42 38 21 55 55 65 78 41 65 87 79 88 59 73 14 62 58 31 33 83 87 79 30 68 44 60 38 44 13 22 19 55 86 40 6 59
50 51 49 48 52 53 48 51 51 46 49 51 52 48 52 43 58 54 43 46 40 55 50 44 42 42 59 62 59 52 65 42 55 38 59 64 40 51 48 62 35 34 35 64 43 62 72 51 27 44 56 56 76 38 47 41 68 35 63 71 29 46 57 22 35 24 21 68 35 69 79 78 65 31 65 32 27 73 65 24 84 84 90 86 65 60 78 43 87 62 27 86 96 8 67 22 29 19 32 12
50 51 51 50 49 49 52 52 47 52 54 53 51 43 57 56 50 54 59 60 54 54 51 45 38 61 50 64 45 56 57 60 54 35 52 55 40 59 68 31 58 31 40 71 52 29 62 34 55 41 55 43 57 66 29 22 43 22 62 30 68 29 80 30 62 19 68 80 42 44 75 17 49 74 34 67 30 35 89 90 33 29 89 17 53 42 62 52 37 30 34 92 73 37 60 32 50 81 94 57
50 50 51 49 51 51 52 50 54 53 52 45 44 53 47 47 51 58 46 55 58 51 51 39 57 59 54 37 42 38 41 65 45 51 58 55 59 42 38 48 50 68 49 29 28 37 44 27 42 37 53 50 45 40 62 46 23 60 63 80 56 26 76 33 44 59 68 53 18 24 63 43 63 83 60 23 77 87 23 80 88 9 42 72 50 31 59 38 23 85 80 61 18 75 12 9 98 38 58 87
50 50 49 51 51 47 50 53 54 51 49 46 51 51 52 56 52 55 58 56 53 53 53 52 44 58 47 51 41 53 42 46 60 34 61 53 52 45 66 65 61 35 51 58 39 45 45 62 68 32 57 49 35 69 50 29 27 45 64 37 78 51 76 52 81 64 24 39 22 26 37 82 56 39 77 65 56 47 21 64 58 23 62 14 19 45 25 27 74 71 76 90 29 37 55 36 7 82 45 70
50 51 50 50 50 50 51 52 47 53 54 55 47 52 57 52 42 58 46 41 47 43 54 54 38 62 45 44 60 53 54 40 34 64 54 32 34 57 46 59 48 53 43 71 49 59 29 62 31 72 33 72 34 76 48 72 68 59 26 47 30 72 78 48 62 20 56 81 52 52 18 19 15 57 75 32 79 40 48 10 76 44 71 31 56 62 76 88 28 14 31 87 34 9 15 91 70 40 42 55
50 50 50 50 49 51 48 52 51 48 52 53 46 53 56 50 57 47 45 51 41 44 55 38 44 60 61 37 38 65 63 40 56 46 50 38 45 63 41 55 66 33 57 52 28 36 66 44 26 57 66 72 71 26 77 57 40 26 52 52 24 60 53 56 32 60 71 84 74 49 68 75 26 64 71 84 72 43 80 64 34 21 40 74 71 92 91 26 61 76 81 23 96 88 95 89 18 78 55 98
50 49 49 51 50 50 49 54 53 49 52 51 45 54 46 49 46 45 46 50 42 42 60 48 44 56 60 50 52 63 49 53 51 44 57 66 66 31 59 43 30 40 36 32 62 66 56 53 47 30 41 38 27 71 66 34 55 59 43 22 64 75 61 75 67 26 24 57 17 61 18 52 60 77 45 79 17 41 72 49 70 80 65 22 17 9 17 18 46 34 50 18 68 53 32 47 93 58 26 31
50 50 49 50 49 53 52 54 50 53 51 50 53 55 45 42 50 52 59 46 57 46 44 54 61 59 37 56 60 62 58 48 47 52 35 35 40 49 39 31 63 50 58 71 47 64 68 72 39 56 61 73 64 65 72 60 67 29 46 80 29 54 34 56 49 23 68 79 44 52 84 49 70 81 56 84 78 59 41 69 73 22 73 24 22 89 22 94 62 79 7 53 25 39 31 71 11 21 28 47
50 49 49 50 48 49 48 47 48 53 51 47 53 44 45 45 50 41 58 51 42 44 56 47 43 52 55 38 54 45 45 41 34 39 39 67 60 61 43 69 42 53 58 38 66 58 56 67 43 71 50 54 62 40 70 48 29 37 27 54 42 52 81 23 79 62 75 58 22 23 50 84 78 30 82 85 67 86 13 58 25 73 65 71 65 19 50 48 79 77 5 53 4 94 88 82 45 82 1 65
50 51 51 48 49 51 49 49 51 50 53 53 51 46 45 54 44 56 56 43 55 51 39 51 42 46 41 56 50 35 62 35 35 48 35 42 52 45 57 31 70 41 48 28 36 44 33 67 62 73 42 35 34 64 65 46 58 67 73 51 63 29 28 27 51 62 45 33 77 67 46 15 72 84 79 83 17 37 19 80 56 34 14 42 23 8 25 70 65 73 60 86 52 57 75 34 68 65 4 85
50 49 50 52 51 50 50 49 50 54 45 46 54 43 45 45 58 41 53 41 55 55 58 53 52 40 48 44 45 64 53 37 38 54 63 35 58 39 63 42 36 60 70 42 52 71 31 34 62 45 50 37 51 56 53 58 62 38 41 79 68 52 35 36 81 38 68 51 35 51 83 30 56 29 85 83 46 50 21 27 63 12 51 43 15 76 32 80 84 78 23 24 81 56 12 44 14 74 68 36
50 49 51 49 50 48 50 47 46 45 51 44 56 55 49 54 47 42 57 54 44 46 43 61 49 52 49 63 62 40 60 44 41 50 33 59 62 53 47 53 47 69 65 41 39 58 45 33 62 28 26 66 25 72 67 40 22 48 62 66 55 55 65 73 40 77 45 75 66 41 16 43 28 24 67 61 41 83 50 35 13 30 68 37 65 57 67 33 67 73 32 92 22 67 28 37 79 42 84 21
50 49 51 49 51 53 50 51 53 55 47 51 56 44 56 47 47 41 46 42 57 57 48 39 50 43 57 50 36 59 35 63 47 43 42 67 33 42 43 61 52 69 65 53 72 28 36 68 42 71 44 53 43 42 71 67 45 69 79 74 60 71 38 20 45 34 67 52 33 24 44 19 68 54 30 15 74 89 27 29 39 17 61 68 22 45 36 63 79 58 24 43 65 54 89 7 24 57 44 60
50 51 51 50 50 48 48 46 54 46 55 46 54 46 56 42 52 57 51 59 48 51 51 57 40 47 60 59 43 53 51 64 34 56 36 34 44 43 46 32 39 64 68 58 61 66 44 71 59 67 70 65 46 25 27 76 68 68 71 49 24 69 78 67 45 75 63 76 69 38 80 61 72 71 44 15 38 19 15 79 74 18 49 8 89 44 86 65 23 86 20 11 38 11 10 23 16 89 14 64
50 50 51 52 52 49 53 48 47 52 45 55 50 49 48 48 43 59 57 57 40 53 46 59 43 42 42 49 59 46 51 61 64 38 52 35 43 34 69 32 44 44 39 32 54 51 36 64 43 33 25 36 59 33 27 32 58 77 76 28 26 54 65 75 76 29 54 53 17 21 17 59 39 76 48 87 36 31 27 47 67 53 30 81 58 69 72 26 40 43 5 69 88 35 33 11 86 59 36 48
50 50 49 49 51 47 47 52 46 53 45 48 51 52 55 45 58 49 58 60 57 46 57 53 41 46 41 64 45 63 65 39 53 49 38 57 42 61 33 36 70 38 57 47 64 52 27 57 65 57 41 24 66 49 23 77 65 35 63 73 74 55 19 22 77 79 40 20 32 43 15 67 25 44 32 87 25 59 80 50 76 80 34 16 39 66 62 53 11 25 67 10 67 17 12 59 45 94 5 44
50 50 50 50 51 48 47 51 54 51 51 45 50 43 53 43 45 56 58 46 60 57 43 46 54 45 50 63 38 60 63 64 62 57 53 38 38 55 64 62 67 30 42 44 68 33 58 26 45 42 28 31 69 63 24 66 27 53 48 69 49 37 81 19 59 44 47 63 29 24 18 70 84 53 39 75 27 21 64 62 76 37 91 68 11 13 64 86 37 85 44 53 90 43 29 68 32 23 95 1
50 51 50 52 49 49 47 47 51 52 48 50 51 50 51 48 53 56 48 48 56 44 46 49 62 52 39 44 37 45 56 44 48 57 47 49 45 36 35 61 66 54 46 33 44 48 52 63 39 50 48 73 39 77 38 33 75 55 76 44 58 37 37 32 22 71 26 74 81 62 85 70 55 82 86 26 63 60 51 86 35 18 11 65 30 51 11 67 50 42 73 49 16 6 28 81 56 75 18 40
50 49 50 49 49 49 53 51 48 45 53 55 54 49 46 56 42 47 45 56 45 54 52 43 51 50 44 41 52 65 48 50 47 59 35 44 35 57 34 34 34 36 60 59 71 65 61 62 33 29 63 26 33 47 55 34 61 47 41 48 37 53 36 36 65 61 78 38 61 17 55 18 76 13 33 12 21 67 13 50 20 15 27 62 92 12 76 58 64 6 80 38 7 80 14 51 38 21 72 98
50 49 50 48 48 47 50 47 54 55 45 51 48 45 57 42 43 45 53 42 56 58 55 46 41 50 47 64 54 59 47 65 39 51 61 53 62 34 48 42 52 46 48 36 65 38 43 37 38 75 40 24 68 69 38 37 44 41 31 22 32 41 46 64 65 30 56 45 25 41 24 71 82 27 44 70 76 57 66 33 35 44 56 73 66 57 7 94 11 20 6 32 15 55 5 81 19 7 80 28
50 49 51 49 49 51 51 47 54 48 52 50 52 47 53 47 57 46 57 51 41 40 60 46 39 61 49 50 36 45 63 48 60 44 64 45 58 32 34 30 63 51 56 42 41 63 43 43 50 39 73 34 76 53 32 76 75 50 75 40 78 22 73 57 18 51 32 37 74 19 35 58 68 73 49 57 85 63 81 81 43 57 89 23 91 21 51 33 85 87 74 22 34 32 71 82 22 10 85 12
50 50 51 48 51 51 52 51 49 54 49 47 53 50 46 51 56 54 49 40 53 48 59 55 53 58 38 44 52 53 50 55 39 35 37 39 44 48 61 70 65 40 44 61 50 33 38 41 57 29 25 73 69 53 44 30 57 54 59 29 68 35 34 51 40 64 59 55 51 53 74 48 32 22 27 73 56 18 47 28 52 83 49 8 59 7 26 48 50 13 57 83 20 82 96 44 20 35 16 64
50 50 51 49 48 50 49 54 49 49 51 54 47 45 57 54 48 47 56 47 44 60 52 47 47 59 54 51 47 47 53 44 35 59 57 44 51 53 33 60 42 58 38 70 54 69 38 61 47 27 33 58 67 71 53 73 49 68 22 42 49 22 42 50 81 47 81 66 66 76 32 30 80 47 27 65 70 48 87 40 82 51 35 30 9 63 57 60 79 6 59 34 53 89 19 98 40 43 38 82
50 50 50 50 51 47 50 48 46 46 52 48 47 56 45 51 50 54 58 56 53 55 41 60 45 61 63 57 55 41 53 34 65 62 40 32 53 60 39 38 45 37 57 47 69 43 28 45 33 61 32 33 75 46 43 53 76 70 27 68 75 29 71 40 53 75 62 26 24 66 15 33 26 48 82 29 19 44 25 62 18 16 15 11 32 43 80 52 25 75 52 96 89 86 57 90 16 13 77 42
50 50 50 49 49 50 51 53 53 53 49 56 54 54 47 47 51 48 51 56 50 52 44 53 53 62 39 54 63 51 58 51 36 41 61 32 58 45 40 41 47 37 62 38 72 52 49 70 64 71 60 46 39 43 48 32 55 37 69 46 49 34 32 45 75 69 34 75 83 33 53 75 54 49 82 79 42 16 11 43 39 19 26 14 76 38 76 36 89 91 21 77 49 87 83 11 32 96 9 70
50 49 51 49 50 49 47 51 49 46 55 44 51 51 48 43 52 48 42 56 55 48 45 43 62 63 50 42 58 58 39 55 64 47 37 54 65 42 60 36 56 35 65 29 60 60 54 45 51 47 57 51 69 77 53 23 36 46 51 69 45 35 40 68 38 72 66 52 33 65 69 43 44 16 69 22 22 26 26 23 30 55 68 19 49 13 51 79 85 93 58 22 36 48 74 70 35 32 33 52
50 51 50 49 51 50 49 54 52 46 45 48 52 47 54 44 55 42 53 41 52 50 46 41 46 63 61 57 59 49 36 61 54 64 51 36 37 33 69 59 49 41 46 49 44 64 28 63 39 51 59 51 66 68 70 36 72 53 64 39 26 28 52 54 77 55 58 80 45 40 72 68 66 31 18 37 59 67 46 61 69 90 64 56 54 83 77 79 41 82 73 96 66 97 29 20 9 49 15 34
50 49 50 52 50 49 51 54 47 54 51 53 46 43 47 53 50 56 55 54 59 61 48 44 42 50 44 60 62 41 35 49 57 58 34 42 60 66 58 40 52 54 57 57 45 65 51 56 68 39 71 71 38 60 64 45 33 47 30 68 70 61 32 77 23 45 31 53 32 36 54 19 67 70 15 49 82 48 75 36 42 56 29 75 55 85 17 42 54 82 44 11 90 64 39 32 90 31 55 15
50 51 49 52 52 47 52 52 50 45 48 53 44 44 53 55 57 59 49 41 57 54 56 44 42 39 44 57 56 42 54 39 65 41 64 45 56 55 65 51 57 65 66 39 45 64 70 47 38 75 64 43 33 23 61 73 63 50 48 59 55 70 77 59 36 54 70 54 16 55 36 31 21 24 65 70 67 84 67 77 84 48 46 73 37 81 88 46 58 5 34 72 23 11 32 55 88 41 72 41
50 51 50 48 49 52 48 46 53 50 47 53 55 48 53 58 57 58 59 52 48 47 45 59 56 37 44 46 51 50 64 66 41 40 62 46 66 57 51 48 37 57 41 36 52 40 63 54 58 28 37 27 75 47 47 30 66 23 51 74 55 40 33 62 18 81 36 41 74 67 54 77 73 38 65 69 56 73 33 67 36 42 54 14 61 29 75 23 36 12 70 39 51 70 89 21 32 85 6 42
50 51 51 52 48 50 51 46 54 53 54 46 53 54 54 43 43 59 45 40 41 61 46 42 59 47 42 59 38 48 61 59 63 51 63 41 45 49 63 57 54 49 45 62 48 61 27 57 44 31 27 47 70 33 75 75 45 64 78 38 27 62 64 49 58 68 78 21 65 71 23 28 78 46 59 57 45 80 52 18 51 58 45 81 29 84 88 69 92 94 33 13 45 97 35 35 84 33 66 49
50 49 49 52 50 53 50 51 54 48 49 46 50 47 47 45 56 44 41 46 42 54 54 57 39 49 54 46 48 38 57 61 49 40 42 60 63 33 57 62 64 29 62 36 35 64 63 73 53 25 56 27 40 70 26 63 78 61 79 50 34 39 51 68 53 82 41 29 18 60 56 28 69 52 52 71 53 35 86 66 42 43 72 79 52 92 29 7 48 63 46 88 45 74 60 21 23 9 76 49
50 51 51 49 51 47 51 54 50 46 54 50 44 50 55 42 55 50 41 42 47 43 48 56 59 39 44 60 40 61 64 50 62 41 55 46 45 40 61 68 33 67 35 44 60 38 71 37 38 70 61 32 68 64 52 39 71 41 76 41 45 29 35 44 50 28 53 78 60 71 69 74 14 34 44 88 84 66 29 35 55 75 41 38 23 18 33 66 69 93 25 85 9 81 8 21 9 72 42 52
50 50 49 52 48 50 48 51 53 48 47 56 55 49 46 52 49 47 43 43 49 52 39 50 52 45 43 55 55 39 39 55 39 47 49 40 32 68 66 35 37 30 54 64 51 51 29 58 28 44 52 75 37 65 33 74 41 51 61 38 69 24 58 68 72 42 54 30 33 55 64 45 22 86 42 70 74 85 55 35 89 88 77 87 14 16 22 39 83 21 93 55 45 47 70 84 82 83 65 59
50 49 49 49 49 50 48 48 47 51 46 47 48 44 47 57 51 42 45 43 45 43 41 59 40 49 43 46 49 63 51 51 36 61 57 59 45 43 40 40 43 57 49 61 66 38 56 74 33 70 33 30 58 61 72 46 52 78 37 23 67 25 31 38 77 83 20 34 57 74 37 24 33 83 24 79 57 20 71 53 32 67 44 49 51 44 26 29 85 79 48 61 36 45 55 7 80 22 8 82
50 51 51 48 49 47 52 51 48 54 55 55 56 45 47 55 48 49 52 46 45 55 48 55 38 45 63 62 44 42 62 38 57 60 35 52 64 41 36 55 43 65 36 55 35 31 59 72 69 71 73 26 41 57 60 27 73 76 74 23 54 76 34 29 77 49 80 56 60 80 47 65 44 65 27 56 52 13 71 63 75 19 34 16 50 50 51 32 48 51 67 54 73 3 67 47 31 39 45 78
50 51 51 50 51 51 47 48 46 50 55 46 52 49 56 57 57 49 55 56 54 39 55 59 50 39 61 39 41 61 58 39 43 54 35 55 60 49 54 64 36 40 66 30 45 35 50 29 59 30 33 68 27 56 62 53 67 24 29 30 45 53 35 40 73 57 32 28 51 83 80 74 24 75 35 39 53 45 47 90 19 41 78 58 44 10 71 78 59 47 79 91 85 67 47 23 63 18 55 62
50 50 49 49 52 53 50 48 54 50 50 49 46 47 56 55 49 52 44 53 59 51 41 59 40 58 37 58 36 50 37 54 52 65 66 59 50 34 47 31 43 54 71 61 63 43 46 50 28 62 35 63 67 53 34 46 65 55 79 53 78 41 77 44 18 19 71 17 31 31 16 62 17 57 22 34 21 15 61 71 88 33 19 77 56 89 91 50 56 44 59 43 38 50 8 74 79 85 31 19
50 51 49 51 48 52 48 49 48 51 50 44 48 55 56 46 57 55 49 60 56 44 45 50 55 52 56 47 60 53 64 40 63 63 50 64 68 53 39 38 37 60 71 59 48 34 39 49 61 40 26 30 41 72 51 68 37 37 25 67 28 39 50 74 48 77 83 17 57 51 50 83 21 76 64 77 69 70 71 71 81 28 16 41 52 12 50 12 76 22 68 93 95 73 71 96 53 75 74 90
50 51 51 52 49 49 53 53 50 54 48 53 50 52 51 52 49 58 49 42 59 56 54 44 54 55 58 55 43 45 39 47 47 55 60 50 40 56 60 61 64 58 47 32 58 72 56 37 70 47 64 74 75 29 60 25 41 42 78 75 44 57 70 29 71 34 29 50 19 21 27 54 26 49 82 35 82 52 50 31 89 10 75 42 73 20 42 56 57 33 88 24 35 89 25 43 52 94 99 76
50 49 49 51 50 53 48 53 54 48 52 56 51 43 57 45 53 51 41 50 57 41 53 56 51 39 60 61 55 58 35 45 35 56 58 54 51 33 59 56 39 29 39 34 41 68 32 69 55 51 55 30 32 59 69 39 73 75 79 34 68 44 37 77 74 17 32 43 64 52 38 60 20 29 61 51 16 66 23 11 88 81 55 84 73 72 73 92 86 71 62 8 23 96 92 86 30 27 96 20
50 50 49 49 51 51 51 54 49 52 52 54 50 44 45 45 48 58 57 54 56 40 54 41 48 41 60 45 64 58 64 50 56 54 34 43 41 48 58 47 47 49 65 36 40 73 70 49 62 44 36 33 66 60 29 60 55 49 25 44 30 27 66 73 78 33 43 49 18 25 75 72 44 40 51 69 40 63 52 15 39 25 45 36 53 71 9 8 56 51 24 29 48 24 44 95 76 26 30 100
50 51 51 48 50 49 47 47 51 53 50 52 44 45 52 54 47 58 50 49 47 40 47 44 47 56 57 41 58 46 38 44 38 58 37 43 53 36 34 45 54 33 37 54 62 71 71 34 55 66 75 27 42 66 72 51 34 48 41 58 38 71 43 70 74 62 65 66 62 47 58 26 56 42 78 85 72 80 77 86 78 14 24 65 14 62 16 8 39 45 94 70 45 3 56 86 22 82 76 97
50 50 50 49 49 53 48 53 52 51 52 52 52 44 56 49 57 45 54 43 43 56 54 61 42 53 40 37 45 43 35 65 43 54 57 42 51 63 43 63 36 39 47 48 62 30 65 48 73 74 63 72 70 45 46 74 37 74 59 32 46 60 81 36 25 51 51 62 57 35 79 17 14 52 33 54 29 75 52 89 33 48 68 71 84 91 50 83 39 40 81 22 87 79 32 96 32 70 15 36
50 51 49 48 49 49 52 47 48 46 46 45 48 55 53 54 48 47 42 53 43 53 41 45 62 48 43 47 53 53 39 54 34 64 53 66 38 66 65 34 45 29 43 55 40 66 69 35 36 67 70 24 74 59 30 51 27 55 54 41 59 40 44 45 74 27 46 43 37 27 53 56 72 15 18 30 40 17 83 58 27 89 71 83 50 89 66 12 93 44 56 76 33 58 24 51 26 6 33 45
50 51 50 50 50 52 49 46 54 52 53 44 54 56 57 51 47 59 56 43 50 54 57 56 60 46 60 42 46 41 56 56 39 63 54 59 40 41 39 35 44 62 51 58 56 69 37 34 67 32 36 41 54 42 65 30 43 67 54 38 48 46 58 26 71 63 45 30 29 33 79 22 26 13 72 86 75 50 13 83 61 21 81 82 67 70 83 8 21 55 27 24 44 68 89 83 73 65 34 30
50 50 49 49 49 47 51 49 48 52 48 49 50 54 43 51 50 53 42 53 56 51 46 57 61 49 62 37 37 65 48 66 35 43 41 49 47 41 54 32 52 65 39 28 57 68 57 60 66 57 71 56 44 41 69 78 35 49 51 71 55 70 48 40 22 80 80 18 84 52 63 55 31 73 19 42 38 79 29 20 76 16 45 69 38 33 18 33 43 65 35 16 12 9 77 53 90 84 65 1
50 50 50 51 50 51 52 54 51 47 52 44 53 45 50 44 45 44 52 52 43 41 59 38 51 55 49 49 40 54 49 55 55 48 43 51 58 49 37 42 31 42 43 72 50 62 32 62 68 62 64 39 30 39 57 66 48 75 33 69 30 70 66 50 31 41 80 60 23 64 74 22 48 59 79 36 71 84 62 64 66 22 22 76 88 43 15 12 6 74 67 35 4 38 88 80 27 68 79 96
50 49 50 51 49 48 51 54 53 54 52 45 53 47 49 57 55 59 47 41 59 46 47 55 50 47 45 38 53 61 56 36 51 35 59 60 64 38 69 54 43 32 69 64 32 55 27 28 32 66 59 39 76 35 60 31 54 59 39 43 28 34 81 68 72 80 47 64 61 48 15 27 27 31 30 34 66 86 51 60 87 59 26 51 90 22 10 65 80 25 66 44 47 45 25 72 46 27 56 72
50 49 49 49 50 53 48 49 53 54 51 53 52 46 46 54 42 50 42 54 46 58 59 42 62 46 57 40 59 65 41 36 41 45 58 48 32 67 62 50 57 68 40 40 54 34 58 67 64 41 38 68 37 28 48 35 59 61 26 31 27 71 24 33 46 60 41 72 58 78 66 60 72 15 58 28 65 60 78 33 27 79 81 78 45 16 52 59 60 32 11 17 80 80 65 84 45 36 34 90
50 49 50 49 49 50 47 53 51 51 45 51 53 46 50 42 44 49 56 51 40 51 49 43 52 52 53 37 57 42 65 57 54 53 55 56 44 43 38 58 47 48 51 68 28 39 37 37 61 52 46 59 34 52 33 29 62 47 42 47 49 39 79 41 66 70 42 59 43 69 66 52 49 14 54 75 70 31 72 65 33 17 44 17 79 78 11 83 30 69 90 20 19 10 58 16 67 62 95 5
50 50 50 48 48 48 48 49 52 53 49 50 49 49 49 43 49 43 59 49 41 40 42 50 40 62 38 37 61 53 63 48 61 56 46 37 54 53 55 70 65 29 31 38 55 38 27 33 34 58 32 53 48 55 68 43 65 34 45 24 76 80 41 59 70 59 41 35 60 27 79 27 69 14 22 88 37 49 69 12 38 31 45 14 15 75 12 32 45 91 76 77 45 42 13 47 53 48 49 66
50 51 51 52 48 50 50 52 51 53 52 51 51 43 43 46 42 59 46 50 59 56 46 58 48 50 42 39 38 55 49 44 56 33 37 46 38 50 53 35 68 59 29 55 32 27 50 47 67 28 59 28 60 45 59 25 63 75 40 55 44 77 42 29 22 34 28 67 30 37 45 35 82 24 42 66 79 50 58 10 12 26 41 76 62 39 66 36 61 49 11 92 56 65 64 38 61 50 80 33
50 50 50 50 48 48 49 52 54 48 46 51 50 53 48 52 44 46 58 47 59 55 54 50 40 61 58 59 39 62 57 55 60 49 66 48 61 36 63 52 48 33 43 48 60 59 53 63 51 42 60 57 56 39 47 67 65 52 29 29 31 40 36 65 62 72 68 20 78 73 45 74 31 61 78 34 88 70 48 22 14 42 30 27 52 15 67 71 72 65 37 83 59 51 20 54 89 43 50 15
50 51 51 48 49 49 47 53 48 46 46 46 48 45 55 55 48 52 56 54 46 58 53 62 38 41 45 62 38 53 65 61 56 61 56 61 51 33 54 67 49 56 46 30 46 60 49 32 27 61 62 29 64 40 76 48 57 22 24 69 59 19 61 74 82 67 72 82 63 81 84 68 69 39 24 18 50 21 13 23 68 21 85 21 22 90 87 56 76 77 58 4 33 96 36 78 63 87 21 15
50 50 50 52 49 51 48 54 47 48 50 47 50 56 48 53 43 48 47 40 44 49 39 51 59 46 40 57 38 48 54 46 52 46 50 67 60 60 32 53 53 34 59 70 64 38 54 73 46 52 25 61 40 74 69 65 37 23 75 59 38 36 52 52 53 63 48 27 58 61 39 44 63 57 16 26 18 67 79 74 64 23 36 32 81 84 16 23 6 72 22 17 85 25 68 52 56 14 12 60
50 51 51 50 50 53 48 54 46 46 50 52 44 47 45 47 57 52 49 51 54 57 58 42 41 45 51 45 46 35 39 53 52 48 36 32 54 43 39 37 70 34 34 30 59 56 38 41 72 64 53 51 63 48 51 77 32 74 45 79 30 57 64 80 20 51 41 16 80 38 31 63 19 40 73 79 27 80 59 11 61 58 62 72 52 77 63 50 53 24 93 79 8 36 74 54 54 50 11 82
50 50 51 51 48 51 52 50 46 46 50 44 52 51 57 53 47 52 49 46 58 54 50 40 59 63 43 43 39 36 65 61 55 41 45 51 62 64 48 47 62 52 35 51 48 38 55 26 44 29 30 28 54 49 45 75 41 29 74 27 74 23 63 76 60 18 41 72 58 59 28 64 70 87 85 71 78 83 38 35 13 84 29 43 27 15 76 43 22 25 63 91 49 50 16 98 89 84 72 95
50 50 51 50 51 48 53 54 53 48 51 56 44 50 49 58 44 46 49 46 59 55 54 55 59 53 48 37 43 49 35 45 45 62 53 41 64 52 40 67 60 30 62 52 38 67 36 45 26 50 51 57 34 46 71 42 77 45 63 22 79 28 23 54 61 76 48 38 41 17 68 17 62 36 47 40 85 24 52 90 53 69 24 36 76 73 89 93 16 23 66 42 58 42 94 39 86 29 91 41
50 49 50 48 52 48 47 49 49 52 50 56 50 50 48 42 58 57 57 59 43 43 47 50 43 57 56 53 52 41 56 62 39 44 40 35 61 69 32 57 54 65 61 72 39 35 52 44 44 39 61 37 75 53 62 23 48 53 21 68 42 31 78 61 19 32 61 42 46 24 30 31 23 46 85 77 68 57 59 65 52 56 78 81 82 45 68 28 26 61 73 27 76 29 33 2 40 62 33 25
50 49 50 48 52 51 51 52 46 47 46 52 44 57 44 44 45 44 47 58 46 45 40 55 45 57 41 41 38 47 36 39 58 53 44 41 68 65 62 66 69 40 67 29 69 62 64 29 27 75 37 61 33 50 42 66 77 34 68 38 51 55 44 26 71 31 69 54 72 47 69 79 27 36 75 29 73 30 54 57 77 33 49 54 26 55 45 78 14 35 71 8 77 33 86 23 2 66 83 56
50 51 49 50 49 51 53 48 51 46 48 54 44 47 56 42 42 41 49 52 48 53 54 44 44 46 39 42 40 65 65 42 58 53 40 59 38 37 67 63 30 42 64 66 38 73 68 47 47 34 42 36 55 61 74 34 45 71 41 31 30 65 66 53 37 29 65 78 60 82 84 28 69 64 46 33 24 13 49 37 21 41 48 10 71 66 78 92 78 87 82 68 83 49 4 72 78 31 39 75
50 51 49 48 50 52 51 51 49 50 53 53 54 51 48 46 48 55 58 60 54 48 59 58 59 62 47 64 61 45 38 64 39 35 46 34 53 66 48 62 44 58 57 69 49 68 47 28 43 29 58 25 69 53 49 48 59 58 67 80 30 47 39 67 54 33 66 18 26 35 55 35 69 36 74 47 52 32 18 17 46 16 82 60 53 28 9 31 55 23 75 54 71 6 55 86 22 6 61 70
50 50 49 52 50 49 53 47 48 55 46 53 56 50 48 55 42 43 54 58 44 45 48 38 54 40 57 62 58 53 61 50 34 67 57 38 63 44 64 61 52 48 66 35 60 66 36 43 33 46 66 74 26 33 73 41 22 70 76 61 60 75 37 75 57 56 53 39 57 71 22 81 76 46 49 14 23 64 62 41 87 55 9 65 54 30 28 23 72 30 53 85 33 60 48 96 29 6 85 88
50 49 51 51 52 49 52 47 49 52 48 53 56 44 47 47 53 42 49 50 60 58 50 46 49 49 59 41 48 46 53 51 52 47 42 38 33 58 46 40 39 69 37 46 68 66 73 71 39 67 37 61 57 73 50 34 47 65 30 30 39 46 78 26 72 34 45 34 49 49 76 84 17 17 49 75 87 79 59 66 40 52 34 67 43 75 62 18 56 17 64 76 10 39 34 19 31 98 28 80
50 50 51 49 51 51 53 54 52 51 50 48 55 49 50 57 48 48 57 44 55 61 58 54 50 55 47 49 43 62 48 37 56 54 62 40 64 33 45 69 44 56 70 56 68 42 73 31 62 67 37 66 25 46 46 70 67 50 52 41 32 62 30 47 52 63 67 16 44 59 63 24 23 63 29 48 23 40 13 58 67 88 27 88 86 57 20 50 6 80 78 96 93 6 76 62 30 70 18 18
50 50 51 48 48 49 47 50 51 55 50 54 48 53 48 49 48 47 57 41 52 58 46 59 58 45 54 56 42 62 57 41 63 57 49 59 67 64 63 32 39 57 44 43 60 47 38 33 71 48 36 58 64 49 37 46 45 34 70 53 80 56 40 67 50 61 51 52 36 61 81 46 55 14 25 50 58 87 16 26 40 59 57 71 71 39 59 66 77 67 76 14 13 89 93 15 88 60 88 8
