50 51 51 50 50 47 48 50 51 47 50 56 45 56 48 57 54 45 45 46 49 39 39 57 40 41 42 61 64 55 50 45 38 49 48 61 32 44 64 47 69 35 44 65 46 31 37 50 39 74 54 35 55 36 36 38 38 35 50 49 78 62 78 50 41 19 68 30 46 21 76 78 25 56 63 26 86 41 47 90 85 59 67 45 56 51 11 29 74 95 65 85 64 18 39 31 20 5 85 55
50 49 50 50 50 51 49 48 53 52 53 52 51 43 43 44 47 48 57 45 51 41 40 41 51 41 39 51 37 61 36 56 55 46 35 68 46 34 36 69 48 42 30 51 29 31 33 32 30 40 56 75 32 28 31 56 24 46 54 47 76 74 68 28 40 79 53 53 57 84 83 42 60 75 49 23 12 30 84 63 44 29 83 38 53 11 90 63 59 36 80 68 91 23 60 38 57 8 48 1
50 51 51 51 48 48 53 50 48 50 48 45 52 45 47 47 45 57 41 43 41 52 44 38 50 62 51 59 61 43 55 37 63 44 61 32 44 66 32 36 54 33 65 48 53 29 32 73 35 26 58 37 64 49 68 67 32 22 36 24 43 64 56 26 41 71 28 76 32 79 67 80 63 39 75 47 70 63 60 17 75 31 77 73 25 13 35 8 40 7 74 23 77 41 70 51 18 88 79 21
50 49 50 51 50 48 47 47 50 49 45 48 49 54 49 56 51 52 48 51 45 42 45 50 49 51 57 57 48 39 57 61 55 35 44 47 65 61 42 64 33 69 51 30 52 65 48 45 38 31 47 51 53 44 37 23 33 34 45 24 73 61 65 30 78 26 34 24 46 65 81 25 53 87 81 37 16 16 20 37 77 80 42 75 31 53 26 94 12 88 67 8 95 5 76 53 16 98 87 89
50 51 51 50 48 51 49 50 52 46 49 56 56 47 47 49 47 57 48 50 44 59 52 56 52 41 57 43 50 38 35 34 57 42 42 49 62 35 56 31 61 43 47 54 54 67 41 69 34 54 53 58 30 50 41 59 25 56 43 55 30 57 27 73 59 73 76 39 75 60 20 56 65 58 35 20 36 59 75 15 31 82 17 89 36 25 56 78 53 57 13 38 76 61 45 80 64 46 29 65
50 51 49 50 51 53 53 52 47 49 49 52 55 46 43 45 49 45 44 59 45 42 51 49 49 38 51 62 41 58 43 41 59 36 49 35 34 38 56 46 62 47 31 72 68 53 29 71 55 37 31 33 48 24 49 76 78 36 56 72 75 35 76 45 35 64 48 67 56 57 40 61 34 79 18 60 62 34 77 24 44 12 38 35 12 42 51 31 67 70 52 23 65 89 5 19 6 62 84 35
50 49 49 48 49 48 47 47 52 48 47 48 46 49 51 53 47 51 59 47 42 57 48 61 38 39 47 52 38 61 58 56 37 54 64 45 65 50 36 33 42 58 69 28 62 48 32 65 47 60 44 53 39 43 29 75 45 59 37 26 53 53 74 80 33 34 73 16 34 53 71 73 59 72 32 14 31 37 75 33 63 58 29 42 58 17 20 65 77 30 11 18 34 47 51 88 67 75 36 26
50 50 49 52 48 51 48 52 48 46 51 47 53 51 43 56 52 56 54 52 42 54 61 45 48 60 62 46 42 63 58 38 49 33 67 51 50 50 54 37 46 68 38 39 52 50 55 30 41 30 35 36 55 33 30 68 46 65 69 64 63 27 74 72 69 78 19 49 82 58 47 73 83 76 74 31 58 63 65 78 83 10 39 57 79 41 75 30 58 91 13 5 93 80 17 44 8 7 23 28
50 51 49 52 52 48 47 50 52 51 46 56 50 55 44 51 53 49 49 55 51 43 46 41 51 40 49 54 43 39 37 59 49 66 57 43 45 54 49 42 61 55 43 55 59 46 31 36 42 71 49 74 51 27 42 75 41 36 52 77 79 43 19 44 70 42 57 73 34 30 78 42 52 33 19 88 86 58 73 77 73 49 15 22 66 53 13 44 38 83 28 31 61 90 24 14 38 4 43 23
50 50 50 50 51 48 48 49 47 54 49 49 54 51 48 42 50 48 55 50 45 42 51 51 47 46 38 57 41 50 56 48 61 46 66 57 36 44 59 36 64 40 63 46 50 43 68 72 74 30 38 69 34 31 67 39 24 71 46 79 72 40 69 38 58 22 74 68 68 60 40 59 54 56 69 17 43 48 32 29 66 33 33 33 71 24 27 51 11 24 61 54 68 22 40 34 36 29 1 13
50 50 50 52 51 52 51 47 47 47 45 52 47 54 57 47 49 54 42 48 53 46 54 61 46 53 51 49 49 42 40 42 55 36 45 55 46 60 35 37 59 47 44 32 61 41 35 26 52 60 66 25 54 54 42 31 56 69 72 57 36 63 28 66 38 43 60 79 56 84 28 84 16 84 59 60 24 24 35 56 20 12 44 36 49 24 92 51 49 94 80 55 17 74 19 2 55 20 35 11
50 49 50 50 52 52 51 51 50 46 55 48 45 51 43 47 46 44 56 50 51 44 46 62 43 40 42 54 37 41 60 55 51 64 47 35 38 39 68 65 43 30 49 56 72 34 27 56 52 58 61 30 69 62 28 59 56 59 69 67 60 38 59 71 45 29 78 75 47 56 48 22 75 40 67 61 87 22 53 76 34 65 39 87 57 44 80 7 16 79 22 42 22 9 77 28 87 16 46 70
50 49 50 51 48 53 51 46 52 49 52 49 46 49 49 47 52 55 48 58 47 53 61 62 61 46 59 51 36 52 51 48 59 49 40 65 66 44 64 48 52 53 37 52 54 47 28 42 53 74 39 71 51 45 62 75 23 31 74 79 45 25 27 73 32 38 52 57 65 27 26 35 69 60 14 47 55 35 44 62 73 17 19 32 40 68 73 70 73 38 32 73 43 67 52 69 59 7 42 52
50 51 50 48 52 51 51 51 47 48 52 50 51 48 52 49 58 49 55 60 41 45 58 38 49 61 38 46 63 41 35 53 61 59 39 41 40 35 47 57 57 34 50 49 64 44 30 39 45 47 75 61 70 58 46 40 54 28 47 75 20 37 55 65 70 60 70 62 42 83 49 73 16 37 39 13 86 44 28 44 37 85 27 25 83 65 62 46 60 74 47 89 24 52 36 41 4 55 73 29
50 50 51 48 49 51 52 52 48 50 53 49 47 50 55 42 53 49 50 53 44 58 55 50 58 57 43 43 42 42 51 43 54 51 41 68 55 45 56 50 49 33 39 70 49 69 38 71 29 43 38 72 59 27 75 53 51 24 26 50 49 70 28 56 58 80 74 72 50 34 60 25 36 61 56 59 25 28 77 72 30 79 85 9 54 73 77 72 86 64 69 85 36 18 38 59 57 88 24 92
50 51 49 49 50 47 47 53 48 45 49 52 50 53 56 54 57 57 43 43 42 49 56 38 58 51 46 54 50 57 63 48 39 53 42 57 53 52 33 70 40 64 53 37 61 73 42 65 30 75 69 57 73 36 71 72 45 72 77 47 70 28 67 57 34 37 33 80 82 77 37 78 81 64 76 49 34 78 35 76 57 69 20 42 22 54 65 70 61 61 60 12 64 3 80 33 25 45 20 85
50 51 49 52 52 47 52 53 49 54 49 53 45 49 44 52 47 55 45 50 42 46 42 48 52 40 62 43 50 62 40 56 63 39 59 44 65 59 46 35 54 30 42 59 48 38 36 68 60 59 56 67 26 43 38 67 39 64 50 22 25 68 47 82 26 39 21 36 28 53 59 44 38 68 79 47 40 38 39 86 34 69 67 29 22 25 65 6 74 42 21 60 88 22 60 14 75 96 7 67
50 49 51 48 50 50 51 52 52 54 47 47 56 56 54 50 49 47 57 47 58 39 42 56 38 61 43 50 43 38 60 43 51 44 64 58 51 48 37 54 41 48 50 62 60 47 47 54 41 47 59 30 63 27 41 28 63 76 49 27 61 80 42 73 54 75 61 58 32 81 65 61 35 76 48 85 67 72 43 44 67 78 21 20 43 17 20 42 84 73 56 9 49 96 78 46 2 55 26 25
50 50 51 49 52 53 48 49 50 53 46 51 49 50 53 45 58 46 45 53 50 52 55 43 48 47 52 39 47 45 53 62 39 51 51 34 45 57 59 34 42 32 60 37 57 45 29 59 69 65 66 42 44 70 71 64 39 40 46 20 50 26 74 33 42 26 66 42 21 60 80 34 48 48 58 81 51 75 83 90 75 15 80 37 53 9 69 65 25 83 92 81 11 53 18 94 56 12 87 5
50 50 49 51 48 50 49 50 49 50 53 47 54 45 43 52 49 50 55 52 55 60 58 60 62 55 37 54 37 63 61 44 58 64 33 67 49 31 60 67 63 58 34 53 57 67 40 26 70 27 34 42 57 35 33 50 67 38 22 49 53 60 63 24 18 34 81 38 63 15 68 40 52 64 71 44 77 83 70 33 85 39 53 8 82 79 49 67 42 77 22 8 9 81 28 65 86 86 11 84
50 51 50 49 50 49 48 50 51 49 45 55 56 50 56 58 48 53 50 48 50 61 43 46 50 60 57 59 39 43 58 63 35 52 47 37 53 35 46 50 40 68 63 44 69 58 29 70 34 64 62 30 39 53 75 38 35 34 41 75 26 29 61 21 59 83 81 27 42 55 52 30 25 59 40 51 12 75 78 87 46 47 15 56 52 84 8 7 79 15 62 92 67 96 30 67 4 86 23 65
50 50 51 52 51 47 52 46 51 53 45 44 50 51 50 51 54 41 41 44 42 46 41 51 43 41 39 59 40 57 58 38 38 41 57 43 46 69 62 63 35 56 33 32 71 47 41 65 64 37 38 31 52 75 70 43 42 43 63 50 58 73 53 52 37 20 20 60 19 83 83 74 36 31 85 49 14 38 55 10 88 23 38 76 61 54 23 85 10 57 63 53 24 85 11 26 61 22 45 0
50 49 51 52 51 49 51 54 51 45 47 44 51 53 55 51 51 43 45 40 56 41 60 45 47 55 54 40 61 60 58 45 54 45 35 56 66 55 33 33 36 37 46 65 57 43 45 71 46 66 41 45 24 39 68 26 41 79 49 77 39 36 48 18 49 52 79 36 60 49 32 75 45 25 64 73 55 19 19 25 46 52 19 89 26 30 86 69 15 15 26 27 31 60 81 93 84 75 46 90
50 51 51 52 52 48 47 46 49 45 51 51 44 51 55 51 51 44 58 48 55 57 55 50 40 57 38 42 48 64 56 40 52 52 51 42 66 67 58 52 62 56 35 55 44 28 49 58 34 33 39 68 57 33 58 64 33 37 34 41 50 70 70 73 22 49 48 83 35 59 28 56 15 60 84 50 30 68 54 47 66 58 45 91 20 68 69 60 27 56 57 20 49 35 88 12 96 17 23 47
50 51 49 52 49 51 48 49 46 46 48 47 47 54 56 46 58 50 47 57 55 53 57 54 42 44 47 49 62 43 42 38 47 60 67 61 68 33 33 42 49 52 42 66 67 57 56 72 56 65 27 74 43 29 28 69 29 34 67 43 53 80 46 32 57 32 26 62 43 64 68 50 44 68 41 35 69 14 60 61 28 9 27 68 80 47 24 42 67 67 37 67 62 75 26 57 45 94 75 10
50 51 50 48 49 47 52 48 51 47 54 53 46 55 48 49 57 57 44 57 55 43 47 38 59 51 48 39 40 60 62 36 49 56 37 59 36 65 57 38 67 57 48 48 67 46 30 68 68 69 70 68 35 54 67 37 55 21 55 60 66 34 38 23 22 42 20 36 19 31 62 36 21 40 35 35 57 71 30 85 65 59 59 59 51 15 11 46 66 90 47 35 96 44 12 35 46 49 23 71
50 50 51 49 50 52 53 48 47 52 50 44 47 46 56 42 53 48 56 48 55 48 54 58 50 61 38 62 55 51 59 46 52 38 53 60 43 49 69 51 62 29 35 68 42 66 51 55 32 38 66 52 70 32 64 31 36 32 56 70 62 64 36 52 41 60 40 47 37 33 50 36 38 60 28 49 31 53 57 12 24 49 57 19 16 29 11 9 10 22 23 49 59 93 18 65 83 83 37 36
50 51 51 48 48 53 50 47 51 45 53 55 47 48 55 44 47 52 42 40 52 46 56 62 52 50 39 53 36 46 41 46 53 37 52 42 47 58 39 35 45 42 32 52 48 53 39 74 39 51 66 55 60 66 45 71 50 26 72 26 52 74 62 18 44 55 76 68 22 57 55 76 55 58 51 16 64 45 32 84 59 90 79 35 33 58 44 57 27 60 36 25 81 12 53 29 22 14 32 52
50 49 49 50 49 48 52 48 52 48 53 54 47 56 45 42 52 46 51 51 43 58 44 44 48 44 62 64 39 58 55 61 43 65 64 34 58 39 31 67 35 51 68 41 72 64 34 38 29 33 46 52 39 68 62 54 25 27 62 32 75 39 42 69 79 18 81 83 18 77 43 26 18 63 17 69 20 66 62 46 67 79 34 27 41 79 26 50 6 74 65 50 46 34 97 28 61 94 37 73
50 49 50 48 49 51 47 52 52 46 50 53 55 47 56 50 55 55 48 41 50 43 45 61 40 47 54 38 53 39 51 44 43 48 53 44 44 68 62 55 63 61 37 44 42 51 32 70 40 27 30 38 33 75 47 67 45 49 74 52 65 19 72 34 45 59 22 50 38 61 59 46 35 44 41 84 63 54 82 16 85 65 85 77 77 69 92 45 81 15 58 39 74 24 36 67 60 15 42 30
50 51 49 49 48 52 49 54 49 52 53 55 45 43 47 43 57 43 54 60 56 51 42 43 60 56 53 54 39 46 62 40 52 66 33 67 58 47 67 31 69 69 66 58 49 73 43 57 47 38 47 44 69 59 68 72 66 25 75 24 62 75 70 48 66 71 39 50 59 33 57 69 26 14 49 32 62 81 56 67 60 63 17 60 14 15 68 77 70 22 88 60 62 85 27 61 31 61 38 70
50 50 51 52 50 51 51 52 48 46 50 50 51 43 45 43 43 54 49 50 46 40 47 62 57 42 46 51 36 59 47 57 66 63 39 64 52 38 55 58 68 48 30 68 59 61 39 68 63 28 69 26 64 33 30 22 68 22 21 56 37 63 62 67 43 22 40 61 45 16 85 32 44 76 68 49 77 40 59 78 59 83 43 52 75 9 21 12 22 77 56 95 81 20 5 63 33 42 43 76
50 51 50 48 50 52 48 52 54 50 52 46 54 47 48 51 46 53 51 45 57 40 50 39 38 48 59 59 41 49 61 42 48 34 62 48 37 35 50 40 49 53 61 39 71 60 62 32 63 72 64 53 40 53 40 46 61 44 51 57 59 77 23 62 46 69 32 71 46 33 77 57 20 29 18 43 26 38 79 87 30 34 32 31 41 15 23 34 47 23 44 94 15 5 55 91 37 74 16 40
50 49 51 48 48 47 51 49 54 53 49 53 49 57 48 43 54 54 56 51 40 60 61 56 59 48 61 40 39 49 36 38 38 48 37 62 55 59 48 69 60 41 70 71 59 37 33 55 32 37 67 25 60 34 76 48 72 72 24 70 73 24 68 33 55 55 73 66 26 17 56 82 59 49 67 60 36 63 33 88 12 25 76 9 50 76 65 20 75 36 18 58 50 49 53 5 77 71 75 86
50 50 49 50 52 50 52 47 51 47 54 56 48 51 47 43 51 48 42 60 56 55 46 46 49 56 47 54 62 54 54 56 45 43 33 59 39 46 60 58 32 41 64 49 72 37 57 39 73 28 33 37 28 24 41 29 26 23 43 23 28 31 74 47 21 32 37 57 72 29 61 17 61 25 46 34 16 46 48 68 53 67 60 36 74 40 40 87 62 71 80 35 10 57 8 37 71 60 4 70
50 49 51 50 50 47 53 52 51 54 48 47 45 56 44 57 53 48 50 51 57 40 52 46 49 51 42 36 50 37 62 61 60 52 62 39 55 66 64 37 32 60 56 65 58 62 32 49 50 66 35 66 75 63 68 38 62 71 26 20 70 66 62 60 70 25 30 53 71 55 28 44 53 14 20 53 51 52 86 82 67 38 60 36 28 83 82 39 18 59 7 76 10 12 17 35 77 90 50 19
50 50 50 51 50 51 52 53 51 46 55 50 45 55 52 46 53 58 52 46 50 58 57 40 56 63 63 49 42 55 59 57 47 63 67 48 55 49 44 48 67 31 70 70 49 27 59 48 53 32 44 51 68 37 40 71 26 69 68 38 75 60 22 32 77 43 58 59 67 77 81 29 48 28 36 14 83 85 82 45 33 23 33 71 20 41 37 22 43 46 66 30 24 88 71 33 72 71 57 22
50 50 50 48 48 48 47 51 53 45 47 56 51 53 56 49 45 49 59 57 59 44 40 53 54 51 56 45 62 47 62 52 45 37 61 51 46 69 50 68 52 39 40 63 40 30 42 55 26 47 51 43 31 65 40 27 69 34 40 58 75 21 63 35 48 49 41 37 39 43 42 25 24 21 56 78 51 79 43 61 26 65 19 85 19 42 78 19 38 66 12 7 76 96 50 25 94 94 30 0
50 50 50 52 49 52 50 47 54 47 54 49 46 49 44 43 47 49 48 43 58 54 53 43 53 38 54 57 62 57 63 43 57 44 42 48 49 55 35 41 43 41 63 34 32 57 67 39 42 56 68 56 55 73 43 28 48 41 69 50 62 69 77 44 23 83 41 51 28 79 57 78 73 14 48 35 23 73 45 10 86 52 80 12 10 79 67 32 40 31 85 51 46 95 34 80 86 21 14 99
50 49 51 52 50 51 51 46 51 55 55 54 52 45 54 56 57 48 42 44 52 50 39 41 43 44 51 37 51 63 40 57 52 47 59 41 39 46 58 51 67 42 33 63 58 36 58 37 47 52 61 46 51 68 26 66 67 61 62 38 21 24 64 51 19 44 35 70 22 15 72 84 82 60 17 63 60 34 27 37 74 81 25 8 91 25 44 69 92 51 34 84 69 85 33 76 58 8 68 2
50 51 51 51 52 53 51 46 54 47 46 54 50 47 47 52 44 49 54 52 50 51 39 49 50 59 53 40 53 48 40 40 44 36 51 62 32 66 57 40 39 33 55 47 33 44 30 51 33 48 37 36 53 52 44 74 66 75 46 45 41 33 71 75 76 53 51 45 64 56 36 71 14 40 34 63 87 13 37 74 10 23 50 41 39 63 37 41 81 5 48 69 88 44 97 84 25 58 91 22
50 50 51 52 50 53 48 52 46 51 51 51 46 53 47 58 53 55 42 41 54 41 48 48 55 51 40 41 54 47 42 46 38 53 38 55 66 65 42 35 60 71 46 39 63 48 63 69 48 39 50 58 70 63 60 44 57 76 66 36 79 79 47 63 35 56 46 66 20 68 26 75 21 41 38 88 79 76 70 83 88 11 72 34 26 30 45 41 87 58 88 28 49 58 52 12 76 94 1 29
50 49 51 52 50 48 48 49 47 52 50 52 56 56 54 53 47 42 44 56 46 42 44 41 51 40 48 47 64 62 60 60 66 46 37 56 41 62 61 44 58 58 31 47 30 37 44 44 71 28 47 38 27 44 42 37 48 70 42 71 58 31 39 52 36 78 20 63 53 19 26 22 77 20 79 56 13 44 28 63 12 25 27 83 69 60 26 71 76 37 19 52 36 35 77 52 11 21 31 51
50 51 50 52 50 53 52 49 50 53 48 48 49 51 54 53 51 49 53 40 47 49 39 43 47 38 61 58 36 52 55 39 44 67 39 61 54 67 51 61 42 49 45 53 50 49 27 66 53 75 70 58 63 72 74 60 41 31 73 57 39 49 61 62 71 74 62 32 60 57 45 86 18 54 15 26 83 48 72 60 80 57 39 54 67 22 80 21 94 39 27 58 29 84 17 41 3 73 4 39
50 49 49 51 51 53 48 52 50 48 50 53 47 55 50 45 55 43 54 40 47 52 47 49 53 53 39 58 55 37 37 63 49 40 62 50 44 57 47 34 35 71 31 38 41 38 40 41 61 46 58 37 70 65 73 48 31 65 54 77 59 40 42 71 33 18 65 37 71 16 83 59 41 40 72 28 68 42 20 66 20 70 25 89 78 41 39 82 45 29 94 60 68 27 44 7 12 73 44 61
50 49 51 50 50 48 49 49 48 51 46 46 55 46 45 42 56 56 46 46 56 49 58 38 62 54 46 56 36 57 45 39 58 41 65 35 60 41 47 64 33 31 56 35 68 62 68 58 31 36 33 55 25 62 53 27 45 67 72 47 77 69 26 46 18 67 17 24 28 36 16 39 80 30 78 84 32 36 24 54 54 35 68 9 33 93 45 62 33 27 49 20 35 76 53 84 28 22 99 66
50 50 50 50 50 49 48 49 49 46 53 44 48 55 53 52 50 49 53 40 53 41 56 54 49 60 60 37 48 65 54 37 59 62 45 57 65 42 64 57 55 68 35 44 46 40 69 36 46 59 34 72 34 32 58 22 45 57 62 75 64 19 57 50 46 80 43 63 33 65 18 65 26 84 48 29 63 44 15 87 82 34 90 27 41 16 73 7 67 95 12 20 21 36 24 19 56 93 58 17
50 51 51 48 51 48 50 47 51 52 48 46 53 49 51 53 58 46 54 54 51 44 50 48 54 45 51 36 56 65 58 38 50 58 60 46 66 39 60 50 40 43 37 50 51 61 34 27 29 50 72 43 62 30 76 49 67 45 22 45 56 72 25 25 52 21 63 32 35 78 33 55 77 54 39 74 38 42 52 20 37 69 81 82 78 40 67 83 68 93 38 37 39 55 96 32 15 27 61 16
50 50 50 48 50 49 47 46 51 51 51 54 51 43 53 44 51 42 49 48 46 47 45 40 45 46 49 51 41 61 55 54 39 59 67 50 45 32 48 34 37 68 29 37 44 28 27 32 51 54 66 44 44 72 53 53 56 36 76 64 78 45 36 81 45 73 81 66 80 52 31 40 38 32 36 69 74 43 87 70 88 17 86 79 90 78 8 60 81 69 28 93 22 63 74 90 36 14 90 66
50 51 49 50 52 50 53 53 52 53 46 44 44 45 44 49 53 54 47 41 48 39 44 39 54 57 47 37 43 39 64 57 34 59 44 46 64 50 41 42 30 48 40 72 61 27 57 30 60 64 65 45 25 45 54 25 62 56 62 20 62 40 19 37 66 31 43 33 70 54 20 24 45 62 52 49 73 39 27 47 37 74 66 24 36 82 78 83 27 37 30 19 68 40 30 34 82 66 41 47
50 49 49 51 50 49 51 54 51 54 54 46 45 45 54 43 45 45 48 45 51 45 60 52 52 48 39 48 39 43 53 54 64 53 39 44 34 44 35 70 48 49 56 37 55 65 51 35 52 61 66 49 66 33 61 47 26 62 38 39 40 62 71 29 44 30 31 30 39 22 60 59 41 22 18 20 37 68 32 84 73 49 88 46 12 48 71 74 24 83 10 77 60 95 56 63 28 99 83 28
50 49 51 50 50 51 51 51 54 52 46 44 46 50 45 43 47 58 57 41 57 61 56 54 40 54 60 46 51 38 60 36 46 56 45 35 51 57 41 55 50 63 30 29 63 41 27 52 72 35 40 38 45 77 63 58 41 42 21 40 77 33 46 73 28 23 22 24 25 72 33 15 82 20 60 76 75 89 37 18 25 82 37 53 24 47 25 91 37 62 41 53 77 82 32 78 98 2 42 66
50 50 49 51 51 47 51 50 53 52 51 49 45 45 52 43 56 59 55 57 49 57 43 42 43 41 56 61 61 38 64 62 52 55 62 51 55 40 49 61 57 36 57 60 32 59 51 55 54 50 45 40 27 37 56 51 42 78 64 69 56 23 53 37 23 60 36 42 62 26 16 61 57 84 40 14 52 87 75 14 17 69 49 84 58 72 49 30 10 31 94 51 72 78 87 69 75 44 44 6
50 49 49 49 49 50 51 48 48 48 48 46 44 54 49 50 52 44 46 50 58 53 47 60 40 39 62 63 41 36 49 42 48 44 50 37 44 43 69 39 37 39 39 33 50 31 70 41 65 26 61 58 68 57 69 48 77 44 60 56 51 66 74 24 62 28 72 42 24 22 36 40 49 83 20 78 68 44 52 65 38 34 22 87 46 57 50 21 19 23 57 91 52 36 34 86 81 12 8 44
50 50 50 48 51 51 48 54 47 48 55 54 56 54 57 52 50 41 49 56 51 42 60 40 50 51 61 58 45 38 53 46 55 63 47 56 67 51 39 64 70 44 57 48 71 61 44 39 60 52 46 32 58 61 47 26 43 22 25 51 24 75 68 49 27 78 43 32 38 74 26 54 17 20 49 69 46 21 48 88 31 78 83 25 19 34 12 34 68 44 12 72 81 92 94 21 44 54 73 93
50 50 50 52 50 50 53 50 49 48 45 52 54 54 50 42 46 57 46 56 52 54 41 61 62 46 42 37 49 38 50 60 58 43 45 37 63 46 67 49 35 62 60 30 37 71 27 43 67 58 47 66 27 66 49 43 69 74 60 74 25 23 37 74 58 59 56 81 41 79 72 71 70 73 50 17 26 67 26 67 76 46 62 64 77 13 54 34 11 10 89 65 90 4 67 81 20 72 92 59
50 51 49 51 48 53 48 46 50 51 46 52 54 45 56 57 46 48 54 60 42 58 54 49 39 38 53 37 40 35 38 59 55 52 33 53 61 59 35 45 64 65 60 71 46 59 55 72 62 35 49 60 42 73 55 39 44 58 50 58 80 28 26 35 57 70 62 67 38 44 59 18 53 56 40 51 29 16 23 67 13 89 84 68 87 21 10 81 50 41 47 64 79 20 49 16 69 51 61 38
50 49 49 50 50 47 48 49 49 50 48 50 44 57 54 56 45 57 58 50 41 59 55 61 38 39 56 55 63 63 37 56 58 59 62 56 60 36 64 68 43 34 67 70 37 67 51 37 53 56 46 48 43 41 57 77 57 70 40 54 63 40 71 41 41 57 27 47 26 30 42 59 86 28 47 17 41 51 21 56 68 27 89 70 8 79 24 35 72 5 14 88 63 36 94 30 75 43 30 82
50 51 49 48 48 53 50 50 51 47 55 46 44 44 53 46 52 55 49 57 57 61 50 43 39 56 38 38 58 62 65 57 36 38 50 38 39 52 59 37 61 36 54 55 30 36 52 44 34 59 49 66 68 70 62 54 23 21 36 35 38 81 60 53 71 74 66 48 46 73 28 55 57 49 72 65 34 62 86 70 11 54 83 59 28 63 34 75 63 29 70 48 94 42 5 51 7 62 78 89
50 51 51 48 51 53 47 50 50 52 50 56 53 53 56 44 42 45 53 58 42 47 52 56 60 48 49 41 39 63 52 42 55 40 60 42 52 56 47 69 30 30 67 51 32 29 36 52 31 33 39 30 36 40 72 54 52 35 42 76 32 48 38 61 26 47 41 83 49 79 58 63 76 63 27 79 37 27 69 21 24 77 56 81 20 20 12 14 65 84 5 57 30 45 21 61 58 19 59 54
50 51 49 48 48 51 52 53 49 52 54 53 55 46 55 53 50 45 44 42 50 60 46 46 48 43 39 41 51 55 56 56 43 46 65 32 53 38 65 49 38 50 51 36 31 65 55 63 69 32 75 70 61 40 59 49 68 36 64 25 30 39 38 23 74 50 22 54 60 36 44 32 33 26 37 17 58 48 62 21 59 73 60 14 12 25 32 87 31 11 47 96 6 38 83 10 14 48 79 88
50 49 50 48 51 50 48 47 51 47 48 54 53 48 50 50 53 43 59 57 41 61 53 50 48 49 44 63 49 61 47 63 59 44 66 64 34 38 69 55 43 39 44 47 66 71 57 65 66 44 36 59 65 60 67 53 75 48 40 21 78 80 76 28 77 29 31 80 49 28 82 67 57 79 15 61 49 31 37 10 29 82 55 13 91 46 36 86 6 86 14 61 71 74 94 22 93 80 54 28
50 51 51 49 52 48 48 51 53 49 50 51 55 45 48 48 49 50 49 49 45 52 60 54 57 37 43 62 62 38 61 66 36 51 51 35 57 32 45 41 41 42 63 40 30 47 37 43 49 46 68 53 34 49 54 54 77 67 42 67 31 73 30 18 48 43 77 28 77 16 38 61 15 24 13 85 55 18 38 14 90 53 18 77 88 30 46 82 92 59 69 96 95 72 39 3 65 63 65 80
50 50 51 50 48 49 53 52 49 52 47 51 52 47 47 49 55 59 53 52 44 51 61 47 38 38 41 44 54 43 45 34 46 53 57 46 65 53 33 51 55 51 65 51 33 60 48 68 49 40 42 66 73 37 36 47 61 24 62 46 24 52 65 54 59 34 19 80 19 34 42 61 23 35 43 29 13 80 77 28 59 20 75 62 60 16 48 14 19 73 12 69 56 74 51 55 54 80 74 66
50 51 49 52 52 51 52 48 53 52 46 56 52 43 50 53 42 56 41 59 60 43 54 43 46 40 38 47 41 53 52 41 53 38 36 42 50 65 51 38 46 53 63 56 53 27 28 31 42 29 31 46 52 66 42 23 75 56 26 63 80 35 26 39 61 33 38 17 53 40 76 27 67 82 72 77 78 72 28 47 56 84 13 66 36 22 87 92 20 83 91 87 4 54 3 21 75 40 92 8
50 51 49 51 48 53 52 50 50 49 45 56 52 49 54 56 46 47 51 58 49 48 41 47 40 44 52 49 56 39 59 57 47 35 42 64 56 63 33 44 59 46 67 48 50 61 42 53 56 33 53 43 40 51 61 25 47 23 75 36 70 22 81 64 60 81 45 68 57 42 79 16 33 40 34 63 64 71 31 78 74 43 57 15 88 52 23 68 77 84 27 38 23 87 97 5 52 64 15 8
50 49 50 49 50 49 52 47 49 45 53 44 48 48 47 46 46 48 57 52 48 58 41 44 43 42 62 56 56 41 48 45 54 48 39 40 60 54 31 46 44 44 66 35 29 53 46 27 68 62 29 73 48 51 39 38 70 65 74 51 70 21 81 23 25 78 48 68 73 26 71 84 43 70 27 86 53 61 24 76 31 54 36 17 21 23 62 88 93 10 53 40 87 3 59 22 52 34 73 15
50 51 49 52 49 49 50 48 50 55 50 52 50 45 50 58 58 46 52 44 57 55 42 41 58 44 50 51 63 35 52 51 61 56 41 39 39 63 60 50 46 31 40 42 69 41 40 27 71 41 54 40 50 59 66 73 36 36 66 60 58 39 47 30 40 78 32 28 72 16 67 76 34 17 70 32 70 56 70 63 51 75 57 26 50 57 55 53 16 9 41 30 36 62 28 2 56 53 17 14
50 51 49 50 49 52 51 52 54 54 50 52 47 45 55 52 46 58 47 55 59 43 59 60 56 39 44 56 40 64 61 53 46 44 50 54 51 36 53 40 59 33 46 53 28 61 67 66 67 32 75 69 67 72 57 76 51 47 21 66 31 29 45 36 35 49 42 56 75 44 38 25 16 53 27 64 54 62 36 55 78 33 48 68 15 85 26 73 57 18 23 35 49 46 64 58 86 63 7 75
50 49 49 50 50 52 50 49 50 47 48 45 48 44 47 50 58 48 55 59 47 61 44 53 50 56 39 39 47 43 60 54 61 63 51 61 41 53 67 61 46 47 64 46 29 46 42 30 40 50 30 58 60 66 76 53 53 29 56 66 22 73 44 18 76 17 78 64 57 54 29 45 71 25 75 32 45 75 15 29 63 31 9 27 62 66 80 40 16 11 82 14 88 28 64 8 48 62 55 39
50 50 51 52 49 53 52 53 53 55 51 55 48 50 49 50 48 52 42 47 41 44 60 45 50 43 45 53 52 36 51 35 47 63 57 51 38 36 68 39 68 49 41 49 49 64 28 34 49 40 25 39 62 75 62 50 72 38 43 48 33 51 28 57 32 35 34 68 48 32 72 31 49 42 81 76 23 52 11 58 85 64 43 21 75 68 62 30 74 41 65 43 39 86 61 71 80 38 39 14
50 51 51 51 50 50 49 49 53 45 49 45 54 53 51 54 42 53 43 49 48 43 46 53 43 52 58 53 39 59 43 64 37 67 56 65 33 41 48 59 64 62 48 59 43 71 30 43 54 39 38 51 54 39 46 61 25 54 22 58 59 54 27 57 37 69 70 28 30 55 28 49 63 46 61 77 52 36 45 51 60 72 54 80 77 74 65 56 84 59 18 89 21 71 23 51 85 91 34 28
50 51 49 50 48 49 53 53 50 45 49 56 49 49 48 42 43 57 42 58 50 53 53 54 62 48 48 51 58 61 55 42 54 43 65 57 35 58 31 51 52 29 35 64 58 66 41 54 46 71 32 71 60 29 63 23 63 45 64 45 70 24 76 62 39 83 76 25 34 81 70 69 14 35 57 79 86 78 89 32 84 54 84 41 33 53 50 11 89 50 74 19 67 43 40 19 32 49 23 94
50 51 51 50 48 49 47 47 49 53 52 44 49 57 52 50 48 52 49 55 56 44 40 41 41 51 60 52 39 49 63 45 41 37 33 54 61 51 33 70 53 35 44 66 52 55 32 42 60 30 68 44 33 26 67 54 63 42 50 80 38 56 36 42 62 35 20 27 29 46 42 16 84 14 60 17 45 12 73 19 25 40 18 8 34 57 28 6 17 79 46 12 30 59 41 71 12 56 84 49
50 49 51 51 52 47 50 54 53 50 51 56 48 49 49 51 55 58 41 46 43 61 51 59 44 54 52 54 51 40 45 61 64 46 44 56 67 51 47 46 48 44 44 40 33 52 65 26 50 36 53 74 71 36 33 27 63 41 67 68 42 62 65 49 37 57 28 68 64 50 33 66 34 62 56 79 66 24 40 44 43 32 83 18 43 50 77 76 80 94 22 23 50 51 42 92 75 34 40 1
50 50 50 49 50 51 51 47 54 53 48 54 51 48 53 55 44 43 54 47 43 57 47 54 60 39 43 49 63 62 52 39 39 47 43 51 45 47 54 55 42 40 51 31 64 47 54 43 37 27 62 63 70 30 56 57 77 67 66 76 52 52 42 20 26 71 76 70 33 22 76 29 70 59 68 76 36 70 19 50 88 70 75 35 50 87 44 58 56 8 82 38 68 68 62 61 75 89 47 23
50 51 49 48 50 53 53 49 47 46 55 45 44 56 57 42 46 53 41 51 46 61 52 49 57 58 40 55 38 45 44 53 61 52 49 66 39 49 64 69 65 64 38 29 29 49 56 32 58 56 73 30 37 26 69 28 37 76 44 78 68 27 63 21 48 78 63 54 64 47 43 34 21 20 13 39 47 87 28 42 30 12 43 63 38 81 63 47 93 92 84 91 34 17 48 56 67 39 2 48
50 49 50 51 48 48 53 50 48 53 46 49 49 52 44 48 49 44 49 45 41 51 44 47 61 43 43 43 64 55 55 62 42 55 47 36 49 67 46 67 59 42 42 50 47 33 31 35 71 62 46 36 30 58 45 37 40 65 42 33 78 51 60 50 18 66 27 69 53 62 47 33 53 66 30 16 51 51 30 32 68 30 30 45 42 60 59 59 40 22 28 78 46 89 11 58 22 61 85 69
50 51 49 50 51 50 50 46 47 49 48 53 49 46 52 54 42 54 48 59 52 57 46 49 59 40 37 58 59 60 59 52 64 35 37 38 46 49 64 44 58 54 30 60 56 71 58 71 45 69 50 32 41 77 34 23 57 26 51 80 51 35 48 35 80 49 23 63 51 19 38 33 45 49 87 63 56 65 49 70 84 84 61 75 45 87 44 63 36 56 70 19 63 8 27 2 50 80 81 50
50 51 50 49 50 50 50 47 47 48 45 51 48 48 54 50 53 41 50 49 45 60 50 43 59 60 52 51 41 35 46 34 49 59 42 48 66 45 33 46 32 45 49 58 69 27 52 55 73 39 35 56 41 55 30 44 42 27 50 27 70 75 66 48 56 27 30 39 81 57 67 60 42 43 60 61 75 19 74 65 80 75 59 19 39 29 86 54 29 74 48 11 16 58 40 86 14 97 36 79
50 50 51 50 50 49 48 47 49 48 53 51 50 50 57 57 42 47 46 58 53 42 57 38 48 37 42 61 63 49 53 66 47 67 34 43 38 35 54 38 65 30 41 54 70 49 60 40 45 55 46 37 58 65 43 54 73 53 52 61 44 41 58 48 53 36 42 16 58 23 81 73 33 41 59 17 26 37 85 86 49 69 79 84 49 24 64 27 44 75 54 52 6 81 34 81 70 77 1 62
50 49 51 51 48 51 48 46 50 54 46 45 44 52 45 53 45 52 56 53 52 57 39 44 38 51 37 63 46 38 63 59 56 50 42 40 68 34 58 56 38 60 40 43 65 31 27 40 42 60 71 47 71 33 45 32 35 53 26 47 68 70 55 47 23 70 17 61 66 24 78 17 21 72 47 31 27 19 66 79 20 13 68 82 28 34 21 57 38 75 76 48 74 18 17 8 40 32 57 61
50 51 50 48 49 51 47 47 53 51 46 53 55 47 50 49 45 59 56 57 40 53 41 55 54 57 40 55 37 50 61 39 53 48 47 32 57 40 55 43 63 50 42 56 30 59 42 74 28 54 45 39 69 65 27 62 51 61 47 45 67 39 77 53 20 80 48 56 17 83 51 33 58 65 59 56 34 34 33 77 27 59 45 42 91 54 25 19 43 12 8 15 65 49 7 65 83 3 75 78
50 51 51 51 52 51 50 52 50 48 50 46 50 46 46 46 47 57 55 48 47 46 61 39 62 48 51 55 44 57 39 52 59 66 62 62 40 50 63 61 58 54 58 59 62 51 55 33 45 27 42 24 47 77 50 23 26 53 21 41 29 34 30 37 53 24 49 60 62 17 64 61 70 31 82 81 34 68 37 58 47 81 29 32 27 71 54 10 55 9 22 21 67 77 13 16 4 98 38 98
50 50 49 52 49 48 47 53 49 55 54 55 52 55 43 44 52 46 42 47 58 45 58 59 60 60 62 44 57 45 44 36 39 57 55 65 60 33 45 57 40 65 47 53 38 63 35 44 36 59 37 41 38 40 68 76 65 44 74 65 35 34 80 48 76 71 24 71 36 57 42 58 64 80 34 79 87 81 76 84 11 68 38 11 73 91 49 76 46 66 69 45 53 18 17 29 25 60 26 4
50 51 49 49 51 48 51 53 52 54 50 47 44 46 47 54 44 42 43 43 43 61 49 42 55 37 45 46 42 61 56 34 40 40 52 48 67 57 59 62 60 52 33 44 51 42 65 38 68 42 38 65 32 39 33 46 45 59 29 69 35 31 41 24 79 59 58 59 45 68 58 26 45 54 61 48 72 34 82 38 18 13 60 23 53 29 88 91 35 81 49 21 29 47 78 18 57 80 91 20
50 49 51 49 51 52 51 51 50 48 54 54 48 44 44 52 46 56 43 41 44 44 52 41 47 63 48 42 54 64 45 51 56 34 43 47 67 60 35 56 46 57 59 52 71 63 69 27 45 38 49 32 24 29 74 38 48 33 28 55 49 73 59 58 27 74 80 43 40 68 58 76 72 54 87 83 15 69 74 63 64 46 61 23 86 34 74 82 29 53 59 92 39 86 67 91 27 53 45 61
50 49 50 51 51 50 47 47 51 54 55 49 56 53 56 55 42 43 46 54 59 57 57 41 59 49 40 57 40 59 57 60 45 42 50 42 53 55 55 37 57 58 52 65 51 51 69 39 35 57 47 37 59 65 37 26 75 68 72 62 34 56 73 23 45 69 46 61 58 32 72 42 32 74 67 55 38 71 88 88 26 33 47 16 77 78 28 29 27 11 20 49 9 41 48 50 73 1 53 57
50 51 50 50 50 51 51 51 48 48 50 49 51 56 43 54 56 43 55 48 54 44 51 60 59 57 48 49 40 47 46 42 49 55 48 64 45 36 60 52 62 42 53 35 42 68 30 47 50 34 43 70 28 54 25 31 48 58 50 36 73 69 58 30 58 27 19 73 47 83 33 34 32 14 46 55 74 78 19 81 66 85 86 22 78 84 12 66 8 56 23 50 8 66 9 15 61 10 83 54
50 50 50 51 51 53 49 52 50 50 49 49 48 45 43 43 57 51 49 41 45 47 40 43 62 46 58 53 45 62 42 48 56 50 40 54 33 47 34 58 31 49 55 65 69 41 33 66 41 34 59 32 39 47 59 63 43 70 35 33 71 43 39 20 75 25 82 50 50 67 56 36 42 25 16 41 14 85 39 22 22 27 52 34 37 20 45 67 25 9 78 85 52 29 50 22 50 50 51 85
50 51 50 52 52 53 53 51 54 47 48 48 49 55 51 52 44 46 53 59 53 49 51 50 58 62 45 41 47 53 49 55 47 41 63 45 66 62 37 55 64 62 49 61 35 69 58 38 31 56 57 57 32 48 38 69 68 31 29 33 26 68 62 39 19 49 81 21 65 76 84 39 34 32 28 18 78 75 89 17 85 29 86 61 74 59 30 79 90 78 48 85 67 60 89 73 4 95 25 40
50 51 50 48 52 51 50 54 50 51 54 48 54 55 44 43 43 51 47 60 42 48 50 49 61 41 37 61 58 60 35 44 54 64 64 54 61 49 59 38 40 65 48 57 61 48 57 26 60 59 39 40 73 30 60 29 22 37 21 48 62 28 43 27 58 76 19 65 76 28 61 24 30 81 62 36 34 42 44 41 46 49 36 14 48 25 81 75 77 15 68 32 5 89 92 30 33 65 95 14
50 51 51 49 51 52 51 48 46 55 46 52 55 56 44 51 55 44 59 59 50 44 46 45 49 56 38 46 64 52 43 48 54 45 40 34 48 58 45 33 46 50 49 66 65 29 41 32 49 75 63 49 28 75 52 31 78 70 39 60 32 67 60 70 37 67 25 49 60 37 20 24 26 15 75 13 40 77 21 45 35 50 44 21 77 40 8 26 69 17 31 13 13 8 4 9 51 80 59 40
50 51 51 52 51 53 47 47 48 53 45 54 52 47 55 48 49 51 52 48 60 51 42 42 38 45 56 50 50 62 39 38 59 56 49 40 45 38 55 43 36 54 63 51 67 54 71 37 66 68 53 39 57 24 66 74 45 28 50 50 53 68 65 62 71 60 62 36 49 34 74 20 68 32 17 64 62 68 88 74 46 47 14 67 42 25 27 23 18 34 16 80 53 47 6 76 59 74 74 24
50 51 49 48 48 51 51 51 48 46 55 48 48 53 51 44 48 42 45 55 55 43 39 62 40 52 40 54 38 46 43 63 53 65 60 60 64 35 65 41 44 47 55 39 68 33 71 58 74 51 31 75 70 66 24 49 41 23 72 67 40 64 26 47 75 46 77 37 37 44 55 76 23 28 17 21 17 55 54 25 13 20 88 24 62 88 66 89 23 9 40 35 71 90 75 47 49 65 57 81
50 51 50 49 52 50 52 52 54 50 55 53 52 54 55 57 55 52 49 57 56 50 52 47 58 60 46 42 57 54 53 36 50 49 46 54 32 52 50 70 33 49 56 57 70 72 42 50 68 31 30 70 65 29 37 25 66 45 74 75 26 27 60 30 28 44 51 39 65 65 24 44 30 85 52 34 85 34 34 69 41 34 19 74 25 68 36 93 54 53 34 54 95 3 30 39 81 3 80 62
50 51 49 50 49 47 49 53 48 52 48 52 45 51 49 43 46 49 57 50 47 56 43 43 47 63 45 43 42 52 59 51 48 54 45 56 39 32 36 69 64 34 63 69 31 57 40 29 43 48 25 74 37 69 30 57 42 35 59 48 51 57 62 35 30 50 45 36 56 24 46 59 68 76 17 77 21 15 72 23 48 70 29 35 56 90 93 37 24 79 29 21 31 51 46 96 4 10 44 52
50 50 51 52 48 53 49 52 47 54 48 55 56 51 44 44 52 45 58 50 48 61 47 42 44 38 49 60 44 37 65 62 60 65 46 66 51 45 43 64 38 58 35 65 59 71 70 33 32 74 72 72 28 50 38 69 54 67 72 64 43 71 23 76 36 77 58 47 80 28 17 51 68 15 71 86 88 71 75 60 48 53 70 41 61 38 64 27 65 9 57 43 52 60 17 70 27 9 4 31
50 50 51 49 48 52 48 48 53 46 51 54 54 50 52 56 49 58 41 44 57 40 54 52 45 50 49 42 53 51 42 45 53 58 67 52 59 47 31 36 57 71 51 38 35 37 47 67 72 26 72 39 70 72 71 78 24 46 49 42 53 52 35 79 52 72 45 35 67 41 42 22 84 17 71 58 87 68 62 50 44 70 61 57 90 31 36 46 57 67 32 81 55 21 58 29 86 15 9 19
50 49 49 52 51 49 47 46 50 50 52 53 55 51 57 48 49 57 53 42 41 45 46 47 49 41 49 47 44 35 35 65 45 46 53 55 62 52 35 67 56 65 65 70 36 27 38 51 65 64 39 39 44 39 54 69 74 33 57 55 31 60 65 42 80 47 21 59 17 44 19 43 39 39 51 58 37 53 84 31 72 32 11 64 69 12 76 20 44 22 26 31 46 65 60 61 69 96 90 18
