50 49 49 51 52 47 49 50 51 46 45 51 54 54 57 58 54 53 45 43 45 59 42 50 45 51 39 54 47 44 46 57 50 50 66 56 44 43 47 37 54 31 66 52 37 67 31 68 30 70 68 59 24 35 60 59 27 72 41 69 34 49 74 80 67 49 72 19 78 33 62 52 50 14 58 83 86 35 22 58 77 69 82 49 37 15 67 93 12 78 49 80 47 42 52 37 72 67 43 65
50 49 49 52 52 49 53 50 52 55 50 49 50 45 49 51 57 49 53 54 53 42 41 46 52 57 46 46 57 59 50 57 66 66 46 58 54 36 64 65 60 70 66 46 29 59 41 62 59 73 35 49 72 46 25 71 57 71 67 64 75 56 47 21 48 58 49 36 78 56 18 66 38 56 78 18 87 35 70 29 86 63 16 60 88 88 84 91 56 20 50 38 57 75 33 96 6 99 82 50
50 50 49 49 51 51 47 53 49 54 55 47 53 56 56 52 47 58 59 60 57 58 43 60 60 49 55 52 37 54 42 52 57 64 49 41 56 43 56 31 35 57 64 48 41 66 47 60 50 36 61 67 37 36 58 74 40 70 49 57 77 45 72 19 53 76 74 65 19 80 47 34 38 61 15 36 34 22 37 29 47 79 50 24 63 35 43 9 25 52 69 38 29 44 78 24 33 69 46 44
50 49 49 51 50 47 53 48 53 47 47 48 49 54 45 44 48 55 50 45 48 57 40 54 48 40 50 46 41 35 36 61 41 59 53 33 48 68 37 70 58 63 34 34 47 50 64 50 62 54 40 25 67 49 45 47 59 66 41 41 56 35 49 41 33 64 26 58 84 22 48 71 73 67 82 43 73 55 17 11 27 60 68 14 13 73 87 41 46 34 13 7 12 8 53 43 72 87 5 58
50 51 50 52 52 52 50 46 47 52 46 53 47 52 50 56 48 59 55 41 41 58 48 41 50 56 57 51 57 37 38 35 49 40 66 54 37 35 63 67 60 57 33 61 58 52 35 72 65 63 34 49 28 44 38 63 56 52 23 76 65 19 62 82 24 60 25 68 52 31 40 44 50 78 47 32 34 64 56 73 38 30 29 34 81 91 45 42 58 73 10 73 29 9 68 27 22 2 50 52
50 50 50 51 50 48 49 52 46 49 47 53 45 54 48 49 43 42 59 60 50 60 48 45 46 54 38 49 53 56 41 46 34 54 48 68 36 54 50 69 30 47 31 45 54 44 67 39 74 25 60 38 67 56 56 45 62 50 21 28 29 79 54 54 41 56 26 50 19 64 42 80 35 77 42 62 39 73 62 15 29 89 72 44 51 56 77 64 12 77 8 56 54 91 80 31 24 27 65 96
50 51 50 51 52 47 50 49 53 53 50 56 56 57 52 48 55 49 51 43 55 40 48 38 62 47 39 39 52 63 51 38 49 43 58 42 35 32 34 37 55 60 63 72 42 72 54 55 71 37 57 58 36 64 41 46 46 45 50 77 58 49 27 33 43 66 82 57 26 48 63 86 48 21 43 69 87 27 43 39 24 56 60 31 67 69 48 57 82 23 35 89 20 57 25 28 96 71 20 52
50 51 50 51 50 47 53 46 51 47 47 50 44 48 57 45 48 41 56 50 49 41 61 44 55 61 63 52 59 56 60 66 60 62 61 61 40 66 34 61 44 45 53 58 32 42 53 39 59 25 30 67 69 75 72 29 24 63 46 34 25 39 36 25 31 21 52 76 82 51 75 28 57 31 77 12 21 34 70 33 18 46 58 44 15 70 50 90 68 38 29 44 21 16 85 71 72 2 66 85
50 50 49 48 49 47 52 51 47 51 51 55 49 43 48 43 43 52 57 42 43 40 44 47 40 39 38 54 60 53 58 35 55 51 41 35 34 55 49 35 41 44 66 68 49 56 63 63 64 57 71 62 30 50 63 24 52 42 68 45 40 36 63 20 33 24 54 76 74 33 84 35 41 83 44 86 65 32 12 57 68 16 91 90 48 32 45 27 53 65 82 17 12 41 41 54 92 63 33 74
50 49 49 51 50 47 51 47 48 49 52 56 49 52 56 47 54 42 57 56 53 41 60 62 57 61 58 63 56 48 57 43 63 58 65 50 39 65 41 59 34 55 37 42 67 68 27 26 44 33 44 41 36 30 75 58 37 63 64 54 25 72 52 23 64 43 71 61 68 15 36 21 50 40 77 60 78 31 81 38 21 45 24 25 48 47 76 89 44 29 67 71 75 74 32 18 77 42 90 32
50 51 50 48 51 50 48 52 53 53 53 45 49 44 50 47 49 49 49 48 43 39 49 49 39 41 56 57 49 38 39 52 66 66 57 50 55 42 62 47 64 33 30 28 37 39 54 63 39 37 70 54 51 77 57 57 38 62 76 34 59 31 77 48 49 74 19 60 64 47 51 62 76 66 17 61 44 35 30 72 63 15 48 54 76 35 90 31 28 76 83 52 45 88 79 42 79 27 92 80
50 51 50 51 52 50 51 51 52 45 49 45 50 55 48 43 51 43 43 44 47 55 50 38 47 61 54 39 38 49 60 42 51 33 42 50 43 48 31 63 50 70 51 61 59 59 46 36 42 45 69 52 49 68 38 43 34 47 76 23 71 51 37 19 77 74 35 60 67 58 75 84 38 73 29 36 31 63 63 41 25 55 40 74 55 31 53 10 60 16 78 7 73 23 13 21 24 34 73 89
50 51 50 50 51 49 49 46 46 51 52 45 46 56 54 42 50 43 51 48 49 54 48 56 62 51 40 50 58 55 37 38 61 54 60 47 59 45 44 55 53 50 32 52 46 67 46 39 55 46 63 33 44 30 68 72 68 39 30 33 35 62 48 53 69 57 64 46 55 26 71 34 46 29 65 70 84 34 24 66 46 77 26 25 40 85 15 15 13 80 76 32 26 71 33 97 22 93 13 2
50 49 51 50 49 51 52 50 49 48 54 56 44 46 47 43 51 45 45 57 40 49 50 45 61 41 39 36 36 36 36 65 44 41 47 38 49 52 55 46 57 35 31 40 48 36 73 61 73 49 30 47 64 48 52 51 27 72 55 35 79 22 63 38 73 68 55 30 53 29 80 72 24 29 74 58 20 47 82 73 36 48 33 59 61 41 60 13 30 6 21 20 30 75 96 74 21 29 69 1
50 51 51 49 49 52 47 46 51 53 53 44 45 44 56 47 51 48 44 42 50 54 39 55 55 56 55 55 37 61 51 66 43 55 62 42 54 35 45 57 37 58 56 40 37 32 66 43 73 34 26 66 53 71 47 74 72 55 55 36 59 72 43 53 23 27 32 58 83 53 61 83 45 20 87 23 84 28 28 51 18 75 35 81 12 62 67 52 50 65 40 35 9 78 87 28 56 19 1 26
50 49 50 52 51 53 47 46 51 54 55 45 46 47 47 54 54 46 42 48 51 44 56 48 40 46 63 36 60 45 39 38 63 63 66 35 64 44 69 43 55 33 62 45 42 62 30 66 70 47 26 50 32 60 34 71 49 68 27 53 69 48 32 59 18 61 19 47 51 33 27 35 68 63 62 52 76 52 16 66 65 56 24 55 18 40 69 85 80 72 89 51 72 26 78 13 58 80 74 29
50 50 49 48 52 50 53 46 49 47 49 52 48 56 44 57 50 48 42 57 45 48 53 60 47 38 38 44 46 51 60 52 40 42 56 38 42 60 36 55 66 42 36 31 31 66 45 63 69 66 32 55 67 55 39 73 22 47 38 54 38 19 42 36 34 51 36 43 49 62 29 48 58 43 74 62 67 46 60 60 19 41 34 67 70 35 51 52 85 56 65 52 22 35 22 5 64 90 98 19
50 51 50 51 51 53 47 52 53 46 52 47 51 44 44 50 52 51 51 56 55 57 56 45 58 44 53 49 56 42 65 43 46 47 40 38 42 54 36 70 41 32 43 45 52 37 52 58 46 73 39 44 29 29 49 54 74 62 59 35 76 42 26 28 38 50 72 51 49 51 21 67 25 44 86 25 82 70 86 66 69 27 52 19 91 73 67 86 78 16 58 22 9 80 33 94 65 77 97 35
50 51 49 51 51 48 47 50 50 55 54 51 49 57 48 45 56 43 52 46 53 61 45 52 53 49 57 62 43 48 64 59 49 65 33 61 35 57 40 61 46 34 44 58 31 68 33 59 30 75 74 59 69 74 33 61 55 55 26 80 77 79 66 67 38 71 26 63 72 49 75 31 82 28 33 23 23 20 20 60 20 57 80 63 72 92 9 76 84 52 9 24 10 32 16 47 34 97 1 28
50 50 51 48 48 49 47 46 54 50 45 44 49 50 43 58 55 45 59 41 41 55 52 57 47 38 39 51 52 44 48 52 45 44 49 36 55 48 34 40 69 29 50 43 35 29 37 37 34 51 58 32 42 25 76 31 75 66 51 74 28 66 35 67 75 69 46 57 18 78 60 83 78 62 55 40 33 79 64 14 90 18 21 48 31 62 47 92 21 13 21 17 74 64 91 91 85 49 30 72
50 49 51 50 50 52 51 51 51 47 54 51 46 47 45 44 53 50 51 60 54 60 41 55 42 62 53 46 48 52 47 54 61 52 53 33 60 36 63 46 70 69 41 65 68 67 37 43 39 45 61 40 41 49 53 56 36 21 27 59 35 25 34 41 74 23 48 80 56 20 26 61 78 15 14 68 19 15 75 40 74 61 33 28 42 59 46 25 85 8 38 21 76 13 75 41 68 25 78 32
50 49 51 51 49 51 50 47 52 51 48 52 46 57 55 50 51 51 49 44 49 43 43 45 49 43 57 48 57 55 40 35 48 51 55 34 45 42 64 58 34 46 46 30 54 61 40 57 51 68 66 60 60 65 58 51 76 64 27 43 35 53 36 42 82 23 31 32 77 78 68 29 26 25 86 76 84 40 67 36 58 23 23 92 60 68 55 25 22 41 23 36 33 81 20 90 46 34 42 71
50 49 51 49 52 47 50 49 52 53 48 47 56 56 45 43 43 59 58 46 55 47 52 46 40 62 39 62 58 56 41 46 63 42 51 63 68 45 67 56 51 63 29 51 43 62 72 55 50 58 49 51 34 28 27 22 49 60 32 50 60 29 40 44 37 74 77 53 47 58 53 79 86 48 32 50 76 39 68 25 80 28 79 43 26 23 89 33 93 71 87 91 16 51 82 38 72 45 4 51
50 51 49 49 51 47 51 53 54 50 48 49 54 45 56 42 50 50 51 42 60 41 47 56 51 46 42 51 41 61 54 51 58 56 44 36 37 54 49 59 61 41 60 44 32 38 51 29 53 50 55 41 57 52 73 25 58 61 39 26 35 34 68 64 29 70 69 74 78 43 70 75 56 66 23 77 38 47 86 17 69 19 80 70 11 37 72 40 40 62 78 8 96 72 73 40 33 76 44 22
50 49 51 50 50 52 50 51 52 53 46 49 51 44 56 58 54 45 42 54 50 40 59 43 55 55 39 36 44 47 36 55 35 48 42 45 57 44 67 48 35 50 57 57 54 46 69 67 49 51 35 63 62 43 24 78 34 77 31 62 70 77 67 30 48 71 64 18 54 39 31 18 29 50 14 26 37 23 69 42 72 20 86 55 86 77 71 42 43 80 10 75 27 91 78 27 45 36 87 10
50 49 49 52 50 48 52 46 54 48 45 49 47 47 44 42 53 46 49 44 54 48 59 46 49 51 51 40 59 56 62 58 58 45 54 54 65 59 37 36 40 45 65 52 64 45 41 61 33 70 38 67 57 58 30 33 41 23 33 45 50 81 76 50 73 60 70 40 69 75 29 27 33 46 74 38 53 25 18 77 16 71 69 65 49 35 14 43 50 59 27 58 6 13 10 43 31 51 74 93
50 51 50 48 49 51 49 49 53 51 49 55 55 45 55 43 49 51 41 49 43 55 49 39 41 49 60 49 62 35 53 34 64 39 42 52 41 51 34 30 35 44 30 50 44 48 57 74 40 52 46 70 71 76 51 43 60 64 79 72 71 38 79 41 52 67 67 31 56 48 41 23 36 57 40 14 60 49 88 60 81 64 34 91 52 44 83 57 93 19 22 5 77 76 73 90 19 52 15 3
50 51 51 51 48 49 50 49 52 55 53 55 55 49 55 47 57 54 55 57 45 43 51 52 58 59 37 46 43 52 64 47 44 44 34 55 49 39 64 43 50 57 44 32 63 73 62 39 70 57 65 63 57 58 65 49 57 47 35 40 43 76 38 31 58 70 79 71 79 43 25 14 74 84 33 41 37 23 78 83 12 70 79 23 74 22 79 44 48 22 10 20 41 86 40 64 21 99 33 68
50 50 51 49 50 49 47 46 50 47 53 51 53 56 52 49 55 47 43 54 56 57 55 51 51 54 49 54 50 55 40 62 56 41 57 42 61 59 33 68 63 63 68 60 72 29 29 37 58 25 30 75 28 75 32 52 67 35 38 73 45 68 47 31 54 47 62 66 16 83 26 16 17 61 46 58 62 36 86 48 27 40 27 91 90 26 77 19 78 71 62 73 10 67 50 62 71 30 33 21
50 51 50 49 49 50 51 51 49 53 55 51 45 53 54 42 51 45 44 43 43 47 52 62 53 45 40 48 42 49 65 52 65 51 61 45 52 33 63 33 41 37 67 54 39 42 65 46 72 48 26 31 68 44 76 73 77 38 42 22 50 44 24 62 62 30 71 76 52 43 25 40 52 29 70 12 73 67 59 67 60 52 90 77 63 57 13 87 67 57 88 44 47 41 41 80 34 40 23 33
50 50 51 50 50 51 47 47 52 46 52 44 49 48 47 52 49 51 57 60 45 52 47 54 55 56 38 55 61 55 57 39 54 49 67 57 55 40 58 70 38 43 48 31 45 37 71 70 58 35 26 38 47 31 47 45 57 71 62 47 36 81 81 22 27 58 78 18 26 51 67 63 34 79 82 70 42 18 44 14 44 11 53 40 66 62 25 77 90 19 43 41 36 74 11 10 95 49 93 59
50 49 51 50 48 53 49 50 50 47 51 44 47 53 57 42 42 43 50 42 40 44 41 58 55 50 37 56 55 55 57 49 47 37 48 50 38 59 48 54 36 50 66 66 47 51 32 61 57 75 35 35 66 53 35 29 45 47 43 67 34 63 45 26 51 40 42 44 40 18 72 61 68 83 70 39 77 21 75 68 79 89 91 22 11 31 88 89 81 77 92 9 65 37 20 69 72 34 64 84
50 49 50 48 48 53 53 53 51 51 49 50 55 47 44 57 48 43 45 59 56 55 58 62 60 45 37 60 53 62 41 43 63 59 63 55 35 54 45 36 40 64 38 58 55 37 45 50 44 40 51 49 44 53 52 30 38 72 65 58 62 38 64 75 32 73 57 58 76 16 22 55 78 40 56 65 13 57 12 78 54 20 36 49 37 51 28 85 26 47 62 74 67 73 89 93 90 28 72 48
50 50 51 48 49 52 47 52 47 51 52 50 46 43 57 48 56 51 48 53 60 53 40 47 43 50 38 41 36 51 55 65 50 42 52 47 33 44 60 45 60 32 42 59 28 33 59 45 38 68 70 75 52 59 38 40 61 55 71 43 23 56 77 67 39 43 24 55 23 54 22 27 45 69 83 18 46 31 35 79 84 11 44 48 74 77 56 34 33 7 21 87 93 73 58 35 77 44 81 54
50 49 51 49 48 50 50 53 54 52 47 52 46 50 50 53 44 51 46 48 48 41 39 60 51 45 38 51 61 57 56 55 44 60 66 35 37 64 39 43 52 57 64 50 35 68 49 70 50 35 35 68 51 47 63 58 70 59 36 55 70 53 54 51 75 32 82 57 24 61 63 68 25 45 58 71 27 76 69 64 89 12 30 56 50 68 26 27 94 71 8 27 4 97 83 6 89 82 28 51
50 51 51 48 48 48 51 53 53 52 47 46 50 54 56 49 57 47 52 44 51 49 58 59 39 42 56 57 46 62 43 65 53 43 41 41 59 34 63 32 70 32 54 61 30 57 44 61 54 51 48 24 60 64 57 24 77 66 52 20 23 71 28 60 77 78 46 33 43 19 44 43 28 79 22 23 31 84 72 86 75 67 13 42 35 84 48 70 85 33 10 5 78 76 5 37 49 70 46 57
50 50 50 51 51 53 49 53 48 55 48 49 56 51 57 47 53 51 53 57 49 48 55 53 59 48 60 44 50 63 57 64 41 55 44 33 35 61 36 66 32 67 31 37 30 52 45 28 27 30 60 76 40 64 27 50 27 63 46 26 52 26 38 54 47 52 59 64 82 80 60 85 67 52 28 63 30 52 75 46 66 61 81 68 11 15 54 16 43 93 16 12 64 6 70 32 88 85 60 45
50 51 51 51 49 53 52 51 50 53 52 45 52 53 55 57 53 47 58 43 50 54 61 43 57 39 47 52 60 40 62 36 36 39 66 51 46 63 50 47 65 68 70 67 59 70 31 69 64 71 68 35 40 34 54 22 77 70 68 33 43 80 47 64 35 49 44 46 49 68 59 83 29 32 65 88 25 22 33 28 76 32 60 83 59 34 47 70 43 34 27 11 65 97 72 18 81 17 60 10
50 50 49 51 48 49 47 49 50 50 45 55 53 50 54 48 55 54 55 57 53 58 39 50 55 53 61 51 55 61 61 37 53 53 58 38 58 33 63 48 60 54 32 58 30 40 73 46 65 62 50 53 43 40 50 52 48 25 25 61 37 23 28 44 26 60 72 22 69 20 20 61 22 31 67 53 51 70 49 23 26 85 67 17 36 26 51 17 23 28 71 94 25 93 90 33 12 54 97 58
50 49 51 49 51 52 47 48 47 47 49 46 51 51 50 54 57 42 48 59 54 49 41 55 50 37 50 64 49 59 47 59 42 43 36 52 41 67 39 54 46 39 61 29 68 61 68 66 35 68 67 73 27 40 41 45 35 72 23 31 69 31 40 39 46 30 83 72 34 48 35 35 47 15 21 70 16 49 20 88 42 22 46 34 81 81 37 64 33 16 33 26 79 43 64 59 83 69 38 58
50 49 50 48 51 50 51 52 47 51 47 48 48 51 49 53 49 42 43 54 49 46 49 56 41 58 41 51 37 51 51 45 64 33 46 63 60 56 44 61 54 68 65 44 72 43 73 40 63 58 35 33 24 73 50 41 52 38 24 28 25 26 53 75 57 36 54 55 62 74 77 33 76 23 48 76 20 35 57 69 37 38 40 39 91 29 23 45 91 89 95 4 59 59 53 70 31 1 62 78
50 50 49 50 49 53 48 49 47 45 53 46 44 56 48 47 44 55 59 49 59 56 50 57 61 62 37 40 61 38 41 38 41 60 51 68 63 57 62 58 64 51 29 58 43 68 48 39 45 51 45 31 55 73 72 59 48 61 59 42 63 46 29 37 66 34 22 30 22 26 75 62 69 57 76 50 64 55 45 62 69 80 87 46 65 9 20 30 74 8 51 40 48 50 95 18 7 47 46 16
50 49 50 50 50 50 53 50 48 49 49 44 47 56 52 49 51 44 49 52 44 56 55 60 55 62 42 42 38 49 42 53 51 59 67 67 68 40 57 46 40 37 48 28 44 39 28 36 61 59 39 69 41 26 74 77 46 50 33 49 52 54 59 33 59 54 57 60 70 35 25 67 25 36 26 43 87 63 27 40 18 78 36 16 37 16 8 90 25 89 49 32 53 62 5 54 63 54 80 3
50 49 49 49 51 51 51 54 52 54 54 56 49 44 55 51 42 48 47 49 56 53 57 44 61 51 41 45 58 46 53 39 42 63 55 44 44 63 39 52 33 39 49 56 43 36 53 52 37 67 44 34 76 64 69 44 78 50 49 69 69 63 44 41 49 75 40 55 76 39 77 40 55 67 13 71 56 27 60 32 20 28 54 54 17 75 7 22 27 23 56 79 87 92 47 67 59 50 66 30
50 49 49 49 48 49 50 49 54 53 52 47 49 57 50 50 47 49 57 58 52 43 59 48 41 48 38 63 62 51 60 37 48 43 40 63 37 38 46 56 32 44 59 71 62 49 34 51 72 46 64 31 45 33 45 50 58 76 40 74 44 72 80 35 64 23 72 84 72 16 16 46 20 21 32 64 83 54 21 46 38 91 42 81 62 22 54 43 67 58 81 22 22 41 28 89 51 52 24 40
50 51 51 51 52 52 53 54 52 52 51 49 45 44 51 58 56 46 44 42 52 48 43 56 42 47 40 61 59 59 51 37 46 58 58 61 52 39 31 56 54 30 57 32 64 53 51 34 26 38 28 61 27 66 25 29 31 21 79 34 80 74 34 39 27 41 82 53 45 15 15 60 21 24 61 20 22 23 89 90 56 57 27 87 88 70 7 12 93 22 88 48 65 89 9 65 64 28 76 45
50 51 51 50 50 51 51 47 50 52 45 47 54 55 52 46 42 59 54 49 53 54 50 45 42 47 54 54 54 55 38 52 40 65 41 57 59 36 42 66 60 44 57 32 67 30 53 55 53 42 58 65 74 70 51 73 25 52 33 23 24 38 22 33 53 46 61 65 30 77 36 76 23 56 52 40 48 27 89 54 32 88 57 11 41 42 46 37 50 87 79 92 69 67 8 63 47 85 49 30
50 49 51 48 48 52 47 50 51 55 47 50 52 55 50 54 47 53 57 58 48 39 51 39 43 38 40 52 47 62 45 44 43 67 49 50 41 37 42 59 38 47 34 68 43 59 55 40 65 43 39 28 63 62 67 53 57 22 41 41 31 79 54 27 38 56 53 46 45 45 34 62 55 60 74 17 23 71 47 54 39 74 79 56 21 52 49 19 57 38 20 69 4 65 43 11 45 94 77 14
50 51 50 50 50 48 48 51 46 55 47 48 46 47 46 58 51 41 49 49 57 40 60 39 61 55 44 47 58 43 63 52 40 45 35 56 47 40 64 32 40 55 38 43 52 59 58 34 67 42 67 35 65 39 29 54 46 67 40 28 41 42 72 60 64 54 27 20 68 62 85 70 17 24 14 46 72 36 46 69 81 17 89 53 88 26 82 11 11 31 70 21 20 72 94 52 90 58 73 44
50 49 50 48 48 47 48 48 46 47 49 53 46 54 51 57 54 53 41 44 52 40 43 48 43 37 57 58 38 35 43 60 35 42 47 53 32 60 31 70 61 64 54 29 35 51 68 67 58 37 75 37 71 30 38 49 68 42 31 49 51 36 61 81 23 22 23 52 73 36 40 76 77 29 53 73 50 26 35 78 52 44 32 31 90 16 45 58 72 70 13 31 27 9 28 16 51 64 20 89
50 49 51 48 51 51 47 46 51 45 54 46 49 57 53 47 53 47 47 51 40 51 58 55 58 55 52 56 62 57 59 35 58 35 56 38 44 49 50 39 53 50 60 49 65 31 47 61 28 54 42 75 53 45 70 39 56 24 38 21 22 36 56 80 73 49 27 49 29 44 84 79 60 60 69 71 35 28 87 84 43 40 20 9 53 8 82 21 25 93 95 25 56 56 84 84 56 5 38 89
50 50 50 50 52 51 50 46 52 54 49 52 50 45 50 42 47 54 46 53 54 54 53 56 42 47 47 60 38 57 40 53 36 65 35 32 37 63 36 49 67 64 65 38 44 61 47 51 67 62 29 36 33 55 32 50 25 68 27 35 70 66 34 73 72 25 20 61 71 23 27 27 83 24 34 33 18 12 47 59 14 43 90 63 73 49 67 17 63 11 30 5 62 53 51 81 38 35 30 0
50 50 51 48 52 49 49 54 48 54 45 51 47 46 47 47 49 44 56 44 54 51 39 54 44 38 50 56 51 38 35 65 55 57 37 39 32 40 63 62 30 55 56 31 52 70 41 69 74 43 31 31 76 51 60 59 52 65 33 25 50 34 30 81 76 27 50 71 34 57 62 34 26 61 34 29 19 14 79 10 59 72 60 71 9 24 15 40 26 83 53 67 19 7 68 10 46 57 85 66
50 49 49 51 50 51 48 52 50 51 54 48 52 49 55 55 56 58 41 47 45 39 53 45 60 42 59 60 55 61 52 40 47 61 61 65 41 67 68 68 48 44 71 29 69 65 68 54 30 52 49 29 47 33 58 70 41 54 30 54 30 22 45 78 32 67 49 56 25 43 16 72 41 27 59 39 73 67 47 51 27 77 83 56 86 92 81 15 20 47 90 63 93 56 62 38 65 15 76 83
50 51 51 49 50 52 50 52 49 47 53 52 45 47 44 51 54 55 55 60 51 39 48 48 50 38 60 48 44 39 60 48 65 56 65 32 33 31 54 63 60 59 52 56 29 51 70 27 55 73 50 62 53 49 31 68 75 76 78 27 50 39 30 59 70 57 26 53 61 78 19 72 78 78 82 51 50 41 75 57 64 47 31 50 11 10 66 39 57 80 51 35 37 58 22 34 6 57 76 7
50 51 49 51 52 47 50 51 47 50 46 46 49 50 55 57 42 54 48 50 59 46 54 53 59 41 63 45 52 52 55 66 44 66 48 56 57 52 49 37 53 38 68 64 59 43 46 29 73 55 39 41 61 39 37 25 22 38 35 61 48 67 54 43 43 75 25 28 33 42 69 26 83 32 44 55 83 42 13 69 49 61 86 86 27 61 10 68 60 34 87 69 87 33 43 34 94 67 16 15
50 51 51 50 50 48 50 48 47 55 49 44 55 49 54 55 45 51 46 55 58 46 44 55 54 45 47 53 36 55 40 52 42 38 50 41 47 66 49 51 58 48 33 61 35 61 48 31 73 62 34 53 73 36 62 28 31 40 63 76 20 19 81 79 24 58 27 35 31 58 32 40 56 67 27 57 62 66 25 48 41 15 91 71 14 88 86 89 33 32 35 86 6 73 92 41 71 46 5 83
50 50 51 52 52 52 51 50 50 53 55 54 44 55 50 52 46 57 52 51 59 57 52 47 45 59 57 52 60 53 49 63 53 63 53 38 68 46 36 37 57 31 62 61 36 32 71 52 43 68 30 38 68 69 65 31 63 54 30 74 71 44 56 81 66 52 33 67 18 82 72 85 19 58 34 26 85 78 35 78 29 12 48 38 66 35 83 93 8 65 15 69 73 42 59 10 85 8 85 55
50 49 50 50 48 49 48 48 49 51 50 55 51 52 44 48 55 51 44 56 43 49 44 45 53 58 41 53 56 40 61 66 34 67 59 59 68 37 48 37 37 68 61 48 29 54 49 39 64 35 45 29 42 39 36 69 56 63 69 27 73 39 74 68 55 44 71 57 39 61 26 61 56 48 58 78 15 34 77 46 76 36 75 27 74 64 59 73 90 12 93 59 61 31 49 17 33 82 55 53
50 49 49 49 49 52 52 48 46 51 51 44 50 47 55 56 42 59 51 58 59 45 46 59 51 49 61 48 54 56 40 56 44 48 55 61 52 32 58 55 36 40 44 63 44 65 67 29 46 53 67 65 56 74 63 78 78 49 67 51 63 58 56 65 30 76 71 41 69 22 24 83 66 50 60 71 20 75 41 68 27 23 33 56 39 23 9 69 84 92 43 57 63 46 50 39 86 79 91 49
50 50 49 49 49 49 53 52 52 51 53 56 51 48 45 46 47 46 42 58 56 42 43 46 42 59 42 49 36 49 56 36 53 63 63 62 45 50 45 37 38 58 32 28 35 52 61 33 55 50 25 37 29 61 76 26 44 79 38 54 56 34 45 28 76 54 37 53 66 25 28 80 22 17 38 31 38 59 45 41 72 86 27 18 15 85 60 55 67 84 59 53 6 43 94 87 51 77 11 65
50 50 49 50 50 49 51 50 52 50 53 52 53 43 47 48 57 49 45 53 40 40 59 52 57 61 49 62 37 44 47 34 63 39 54 49 35 64 51 44 44 38 49 40 41 70 43 32 34 56 25 71 67 62 51 57 69 66 27 35 60 33 43 50 59 60 75 32 77 54 24 55 49 65 71 34 72 15 68 54 62 27 59 86 66 84 92 77 20 54 63 82 23 24 14 81 11 58 60 75
50 50 49 51 49 51 50 46 47 54 49 53 49 45 46 47 56 44 44 41 51 57 54 56 49 39 48 39 38 49 51 45 42 62 38 65 47 50 46 46 63 65 69 54 36 35 61 64 54 62 62 67 37 51 62 45 72 71 77 43 24 70 47 74 38 60 80 52 77 45 60 26 27 64 14 66 27 40 62 70 60 23 9 67 82 7 69 47 82 31 89 92 23 46 43 84 94 19 25 40
50 49 50 48 51 48 52 51 50 52 50 54 55 51 56 42 47 52 49 58 41 45 58 53 51 53 56 40 48 43 56 43 54 67 62 36 53 58 31 67 43 37 34 35 63 46 33 38 70 64 62 42 37 49 45 64 51 78 66 39 68 51 44 58 24 47 52 48 33 38 58 65 48 67 33 34 72 25 65 52 42 14 34 38 51 63 47 36 82 19 81 48 46 45 27 36 67 73 61 69
50 51 49 52 52 51 47 48 47 48 54 51 46 48 57 44 57 49 57 56 50 42 47 56 38 48 56 47 36 58 40 38 45 63 58 68 67 53 47 37 54 62 64 61 60 63 69 61 72 42 63 47 40 55 71 65 59 64 35 65 68 26 58 78 70 27 53 26 79 15 59 32 68 19 27 32 80 61 65 65 35 85 88 50 81 80 28 65 55 8 90 88 78 30 16 53 83 59 8 96
50 49 49 49 52 53 53 48 49 45 49 51 53 52 53 52 53 45 58 58 47 42 42 47 54 37 42 62 61 47 44 37 51 54 66 35 34 31 47 59 39 42 34 61 54 40 33 67 66 72 26 29 60 43 36 31 64 69 71 70 80 44 30 69 78 46 61 29 22 70 82 53 25 46 72 69 74 67 84 32 40 68 88 83 17 51 80 35 89 57 51 39 40 46 11 94 3 61 70 15
50 49 51 49 49 47 51 52 47 45 51 46 54 47 50 47 50 57 51 41 42 57 56 44 58 43 50 48 44 53 53 55 62 61 37 61 67 69 45 30 41 71 70 42 32 48 69 72 56 64 71 73 58 37 56 37 69 68 69 29 72 79 59 40 23 79 30 52 49 71 16 69 27 69 73 61 63 40 51 29 76 57 60 76 86 65 90 78 32 73 24 84 76 62 90 63 92 23 2 73
50 51 50 49 50 49 53 48 48 45 46 52 49 46 53 53 53 43 51 45 57 53 40 50 51 42 46 62 48 55 38 66 51 61 65 47 54 48 57 69 67 64 57 54 49 63 49 30 31 48 49 59 64 28 60 26 31 59 49 21 62 72 54 21 31 25 78 25 24 28 30 85 22 43 60 28 78 68 80 15 87 21 22 57 87 9 17 85 76 34 91 66 28 42 21 82 38 80 40 7
50 50 49 48 48 47 50 52 46 54 53 55 52 53 47 57 50 50 44 48 40 52 53 57 43 40 54 51 57 38 43 41 46 40 62 41 63 44 65 65 59 43 52 70 53 73 54 26 33 41 75 70 72 26 45 29 44 71 69 74 70 77 60 76 39 50 78 46 52 58 84 17 73 81 63 26 59 89 48 59 46 74 17 38 68 60 44 94 25 65 89 35 77 13 67 85 14 38 46 40
50 51 50 50 48 47 53 51 46 48 51 54 55 45 57 52 58 47 53 46 48 51 43 43 40 42 54 53 50 48 64 66 66 66 59 68 45 34 67 58 62 61 58 61 50 27 46 30 58 47 60 61 46 71 49 28 62 35 58 50 42 21 51 68 65 70 60 60 67 77 49 16 53 64 40 79 60 34 89 79 33 76 37 37 83 43 69 15 75 83 77 26 12 79 44 5 91 96 40 52
50 51 50 48 50 50 48 53 49 52 51 52 55 44 50 48 55 41 52 48 59 51 54 60 50 39 38 36 52 47 42 37 59 49 60 47 67 55 34 46 50 52 66 39 68 33 46 68 57 57 66 39 48 60 36 77 53 47 22 78 51 73 66 50 33 74 71 82 28 69 45 32 53 67 64 21 16 19 60 79 51 55 77 92 28 25 46 33 84 77 79 37 57 49 89 60 89 88 82 72
50 50 50 50 48 49 49 53 52 50 53 47 51 48 49 42 49 43 46 40 43 41 49 39 49 37 40 56 51 58 58 42 66 54 52 36 46 49 33 31 31 61 66 57 56 69 44 30 31 52 28 65 55 74 33 58 25 77 26 46 60 49 51 40 55 78 36 20 83 20 70 31 22 64 31 74 55 78 39 25 86 35 80 21 21 81 66 44 56 90 61 87 37 38 20 31 98 26 6 39
50 50 49 48 48 48 50 48 49 53 46 55 47 50 50 48 44 45 47 43 48 50 50 42 46 43 51 64 56 62 43 52 63 42 64 62 49 41 67 38 64 42 31 53 59 73 31 43 53 69 46 29 73 47 23 48 47 37 24 57 37 32 23 30 34 60 46 33 80 58 49 40 20 29 47 57 51 56 78 27 27 63 91 72 68 14 58 24 25 72 41 50 91 93 83 10 54 51 36 10
50 50 50 52 51 47 53 53 54 46 46 55 49 56 52 43 53 59 45 41 54 61 39 54 40 42 51 47 52 51 53 56 65 34 44 49 35 39 44 32 60 64 29 44 54 29 59 46 33 49 31 36 58 74 60 47 48 31 50 65 53 46 59 43 61 30 68 63 68 55 62 41 17 42 40 17 33 81 40 13 13 47 88 73 62 45 54 72 21 47 86 10 72 51 68 43 75 51 13 89
50 50 50 51 50 52 53 50 47 51 47 49 49 54 49 43 43 51 46 46 58 57 53 41 53 63 55 36 64 43 53 35 44 41 46 42 65 67 57 44 46 44 66 30 63 27 70 50 63 48 69 54 41 31 74 59 72 71 45 25 54 51 55 73 26 44 74 54 41 46 54 17 50 70 37 88 70 17 35 36 63 81 44 53 15 63 50 85 54 20 66 23 87 22 66 98 54 26 6 55
50 50 49 48 48 49 53 46 48 54 55 56 52 47 50 54 51 52 44 40 55 58 59 61 46 57 61 61 46 40 55 37 52 47 33 44 32 41 69 40 39 42 29 62 41 28 48 30 68 60 36 63 72 60 61 59 74 26 59 43 61 65 74 24 65 18 23 75 66 70 41 51 72 30 78 28 36 53 42 36 18 35 22 81 26 81 19 9 79 53 59 12 43 5 47 66 16 80 94 7
50 51 51 49 52 53 51 50 53 55 52 50 50 45 57 49 48 47 47 40 51 49 44 49 50 55 39 54 51 64 62 66 59 51 62 32 68 35 61 44 64 44 55 29 49 67 57 42 70 40 36 25 42 73 72 70 68 56 36 56 54 45 73 82 61 53 27 47 22 51 16 42 69 65 78 57 83 47 19 42 89 59 74 62 55 37 81 93 81 94 79 22 58 16 70 36 14 12 44 91
50 50 49 49 51 52 52 51 46 45 48 44 56 54 47 56 57 59 41 60 54 47 44 59 42 50 41 41 42 56 48 45 40 59 53 61 55 52 65 50 67 62 56 31 38 49 34 34 33 69 45 61 60 24 36 23 22 63 38 34 58 29 58 36 43 25 45 25 39 42 55 50 80 68 55 22 26 29 76 63 11 60 37 64 20 72 11 63 43 18 54 78 44 64 13 12 18 57 42 27
50 49 51 49 52 51 50 54 50 52 45 52 50 45 53 57 51 44 43 42 43 46 44 50 48 37 52 54 40 39 56 53 38 38 52 42 43 44 62 66 65 66 39 55 32 38 73 37 52 51 44 40 26 67 58 51 62 74 47 33 70 37 41 81 76 29 59 81 76 52 53 61 19 58 43 80 38 57 27 45 69 26 20 44 89 13 87 52 18 14 92 57 94 5 88 89 39 48 52 80
50 49 50 50 52 51 52 54 47 55 55 49 49 44 56 55 57 42 56 54 51 47 47 56 41 49 63 51 50 61 56 60 55 60 37 50 40 49 55 34 45 42 59 53 66 39 29 57 57 53 55 28 52 37 23 41 77 74 39 46 72 39 68 40 19 23 37 62 64 19 68 49 14 31 43 49 16 15 28 70 61 16 32 63 75 13 32 87 21 37 8 24 15 44 4 38 93 42 13 23
50 49 50 49 50 53 49 49 47 45 55 54 55 43 52 57 43 42 41 49 43 51 61 49 46 52 62 37 64 50 49 44 38 56 62 65 35 59 63 42 36 42 67 65 31 58 64 32 28 31 38 34 57 47 73 66 56 23 26 65 58 46 40 38 20 75 67 37 70 66 41 46 37 42 42 53 65 74 29 59 69 15 39 42 10 23 78 89 44 73 48 85 76 43 92 27 25 89 60 28
50 50 50 48 51 49 52 47 46 49 55 52 56 48 45 52 55 52 52 51 42 46 53 48 46 51 57 60 49 49 64 35 45 58 45 66 41 39 41 61 67 69 30 56 36 37 45 68 41 52 28 71 60 73 30 76 60 61 70 28 67 58 21 65 75 24 48 72 26 68 21 60 57 85 51 84 76 60 66 82 82 83 53 41 30 72 90 39 55 49 28 18 64 61 67 46 3 8 52 0
50 49 49 50 48 49 52 52 49 55 55 56 53 43 45 43 44 55 51 47 56 41 40 59 58 54 49 43 62 44 54 50 43 60 41 35 52 57 48 35 44 32 49 59 49 41 41 65 42 54 35 41 46 44 71 57 25 46 73 48 45 79 45 63 55 20 46 21 69 26 63 23 29 43 31 14 83 13 25 52 81 78 14 15 43 17 16 66 43 38 25 75 71 8 82 30 70 26 76 4
50 51 49 50 52 48 48 49 50 55 45 55 49 45 55 57 46 41 51 43 54 57 48 49 54 46 57 63 61 51 43 65 64 66 35 44 57 32 40 66 60 51 36 59 44 54 29 66 58 43 27 58 70 35 72 46 45 42 36 68 28 38 62 29 69 79 40 40 71 67 73 26 38 57 71 37 70 56 77 71 65 44 77 35 21 40 64 18 45 42 85 44 62 69 97 39 56 28 33 28
50 51 49 52 51 52 52 52 51 52 45 51 53 51 47 57 52 58 54 56 41 49 39 62 45 44 49 38 46 46 43 43 64 46 55 65 67 34 57 63 70 33 61 31 33 67 53 31 29 52 62 37 29 40 43 38 38 64 79 64 43 69 80 71 38 72 23 56 38 55 72 74 81 50 61 38 57 13 36 42 58 21 30 35 24 47 8 54 34 39 23 22 79 17 77 79 89 79 31 28
50 49 51 51 49 50 47 46 46 55 49 51 49 56 46 44 53 54 41 40 60 45 50 61 50 53 53 64 54 61 43 48 60 47 63 49 41 65 65 53 67 67 68 38 34 63 42 66 37 45 51 26 32 30 35 68 66 27 36 38 63 28 60 20 53 36 55 28 52 45 85 25 86 70 16 63 53 51 88 54 82 90 38 20 46 39 11 53 25 95 14 95 72 62 69 89 37 41 32 55
50 51 50 49 48 52 51 52 47 52 54 45 48 50 53 54 54 49 41 58 42 51 58 50 42 48 53 64 61 57 65 53 61 33 58 52 62 56 31 68 45 34 42 29 47 61 50 64 54 69 28 68 26 47 58 63 78 61 39 33 48 36 62 80 62 58 64 77 48 28 37 15 64 48 30 14 35 38 23 79 79 25 69 32 34 66 35 17 53 43 22 87 23 93 24 47 16 55 36 80
50 50 49 49 52 47 47 52 54 48 55 54 54 51 55 56 47 43 54 56 54 43 61 45 59 59 38 51 45 65 59 46 42 33 47 39 47 60 44 37 31 36 44 71 47 29 37 38 39 62 49 64 56 52 57 35 53 31 21 80 48 53 63 41 27 72 73 27 41 18 23 70 30 72 67 33 75 41 34 50 38 20 22 44 19 65 79 46 37 36 31 75 34 17 80 18 68 86 7 86
50 49 51 49 50 48 48 54 54 53 50 52 50 44 50 43 45 55 57 47 49 54 54 50 50 44 43 42 55 47 37 36 60 58 65 65 50 60 69 33 36 51 48 53 38 34 60 38 40 74 45 64 24 31 70 37 28 53 73 66 50 65 50 63 23 49 19 66 68 51 56 30 55 47 56 83 60 32 55 33 10 71 23 16 44 14 7 10 63 42 30 81 96 88 38 70 80 43 32 54
50 51 51 51 48 52 51 50 46 55 52 47 47 44 55 43 49 44 41 43 60 50 56 53 51 39 53 59 49 43 53 45 38 67 62 35 62 41 47 70 32 60 39 32 68 28 43 51 73 38 68 45 52 74 46 60 50 44 33 25 57 62 38 78 51 64 28 79 45 26 57 59 71 74 52 22 67 83 66 64 47 71 72 63 83 92 22 54 85 13 5 82 29 24 3 58 53 76 14 47
50 51 51 52 48 52 48 47 54 50 45 55 53 44 52 46 43 45 57 44 52 61 45 61 42 54 55 48 36 54 65 41 55 37 53 66 37 54 62 56 67 57 69 52 46 60 44 45 48 43 74 52 57 49 55 22 65 73 34 58 56 66 80 78 62 53 68 47 82 67 40 28 40 28 42 59 72 86 18 71 42 64 71 88 58 70 40 10 48 36 20 93 67 20 58 82 70 63 48 72
50 49 49 49 52 51 47 46 47 47 48 53 50 53 56 53 55 42 56 58 51 52 53 62 54 44 51 42 54 44 41 49 50 38 42 35 53 54 33 56 33 65 71 36 53 31 45 54 56 41 75 64 27 45 70 74 42 66 65 44 31 37 25 74 50 48 44 45 71 78 48 14 17 65 66 40 79 30 63 84 55 76 40 69 78 92 88 64 31 9 42 23 4 48 53 82 26 82 56 62
50 49 51 48 48 52 51 51 50 53 45 52 47 54 57 56 55 59 45 45 52 49 50 53 40 44 37 44 58 60 38 63 61 36 39 45 48 56 31 59 51 41 29 59 31 56 35 71 70 26 65 74 59 29 60 50 48 51 36 72 76 19 80 33 74 53 55 52 68 25 83 41 38 40 57 76 40 27 29 53 25 74 76 27 23 47 90 93 70 65 15 11 83 19 6 77 81 87 79 88
50 49 49 49 48 48 52 46 46 48 55 50 46 47 49 49 47 53 46 55 42 54 49 46 55 39 39 63 40 51 55 40 64 59 40 32 50 38 65 66 63 47 30 53 65 37 65 62 55 41 31 64 75 62 23 25 44 34 44 36 78 67 20 65 48 70 74 55 17 83 65 32 55 56 83 49 34 26 75 10 14 44 68 75 19 41 72 25 33 85 16 93 4 86 76 57 75 4 80 15
50 49 51 49 50 47 49 53 47 45 55 45 53 44 52 51 42 42 56 50 54 51 61 45 51 50 49 62 50 38 46 42 42 50 63 66 61 52 42 63 52 60 60 63 67 65 53 70 36 25 72 52 49 40 73 62 41 21 41 63 75 50 54 36 79 82 79 59 61 65 16 23 26 30 56 30 30 55 67 25 75 69 58 15 24 61 53 16 81 74 34 19 48 71 21 6 75 1 66 61
50 50 51 49 48 48 47 48 49 53 51 49 50 48 52 54 46 54 54 42 59 52 42 53 41 42 39 38 63 45 48 54 49 43 54 39 49 36 50 68 35 36 51 44 71 40 48 66 62 75 34 53 33 23 31 50 78 53 68 54 31 64 29 60 26 45 72 22 54 35 40 32 44 82 72 85 25 34 24 30 43 48 9 20 25 52 65 37 16 9 51 77 6 39 9 22 7 66 14 35
50 51 50 49 48 48 47 50 53 53 53 44 45 57 57 56 56 43 57 55 44 58 52 38 55 37 43 41 51 64 60 48 57 50 59 42 40 45 65 34 32 35 38 41 38 58 44 29 57 55 26 66 43 66 33 25 62 29 39 32 36 20 80 79 81 54 67 70 55 32 56 33 84 28 43 15 29 12 68 30 27 68 45 26 40 31 75 20 7 7 51 31 35 73 33 53 20 76 96 74
50 50 49 50 49 52 50 54 53 52 50 53 45 45 51 50 57 59 52 40 54 58 49 47 59 45 46 42 52 40 38 66 56 33 64 45 56 59 33 69 34 44 38 41 32 66 34 68 54 70 58 24 30 51 39 67 34 36 58 27 21 43 80 46 79 42 45 28 32 24 15 35 47 49 59 88 78 17 71 36 71 75 18 43 69 19 77 58 68 10 53 72 72 93 35 47 9 33 54 13
50 50 51 52 51 51 53 52 50 48 52 51 44 57 55 53 45 54 54 45 46 44 42 60 45 55 46 55 41 42 46 37 43 53 67 34 57 44 54 41 47 34 32 51 32 56 50 33 43 51 37 49 53 72 54 45 38 37 69 48 55 46 44 79 60 39 50 81 17 37 56 63 21 33 20 18 70 47 87 71 65 39 88 78 32 55 48 34 74 90 60 62 33 25 88 78 6 90 19 61
50 51 51 51 49 48 53 53 53 49 53 51 52 47 57 53 50 57 50 55 53 46 45 43 55 38 43 39 55 54 45 34 48 38 57 32 62 46 36 49 69 34 55 58 60 35 28 64 63 29 53 45 47 31 25 28 74 72 74 75 39 75 26 56 67 83 32 51 51 63 76 55 27 62 73 43 22 72 35 42 59 19 35 68 61 24 44 66 55 74 70 67 62 95 12 87 18 91 40 97
