50 49 49 49 52 53 47 47 48 50 51 46 46 55 52 46 55 47 50 41 41 41 52 45 56 58 59 37 40 47 50 58 42 40 44 39 43 68 67 65 42 46 36 50 29 71 65 36 32 44 56 61 50 44 46 59 48 77 54 21 21 24 37 35 75 32 25 58 29 76 28 57 43 75 80 73 87 56 57 84 86 45 82 55 62 36 14 72 87 31 31 39 49 25 75 62 90 64 5 6
50 51 50 49 50 49 53 52 46 46 55 49 46 51 50 57 47 44 53 58 49 60 40 51 41 39 61 62 41 55 53 53 47 52 57 47 50 58 62 49 47 54 40 33 56 56 69 35 35 57 31 50 52 74 40 30 53 46 49 54 43 67 28 75 37 70 34 80 26 68 47 65 86 35 68 50 26 71 27 54 48 79 73 19 71 9 37 18 83 60 26 25 31 96 92 77 77 67 82 31
50 50 50 50 49 51 48 49 49 54 54 55 51 48 56 51 57 54 49 48 57 39 59 40 52 51 52 36 45 49 46 38 66 35 40 66 48 53 32 35 39 50 59 46 55 56 66 39 63 72 69 64 54 25 39 48 62 31 52 74 50 80 26 77 65 60 43 49 79 68 53 54 59 64 54 54 52 13 47 55 71 83 56 25 71 42 22 50 51 84 36 21 90 31 71 17 19 68 14 16
50 49 49 48 49 49 53 47 49 52 51 45 54 57 51 55 50 59 55 54 59 55 43 48 51 48 51 36 62 60 37 60 38 62 57 68 53 56 33 32 61 41 68 35 72 29 45 53 27 36 66 40 64 65 37 37 62 24 39 59 69 76 26 41 26 30 30 82 79 54 54 27 30 49 21 51 15 36 79 87 89 52 66 19 51 91 34 60 43 9 75 8 25 17 3 69 56 58 56 84
50 50 51 48 48 49 48 50 47 50 45 53 52 49 47 52 50 56 59 49 48 58 48 39 61 49 38 40 59 41 42 59 59 62 64 48 49 39 37 53 41 49 64 31 62 66 37 65 46 49 75 24 45 58 61 76 36 49 38 34 64 73 79 66 40 31 49 41 77 43 38 62 33 76 51 46 46 47 41 18 12 48 39 31 75 66 49 48 43 54 65 43 27 56 40 81 62 85 14 76
50 50 49 51 48 49 49 50 52 54 50 53 46 46 55 58 45 58 51 48 41 54 50 60 61 46 59 50 50 35 41 63 56 38 57 52 57 60 65 38 56 47 36 29 47 66 58 59 39 39 49 36 63 45 47 37 50 25 36 37 54 24 32 43 29 33 52 27 60 54 80 57 39 29 24 70 35 31 78 52 48 60 79 62 79 17 34 22 74 55 12 29 66 46 24 17 56 25 52 71
50 50 49 49 49 50 49 54 52 55 46 46 46 56 54 55 52 51 46 45 59 40 59 55 42 42 38 37 61 51 37 44 44 66 33 52 60 38 31 51 54 30 30 66 45 62 50 63 47 32 60 50 32 42 33 24 70 74 67 56 21 60 24 52 56 67 25 64 28 33 73 37 72 19 82 59 36 17 49 59 85 25 18 41 30 38 32 73 32 11 65 12 5 95 34 23 46 45 66 45
50 50 50 52 50 49 53 46 49 49 52 50 44 45 43 48 57 58 52 44 57 48 59 47 39 55 56 52 60 42 43 46 34 64 42 50 53 69 32 40 45 69 30 36 67 45 43 35 30 52 39 70 61 48 65 70 67 42 26 57 51 73 74 38 73 66 68 41 65 78 21 84 76 72 39 76 87 56 60 76 77 39 36 67 69 14 36 7 53 29 79 24 14 53 87 17 93 74 61 13
50 51 51 48 51 47 51 54 49 54 47 49 49 44 57 53 56 57 57 59 60 60 48 47 44 58 49 46 43 36 41 45 60 59 60 59 63 52 52 31 52 69 63 36 66 58 43 34 54 55 57 50 54 53 48 63 56 69 37 37 38 36 81 68 53 68 82 69 19 77 61 51 70 31 70 22 59 32 48 25 86 19 67 30 67 85 70 61 41 41 83 88 13 5 97 14 37 4 31 4
50 49 50 49 48 53 51 50 47 54 53 51 52 47 53 56 53 54 41 49 47 41 59 56 43 61 57 39 37 44 61 51 58 67 41 58 47 33 68 41 42 33 44 42 54 42 46 35 61 59 51 59 67 55 62 24 51 27 70 39 44 45 71 74 34 47 17 29 37 57 46 45 78 22 15 34 84 73 34 48 33 42 74 63 25 63 62 18 88 18 46 73 19 49 49 67 54 74 73 80
50 50 50 49 49 53 53 49 54 50 51 50 52 53 52 42 45 44 43 53 51 49 49 54 42 63 42 59 52 49 54 64 65 62 57 55 56 46 46 40 34 52 64 50 54 41 32 51 38 46 25 38 72 64 44 33 48 63 48 38 49 59 26 71 32 27 45 68 56 72 25 71 86 28 84 67 67 45 54 39 48 86 74 51 13 70 56 84 62 75 10 40 75 59 29 44 14 11 27 100
50 51 50 52 49 53 52 52 47 46 51 47 46 45 55 50 49 42 57 48 58 57 51 44 38 54 46 37 44 38 42 36 48 63 66 51 34 57 69 70 34 61 45 58 40 66 36 65 60 47 71 71 42 38 63 68 28 43 39 40 32 36 29 79 73 47 30 54 42 72 44 41 31 84 19 45 22 82 63 56 52 58 16 16 74 46 14 22 47 72 6 31 64 45 82 69 8 77 2 2
50 51 51 49 51 53 50 47 48 49 45 51 56 45 55 56 56 56 53 49 59 43 46 45 51 47 48 45 63 41 40 57 63 33 62 38 61 31 46 55 53 29 33 40 35 30 72 52 61 34 68 74 63 46 42 77 26 23 41 70 35 72 22 47 22 71 25 60 35 66 80 40 75 80 55 67 33 86 85 12 42 15 53 74 56 71 89 58 21 88 68 94 45 37 80 39 86 65 72 44
50 50 50 49 50 52 48 48 51 49 49 51 56 44 44 57 50 58 42 53 41 53 58 60 46 42 58 54 50 54 55 53 35 53 56 54 37 32 39 48 55 48 56 49 49 40 31 28 57 66 34 72 61 68 64 71 66 59 59 75 68 25 33 35 65 82 49 63 73 65 58 32 56 84 82 37 18 39 38 23 18 9 75 88 15 54 21 21 8 65 14 39 38 89 57 7 29 50 2 84
50 50 49 49 49 49 48 54 54 52 46 48 56 51 45 44 56 44 52 46 48 56 45 51 58 62 59 52 51 49 64 65 35 41 47 59 34 53 38 64 38 63 31 40 36 31 40 59 65 28 28 62 55 32 49 78 37 60 53 66 31 52 74 68 44 78 71 76 48 43 80 86 57 72 32 83 31 61 85 57 82 89 76 71 53 56 76 51 23 88 73 58 78 30 74 62 69 64 62 38
50 51 51 50 49 47 47 50 49 46 46 53 54 49 55 48 55 45 53 45 50 39 55 44 62 40 62 40 59 58 41 40 62 57 56 47 46 68 37 54 47 34 56 65 68 69 40 38 29 27 45 69 66 27 38 54 32 71 67 51 54 48 27 39 51 45 34 58 54 79 17 21 69 20 77 33 59 66 81 40 80 77 82 77 35 33 82 7 62 52 10 84 17 74 96 70 40 84 11 27
50 49 51 49 50 50 52 46 46 47 46 47 56 50 49 46 43 45 50 60 46 49 61 57 48 63 56 52 61 63 46 66 53 50 65 45 36 50 51 53 63 57 59 48 45 48 42 51 49 45 40 47 36 75 71 72 54 48 46 80 38 34 78 64 45 83 45 78 47 68 41 80 18 30 22 40 68 18 54 31 90 62 35 64 39 34 39 22 25 6 53 40 85 3 30 40 75 43 22 70
50 51 49 52 52 53 53 47 50 45 45 45 52 53 57 50 43 54 45 60 57 41 48 51 48 58 46 57 40 38 35 39 49 66 62 46 49 49 38 40 62 31 71 40 29 41 67 67 45 46 34 48 32 46 33 57 55 70 47 79 46 38 34 33 31 45 19 73 69 46 47 48 38 26 58 35 22 31 49 13 15 30 90 37 18 56 90 29 12 23 31 28 91 54 63 7 59 6 92 34
50 50 50 51 51 48 49 49 51 54 53 50 50 48 56 54 47 46 42 47 55 39 47 41 51 50 63 48 48 41 57 62 49 37 52 42 49 45 63 50 48 52 59 44 58 69 66 68 32 36 75 61 35 27 72 29 57 59 29 30 32 24 48 60 36 82 29 46 69 41 49 81 77 14 86 57 60 32 49 20 49 30 16 26 91 64 57 10 41 67 10 81 63 17 9 40 50 77 98 59
50 51 51 49 50 53 52 54 49 55 51 45 50 56 49 55 55 43 49 55 47 50 56 62 55 58 57 59 47 50 50 64 48 57 39 36 52 31 60 59 68 57 34 31 70 39 70 71 58 60 30 75 68 32 66 39 75 76 38 61 28 26 19 55 60 70 51 45 16 41 83 74 26 33 79 16 58 70 36 24 62 76 35 77 31 14 27 80 11 60 55 55 39 27 39 8 83 79 54 14
50 51 49 50 51 47 51 52 52 46 48 51 45 55 55 51 57 50 58 50 48 39 56 51 44 58 63 62 45 36 54 37 42 51 54 62 65 48 68 49 59 48 39 39 45 64 45 66 42 56 33 35 50 71 53 74 71 45 51 35 52 27 49 41 37 67 38 50 29 45 37 57 45 87 51 63 23 49 44 85 13 77 10 47 90 46 80 29 70 43 93 56 18 33 90 77 38 21 52 89
50 51 50 52 51 53 48 46 51 50 52 49 52 55 50 47 53 48 49 54 60 44 54 41 51 41 42 40 55 49 46 48 48 63 47 67 40 63 55 60 46 34 34 32 35 30 58 35 47 43 41 53 27 67 60 64 66 78 53 79 64 55 79 81 21 65 77 72 49 45 40 35 30 42 40 12 85 63 38 86 33 13 19 75 32 22 64 52 75 77 23 37 49 82 73 56 31 77 88 100
50 50 49 51 48 53 53 49 53 48 53 54 48 55 47 57 46 43 41 41 41 59 50 46 60 44 53 56 57 61 42 63 41 63 63 57 46 66 51 70 43 30 50 60 55 61 68 36 36 45 58 27 39 25 58 23 61 55 37 40 47 67 35 21 37 37 46 34 38 78 72 22 39 29 26 45 85 59 46 27 77 72 88 64 40 26 55 37 68 70 36 56 64 71 75 30 61 63 97 64
50 49 49 52 51 50 53 46 49 51 53 56 44 50 53 56 50 54 48 58 58 44 60 59 38 43 39 59 62 37 58 53 38 55 33 52 52 63 43 63 41 55 32 39 33 34 32 50 40 42 58 51 47 43 57 65 62 43 77 55 60 75 75 76 55 31 80 17 73 83 81 81 49 78 32 12 39 27 32 39 55 41 46 77 40 8 64 7 79 11 19 31 88 29 15 33 7 82 3 41
50 50 50 52 52 50 51 53 49 49 50 46 55 48 50 47 42 51 43 41 47 54 50 43 53 42 42 49 51 56 42 48 42 56 42 57 33 50 54 41 38 51 30 58 47 54 51 61 40 28 72 70 56 63 36 26 65 35 72 35 64 40 28 38 29 75 26 36 76 75 24 25 25 52 86 25 42 66 56 10 59 9 85 36 44 64 46 79 77 16 31 43 28 91 51 29 48 87 20 36
50 49 49 48 48 52 53 47 50 51 47 56 50 50 45 51 43 43 51 53 58 54 56 53 40 63 41 53 37 37 63 54 37 57 67 39 58 68 37 66 62 66 68 36 49 31 52 47 46 36 41 67 35 52 32 28 59 46 76 59 25 25 26 27 57 78 34 34 79 84 29 35 27 63 52 16 59 20 33 79 65 61 29 66 45 81 26 29 10 6 22 64 73 94 24 17 35 56 30 46
50 49 50 52 49 53 47 53 53 46 47 50 48 54 55 53 43 53 42 58 48 44 43 57 52 63 51 41 51 39 63 66 36 53 46 54 52 33 60 69 59 70 66 43 65 47 45 74 62 42 35 42 31 72 74 43 24 78 26 33 56 20 46 71 73 77 53 71 43 60 50 60 78 28 14 25 55 47 34 38 22 71 73 29 66 60 45 49 7 8 74 62 68 45 69 77 9 65 30 18
50 51 51 51 48 49 53 49 51 55 49 46 50 49 48 52 45 41 42 51 40 42 49 49 45 59 50 54 58 60 50 34 52 50 56 32 67 41 51 62 35 42 52 50 57 70 32 64 34 63 51 61 31 56 43 26 22 50 40 60 49 49 72 33 44 22 73 51 44 58 50 51 38 73 49 47 86 75 21 72 88 89 87 67 43 54 89 93 76 63 6 84 96 35 94 54 36 27 68 52
50 50 49 49 52 52 50 52 52 49 47 50 53 48 48 42 46 59 50 54 45 55 46 41 44 57 42 49 43 56 37 40 57 37 65 44 63 56 45 35 64 61 34 53 47 39 50 58 71 64 46 64 53 45 74 78 74 38 58 43 48 76 50 79 61 18 25 77 72 19 39 49 41 44 26 41 46 35 84 77 57 30 72 32 16 31 39 89 58 42 70 89 76 93 38 89 18 36 67 3
50 51 50 49 51 48 47 52 51 54 50 56 50 44 56 44 42 53 53 44 41 55 47 45 38 41 46 42 51 52 51 62 53 53 33 39 36 43 35 37 64 62 35 50 39 47 63 29 59 75 37 54 61 67 65 32 62 79 42 23 42 46 27 43 41 18 24 40 42 73 18 67 16 50 73 74 56 47 68 60 56 83 35 55 51 43 36 79 47 35 54 37 83 97 29 70 55 42 86 77
50 49 50 51 49 50 49 53 46 52 50 44 45 57 44 53 43 46 47 44 49 60 40 43 57 46 61 40 61 54 55 35 42 42 54 48 40 65 56 43 52 71 32 28 28 61 65 35 32 54 27 27 26 50 25 75 65 32 67 40 75 51 44 38 29 39 83 72 24 31 79 52 66 55 66 72 43 83 54 71 20 28 30 33 60 23 84 61 81 75 74 92 83 59 69 65 6 71 78 82
50 49 49 51 49 52 53 48 47 54 46 51 46 43 48 53 53 47 43 50 40 58 42 38 60 62 45 44 45 60 62 44 41 35 42 49 56 39 54 34 36 63 29 57 67 45 46 36 27 43 38 63 46 64 41 49 76 75 37 54 31 23 21 77 45 50 27 27 24 76 18 73 53 80 28 84 84 32 49 48 61 14 23 20 35 42 21 85 13 77 65 53 89 24 73 90 62 39 57 73
50 49 49 51 50 53 48 51 50 52 46 56 50 44 47 50 55 53 52 49 52 52 52 43 57 53 51 51 58 64 65 37 50 49 51 47 39 36 43 34 56 57 36 65 40 27 48 43 29 28 39 68 57 42 28 37 32 72 47 66 78 41 48 82 53 29 70 21 67 50 30 71 54 49 81 31 67 52 51 70 58 40 64 79 51 22 20 83 85 50 39 61 64 52 54 20 88 47 34 93
50 51 49 48 49 53 50 48 48 49 47 55 48 56 55 48 47 52 58 45 48 53 51 57 51 55 54 58 46 55 50 63 59 49 59 35 53 41 69 35 57 61 37 31 58 54 29 54 74 37 30 58 62 52 74 63 39 36 31 50 64 63 75 68 28 20 31 40 51 60 82 60 79 67 48 27 40 73 46 43 33 12 68 30 19 32 90 72 81 8 28 49 73 63 66 22 13 25 16 40
50 51 51 52 52 50 52 54 54 49 49 45 56 47 54 44 42 59 48 55 48 54 48 45 44 61 63 43 61 58 49 57 56 49 60 68 46 38 63 39 34 64 71 69 36 70 30 64 72 63 71 27 27 55 58 26 39 78 72 44 56 66 81 37 24 19 47 43 83 72 57 47 19 24 50 59 27 71 22 27 77 57 75 77 29 13 49 38 48 59 84 11 62 86 61 72 96 16 77 33
50 50 50 50 48 52 50 51 54 50 54 46 55 53 47 53 57 42 51 41 47 57 53 55 53 58 62 39 41 50 36 57 48 52 40 33 49 59 39 42 35 31 70 71 43 64 51 61 35 46 72 34 40 51 49 55 45 32 34 41 39 62 65 27 33 20 22 26 50 33 75 53 49 40 27 72 36 15 42 69 40 47 26 55 19 18 52 50 48 49 46 59 5 13 18 28 34 43 18 69
50 51 51 49 50 50 51 52 49 50 55 54 53 50 43 46 43 51 45 42 57 50 49 61 47 48 43 50 55 46 41 54 34 43 45 34 58 45 57 33 39 56 52 50 65 56 61 46 45 33 74 43 66 51 55 76 73 39 51 59 36 23 69 38 74 75 64 30 56 36 35 36 33 43 39 41 16 70 60 35 58 37 31 16 34 29 68 90 66 62 8 18 39 17 11 89 85 51 14 54
50 50 51 49 49 47 53 50 47 54 48 46 46 49 43 53 54 55 44 46 57 55 58 60 45 59 45 41 41 49 41 54 56 49 40 41 56 38 36 57 37 54 62 48 53 27 64 47 71 36 70 59 58 65 48 39 62 51 54 46 80 27 28 42 18 29 72 17 61 46 46 75 38 46 65 28 50 26 32 60 70 16 18 68 82 46 89 76 46 92 27 34 46 9 39 80 70 22 24 49
50 50 51 51 51 52 52 46 49 53 48 55 47 50 46 49 54 50 47 51 50 50 51 54 40 59 46 49 56 52 49 45 34 47 61 34 36 56 64 44 61 29 37 65 29 37 28 34 50 62 55 38 41 48 23 53 64 64 32 69 45 48 70 28 39 54 29 20 55 33 79 22 40 75 30 85 69 85 79 56 32 85 63 28 48 25 7 24 68 15 34 70 96 16 23 52 57 90 69 84
50 50 49 48 52 49 50 53 48 50 54 50 52 43 45 47 51 45 44 54 46 43 48 53 46 43 46 47 44 54 62 47 43 59 58 58 58 51 44 37 66 30 63 34 36 51 64 50 73 33 50 66 50 45 54 73 30 22 48 33 30 38 79 28 61 22 68 37 62 37 64 26 70 59 16 81 59 35 39 21 18 75 52 8 42 75 24 75 88 69 68 88 14 74 13 45 80 65 94 0
50 51 51 49 52 51 48 46 54 47 50 49 47 50 47 52 57 49 48 58 49 41 61 56 38 57 63 64 43 58 57 44 48 51 34 32 51 44 45 58 62 32 49 37 49 28 71 29 31 52 67 58 26 60 54 37 77 49 79 72 28 59 58 58 79 48 34 19 66 46 62 45 69 20 71 65 23 55 72 72 70 50 72 51 50 69 31 89 41 10 93 88 52 74 44 16 11 69 61 49
50 49 51 52 51 48 52 49 46 47 51 53 50 53 55 56 51 54 55 43 56 59 41 58 56 40 45 48 42 59 49 63 57 63 52 43 63 65 60 70 43 34 38 48 31 67 68 64 57 65 71 26 28 44 39 34 53 25 38 46 21 40 27 65 52 23 23 61 59 57 31 49 27 39 18 31 51 26 71 66 72 55 51 57 50 48 36 74 92 81 70 30 39 79 5 75 74 76 15 32
50 51 49 48 50 51 49 47 53 49 46 51 46 44 47 50 46 59 42 51 54 59 55 61 46 45 53 60 45 52 64 50 58 58 42 59 68 69 62 41 39 32 59 50 53 44 40 35 39 27 74 44 62 44 77 58 31 49 35 29 34 53 74 47 40 73 43 40 43 20 81 83 49 52 25 13 45 20 49 54 21 87 21 13 61 23 39 52 59 40 94 85 31 43 87 34 79 64 10 64
50 51 49 51 50 49 50 53 52 53 46 52 47 50 56 52 52 43 57 54 50 50 48 51 49 63 61 57 56 56 52 63 64 48 48 52 56 38 39 66 44 69 35 53 50 59 42 34 36 74 52 59 57 40 65 43 69 62 64 49 78 46 20 82 41 26 20 38 61 32 83 28 65 76 21 86 74 18 62 15 73 23 12 73 12 10 67 7 7 58 49 8 93 88 43 95 50 15 85 77
50 49 50 48 50 52 53 49 46 45 54 50 56 49 46 50 51 57 58 52 52 54 39 51 40 59 44 54 54 50 43 47 58 65 63 54 65 38 44 67 60 37 63 67 51 43 57 46 36 41 49 46 47 69 74 44 40 71 38 68 76 73 64 61 81 38 45 24 60 51 62 75 46 14 37 31 83 35 74 66 61 37 37 63 92 48 32 44 19 86 37 43 50 35 18 37 44 28 56 2
50 51 50 49 52 53 48 50 51 49 45 51 48 50 53 52 58 43 54 43 58 45 50 58 42 38 44 64 41 36 57 39 39 48 51 34 43 58 59 59 56 64 35 59 49 61 69 41 62 26 65 62 36 28 71 24 75 45 33 74 39 41 25 39 55 63 78 69 50 50 66 18 23 60 79 17 53 72 75 85 65 72 56 49 64 40 79 47 37 53 25 44 78 8 90 12 25 85 17 12
50 49 50 52 52 53 53 48 52 48 55 54 45 53 51 43 55 41 51 45 41 57 53 57 42 55 45 36 44 45 40 49 46 36 52 43 57 45 59 66 55 51 43 62 32 69 42 74 69 55 59 58 40 35 50 24 54 31 35 20 49 26 30 68 59 43 28 55 35 17 84 16 85 83 59 45 55 32 75 55 56 78 9 9 85 93 82 37 43 58 93 86 4 54 18 56 58 61 88 27
50 51 51 52 50 53 47 53 51 52 55 45 48 54 50 43 58 45 50 59 47 57 46 46 45 62 41 37 37 65 65 39 47 50 53 61 48 52 57 56 34 33 48 29 47 63 47 44 28 30 38 72 75 59 23 23 66 45 64 22 77 80 67 67 63 82 58 22 61 16 69 65 78 69 34 49 40 48 18 49 59 61 59 51 58 93 69 32 61 21 63 28 68 13 13 72 41 24 45 62
50 50 49 51 51 51 53 54 49 51 49 46 53 45 56 58 58 59 42 53 47 40 45 55 48 62 42 51 37 64 56 54 60 35 65 51 55 66 40 49 65 47 49 67 49 69 41 46 31 72 54 26 54 32 45 44 73 70 54 53 48 40 29 34 32 21 36 59 23 31 18 49 72 53 22 29 13 28 18 88 44 74 54 70 65 78 32 59 53 75 34 44 14 72 97 5 36 21 64 76
50 50 51 51 49 52 48 48 53 45 46 49 53 53 45 49 56 49 55 49 55 55 59 49 61 45 43 37 42 40 49 65 44 42 34 39 40 43 66 40 34 63 68 52 31 39 61 43 72 41 41 52 24 77 57 31 72 38 75 55 50 42 23 73 43 58 70 19 52 39 72 63 46 52 40 71 37 43 21 20 39 37 80 85 71 76 22 83 50 86 23 59 20 94 70 64 5 66 94 74
50 49 49 51 49 48 48 46 54 51 47 54 44 46 55 52 46 52 45 57 49 60 58 48 46 52 47 58 53 60 41 57 49 59 49 40 44 46 66 46 53 60 33 49 43 42 41 49 28 35 25 45 30 49 39 40 55 43 34 74 72 20 24 31 75 66 77 39 17 82 80 80 31 84 85 25 70 59 88 60 58 71 69 12 85 83 89 7 89 21 63 27 85 12 28 5 69 73 94 78
50 51 51 48 52 49 49 47 47 54 53 56 45 51 46 43 47 53 44 50 40 58 58 47 45 55 56 57 63 62 61 55 36 65 60 36 57 54 52 46 36 41 41 66 72 71 30 55 71 65 28 33 28 39 52 60 44 31 42 79 54 64 64 55 53 20 70 35 58 18 46 23 67 18 78 25 21 86 72 42 77 26 91 65 86 40 71 47 43 41 49 46 51 48 74 96 23 17 26 33
50 49 51 52 49 53 51 46 46 48 45 53 48 52 57 52 50 58 45 60 55 45 50 40 53 40 42 61 64 38 55 58 50 61 36 60 53 48 58 33 66 48 41 30 33 71 51 66 64 70 46 58 66 56 59 26 72 58 37 33 50 69 43 76 70 38 60 30 16 43 65 78 34 85 52 23 19 21 36 49 67 46 41 42 46 36 51 53 62 6 94 53 96 7 84 86 21 21 26 65
50 50 49 48 52 51 53 48 49 52 51 52 53 53 57 52 47 49 47 52 60 59 45 59 57 47 45 54 36 37 55 65 56 34 42 49 36 55 37 48 49 60 56 32 51 36 46 72 49 42 30 74 70 56 57 66 62 70 22 35 55 33 54 68 26 28 73 80 70 45 68 78 64 28 67 23 34 29 75 25 81 76 15 92 64 93 89 77 61 54 18 77 12 30 21 30 87 77 1 25
50 49 50 50 49 49 53 46 54 46 54 49 45 53 51 45 51 58 50 48 55 42 41 60 58 56 38 64 40 38 58 61 46 42 42 38 63 38 68 59 40 38 44 62 28 72 51 27 61 49 75 73 46 76 29 36 23 62 74 35 68 80 47 40 56 68 25 30 22 33 18 21 26 65 81 73 64 57 22 84 36 69 83 28 56 30 82 92 24 85 24 56 71 74 4 55 35 97 95 30
50 51 50 49 51 48 52 47 47 45 48 52 53 56 51 42 42 51 49 59 53 59 61 45 53 58 54 49 61 59 52 53 49 50 56 47 38 50 40 35 50 30 71 45 53 27 49 66 38 56 52 68 26 40 28 52 39 44 63 44 80 40 24 72 57 82 29 72 43 23 34 79 37 37 37 14 52 72 26 34 21 38 76 53 26 13 56 35 46 24 90 38 73 86 16 57 14 57 18 100
50 51 51 48 52 49 53 48 53 52 49 47 46 43 53 45 56 55 43 54 51 54 57 49 55 45 53 38 64 48 35 55 38 46 41 66 38 58 54 30 60 68 58 54 65 29 64 40 56 48 45 26 72 76 59 59 65 65 39 26 76 29 35 79 53 34 22 39 72 62 61 49 47 74 67 28 65 26 42 64 38 49 27 14 20 29 25 59 7 83 76 15 80 75 85 90 45 92 30 45
50 50 51 50 48 49 53 48 46 47 53 55 52 55 50 51 47 54 48 48 44 45 59 38 48 54 44 42 61 36 64 42 34 37 64 36 60 37 57 62 54 59 43 37 55 60 63 42 58 50 63 24 41 50 32 63 64 67 52 59 74 47 43 74 35 18 81 19 61 29 16 86 25 74 82 30 63 61 68 28 11 85 79 76 65 69 15 44 63 6 19 16 28 67 55 56 52 54 74 39
50 50 49 51 51 51 52 54 50 53 52 55 48 52 47 58 53 48 54 47 46 51 51 46 52 40 50 36 45 63 38 51 37 37 62 57 67 61 35 37 60 37 40 52 65 31 44 56 72 26 46 53 36 26 34 68 44 71 58 79 41 51 63 58 56 77 74 24 73 27 29 16 27 33 77 40 77 84 51 26 21 40 76 23 35 40 34 49 53 28 45 59 63 58 91 17 69 16 91 90
50 50 50 50 50 52 49 53 47 46 45 55 56 56 44 45 54 42 54 45 44 42 50 52 61 61 48 45 42 56 49 56 59 40 60 52 65 59 44 53 31 38 36 40 46 42 65 73 58 30 44 76 76 23 41 52 22 62 53 75 54 38 59 45 56 71 69 74 30 71 67 32 38 30 37 44 65 34 81 22 61 91 20 17 30 88 57 39 35 35 74 49 30 23 47 4 79 53 94 22
50 49 49 52 51 50 51 49 47 45 46 53 51 57 43 51 51 41 59 55 49 45 55 48 47 63 39 60 56 40 50 47 56 54 54 56 37 56 37 39 35 45 66 71 64 34 49 62 54 39 42 41 46 49 53 34 55 52 33 60 55 42 45 47 52 72 18 32 26 56 31 84 35 38 38 20 35 20 53 83 83 61 49 47 71 79 10 17 23 59 8 46 6 94 88 7 51 21 13 53
50 50 51 49 50 52 49 50 52 45 54 50 45 51 44 50 53 58 42 40 47 42 49 38 48 49 47 55 51 65 51 40 37 51 48 37 34 39 48 39 50 47 61 35 43 56 65 69 71 67 70 73 69 51 72 38 74 63 67 40 53 60 51 38 56 71 63 71 61 58 27 85 49 51 83 82 55 23 41 15 86 48 33 11 34 57 8 39 9 42 72 59 89 63 23 94 97 68 46 72
50 51 49 50 49 53 47 50 53 48 45 49 49 47 52 46 54 49 51 47 42 41 43 46 50 48 56 50 62 63 53 54 50 48 63 39 66 40 44 37 56 30 49 41 29 53 36 73 27 50 50 62 45 28 23 76 77 36 26 77 35 60 48 20 73 70 68 44 28 44 26 78 51 62 35 88 62 29 28 88 69 51 53 47 28 24 13 35 12 34 21 72 61 38 46 36 68 72 43 78
50 50 49 52 51 53 51 47 47 45 51 46 52 53 47 54 55 51 47 51 43 46 49 49 59 57 56 44 57 61 58 36 61 40 56 54 57 46 53 55 55 46 40 52 57 50 37 61 31 64 43 33 65 56 77 74 31 70 50 57 55 36 20 68 50 62 48 20 72 74 20 37 48 83 75 58 24 24 81 61 84 61 91 10 52 24 50 18 49 34 82 45 81 5 32 16 81 98 90 81
50 49 51 50 52 50 53 49 51 48 48 47 49 49 53 43 54 45 46 57 52 58 47 59 61 55 38 38 61 42 46 38 38 62 47 50 52 50 55 56 36 68 29 62 38 64 29 30 34 75 75 32 49 28 44 51 52 39 67 78 66 69 80 62 76 60 44 19 57 21 41 74 52 32 49 20 81 56 54 44 63 72 79 35 77 76 50 87 75 89 43 14 9 34 45 55 76 96 40 36
50 50 50 50 48 50 47 53 47 48 51 45 50 50 51 42 42 54 46 46 52 45 41 56 46 45 54 54 62 50 40 62 55 56 56 46 38 36 36 62 65 38 62 63 51 68 61 30 51 67 49 51 63 35 66 36 30 59 37 29 68 51 76 62 32 51 63 63 18 78 19 47 51 37 57 72 84 15 88 39 16 85 32 68 37 50 34 57 30 61 46 47 95 92 8 58 49 66 76 32
50 49 50 52 52 52 48 49 51 53 51 55 44 50 54 54 42 41 54 44 56 43 49 50 58 41 51 59 62 42 63 58 40 59 52 59 56 51 61 70 31 45 43 48 35 31 37 41 69 28 31 34 24 58 55 77 73 75 40 26 78 68 70 61 72 67 59 20 51 34 49 83 81 32 14 19 30 66 43 35 56 77 48 10 90 30 60 81 51 40 74 51 9 43 11 51 23 49 50 58
50 50 49 52 51 48 51 52 48 50 47 46 46 51 56 49 48 57 41 40 53 45 59 56 51 59 61 47 51 36 60 62 44 63 46 37 40 44 51 65 34 31 37 58 61 39 29 63 49 31 48 59 55 36 33 64 25 23 22 68 42 80 35 30 19 53 24 60 69 71 33 60 86 36 37 55 14 77 21 20 25 34 50 16 43 43 85 18 67 7 21 85 36 18 76 54 65 78 62 31
50 50 51 52 51 48 48 46 47 52 46 50 44 54 50 58 48 55 42 54 41 56 60 58 51 52 53 46 46 39 43 54 60 43 67 64 36 35 42 47 48 59 35 70 37 40 66 39 56 48 72 57 67 53 65 66 29 78 46 67 56 66 20 33 73 22 19 48 35 27 72 58 61 81 40 70 81 43 63 43 31 65 23 19 51 41 59 46 26 57 65 4 96 90 94 72 58 70 16 98
50 51 49 48 52 47 53 49 49 46 46 51 47 50 56 58 43 54 48 40 40 39 48 53 42 46 60 55 41 35 55 57 52 59 35 55 53 35 64 34 53 62 61 50 51 44 71 45 53 55 52 49 43 62 39 43 47 21 68 51 25 29 45 56 67 58 38 18 35 50 68 55 24 30 42 25 31 71 25 70 48 57 21 59 73 80 26 24 43 89 15 30 45 92 78 87 12 27 55 51
50 51 51 50 51 52 47 50 54 52 49 53 46 57 48 52 44 43 59 40 44 57 47 59 43 59 47 37 51 55 54 54 37 45 50 60 48 36 43 46 50 71 60 66 54 45 27 70 74 33 42 72 44 56 58 64 49 37 78 60 56 24 67 51 42 70 74 45 45 39 24 70 86 68 17 79 15 89 36 62 36 37 17 64 37 81 62 35 17 38 40 53 71 40 20 29 63 50 74 97
50 51 51 50 50 47 48 52 52 48 53 53 45 54 49 52 44 46 57 53 49 44 52 57 61 62 45 42 55 54 39 49 59 46 38 32 35 54 36 62 60 37 67 66 48 68 65 35 41 32 60 26 66 54 58 71 67 23 23 65 48 42 19 81 69 82 35 17 44 16 78 24 82 21 21 26 87 69 67 12 87 54 23 27 27 22 7 25 69 11 6 23 56 57 58 18 28 86 67 69
50 50 49 49 48 52 49 48 54 54 54 47 56 47 45 53 57 48 51 41 41 59 39 55 44 40 55 62 50 46 63 60 56 39 51 66 50 55 51 70 56 60 40 49 35 64 60 48 34 68 69 37 34 42 60 65 34 61 27 23 33 46 34 20 76 61 74 53 79 29 28 38 44 48 20 22 45 71 63 40 15 44 48 74 43 56 22 45 25 17 22 11 22 44 3 28 37 72 13 31
50 49 49 52 52 51 51 53 49 52 53 53 45 44 50 50 44 45 47 43 51 60 48 45 60 57 63 53 42 59 42 61 37 52 62 55 52 35 58 39 54 44 52 32 68 70 57 42 50 64 69 33 49 42 57 44 76 28 29 69 66 37 57 45 70 32 22 67 64 50 40 65 40 76 43 52 66 38 48 21 54 62 87 14 45 63 24 79 57 80 59 9 76 29 26 66 14 46 71 31
50 49 50 48 52 50 48 50 51 52 46 48 45 49 49 56 56 54 50 56 47 49 60 43 42 61 62 37 56 65 45 59 36 37 40 52 65 48 46 41 47 44 46 34 44 31 45 37 56 62 74 50 72 69 37 58 53 40 44 28 65 37 78 67 23 68 52 78 84 43 33 14 41 74 46 28 24 55 37 22 34 20 23 16 63 73 14 13 59 53 43 93 29 14 59 27 6 34 3 16
50 50 50 50 51 48 51 53 52 53 53 51 53 43 46 54 55 47 50 50 41 41 44 50 51 61 57 60 61 63 49 54 35 56 36 44 49 47 68 47 45 64 56 72 46 69 69 47 63 29 64 60 64 34 49 75 33 34 73 21 66 33 22 59 22 81 28 74 77 76 84 16 66 40 80 71 36 79 42 28 51 71 43 84 88 56 87 71 17 8 78 62 77 95 94 25 75 77 37 67
50 49 51 50 51 47 53 50 52 52 51 48 56 53 45 50 48 48 48 41 60 45 60 53 49 45 62 57 43 61 35 65 56 56 51 53 54 41 47 38 42 29 55 58 36 64 59 37 71 61 65 61 66 29 74 65 50 76 61 61 38 54 22 40 22 19 47 81 21 49 46 82 54 38 65 28 80 79 86 70 58 57 67 91 89 89 78 23 88 46 87 53 44 56 86 64 21 64 58 62
50 49 50 49 49 51 50 52 46 52 47 46 54 56 52 51 51 54 46 55 45 61 42 47 62 57 39 60 59 42 40 63 48 56 56 46 49 64 32 44 46 42 58 56 61 34 54 33 43 28 49 52 39 68 47 37 56 62 25 46 62 62 67 32 58 75 68 26 83 40 16 35 86 75 24 59 43 63 68 70 42 17 10 54 86 41 72 78 53 89 6 74 64 56 46 58 78 32 34 2
50 49 50 48 48 51 47 53 54 46 55 48 47 49 57 55 43 41 50 56 40 59 57 38 41 49 57 38 63 40 56 38 35 56 60 66 45 51 38 53 68 69 53 29 65 30 48 43 72 73 33 26 63 68 60 71 43 38 33 45 70 77 59 37 53 41 35 57 73 74 21 51 34 69 63 81 45 88 62 69 46 42 84 50 43 12 29 81 48 36 32 26 85 41 45 52 2 85 30 10
50 51 49 51 50 50 51 53 53 45 54 56 56 47 46 53 45 49 43 48 42 54 56 48 48 48 39 42 52 39 56 54 66 33 38 43 50 56 56 51 62 40 32 41 71 59 66 67 56 74 61 65 24 32 25 45 47 55 38 68 36 40 23 81 40 76 35 60 52 66 33 20 35 47 85 24 63 41 28 71 87 23 73 25 51 35 44 47 36 32 66 81 36 88 42 82 95 93 29 53
50 51 50 52 50 48 50 46 51 54 50 52 54 50 55 49 53 57 56 50 45 59 52 57 55 37 59 53 43 54 42 62 40 42 66 59 44 36 64 32 63 65 50 32 68 55 39 39 62 66 70 47 31 34 36 73 34 53 62 42 38 33 43 50 70 64 74 29 52 23 68 39 32 69 22 16 18 24 32 78 80 71 75 31 42 80 85 75 61 12 83 87 37 22 16 21 85 18 67 35
50 51 49 48 51 53 49 47 52 55 48 50 56 51 48 58 48 49 58 55 51 61 49 43 42 44 53 54 41 45 45 39 56 57 46 50 64 41 45 46 42 46 54 55 71 66 64 65 42 42 49 29 43 52 70 64 65 22 66 60 22 53 25 39 21 72 69 75 79 40 60 38 42 39 53 13 42 44 35 85 24 79 27 56 86 8 85 83 11 28 32 26 14 68 84 4 88 93 54 52
50 50 49 50 51 47 50 51 48 54 53 46 52 54 50 44 51 41 53 51 41 46 61 59 60 60 56 60 40 46 55 42 54 61 33 47 35 56 56 52 55 34 71 56 38 54 72 66 29 72 29 47 45 56 24 36 39 58 61 30 41 37 65 63 30 21 23 27 53 67 58 64 86 17 70 15 77 74 73 82 31 84 63 79 25 56 52 64 80 16 19 9 92 74 84 58 50 74 67 3
50 50 51 51 48 50 49 46 47 51 48 52 53 50 43 55 44 42 52 60 44 55 52 49 52 43 62 56 41 48 42 34 61 59 48 66 44 65 61 49 50 51 32 65 37 38 44 44 63 55 45 30 67 73 54 57 72 56 59 61 64 42 68 82 33 34 64 70 35 47 26 73 50 37 64 13 23 20 75 61 40 47 43 56 87 49 83 30 60 79 71 38 95 64 10 81 3 60 99 100
50 49 49 48 49 53 50 49 51 49 48 53 45 48 56 52 52 50 58 47 54 40 55 62 46 37 49 58 44 51 65 63 36 39 37 35 58 33 46 69 35 43 35 59 44 60 57 53 65 66 42 59 57 39 65 22 43 67 37 25 55 48 31 36 44 35 68 40 22 61 50 72 18 54 62 21 47 54 36 17 81 46 57 89 56 26 31 73 13 13 50 94 60 79 93 19 76 35 2 6
50 50 51 49 50 52 53 47 50 51 46 56 54 55 57 44 57 54 55 41 48 55 47 54 57 51 42 64 39 63 63 34 49 59 53 35 60 67 65 42 49 50 56 46 29 38 41 65 71 37 32 40 30 27 69 34 63 47 28 44 41 21 34 73 40 41 82 20 37 42 72 77 24 49 73 24 24 19 46 81 48 13 49 27 82 81 13 55 7 6 33 10 34 15 33 2 4 13 83 91
50 50 50 49 49 51 52 46 49 48 48 56 52 43 54 46 43 58 48 54 46 56 54 62 52 39 48 57 36 51 56 39 42 39 54 57 59 48 45 52 31 33 53 35 67 53 54 45 73 38 27 51 35 66 47 72 49 29 74 72 46 79 74 27 22 59 22 42 32 27 17 78 72 16 50 70 18 45 77 40 71 91 9 44 72 72 73 10 33 36 57 46 64 3 69 13 19 75 13 70
50 51 50 51 50 51 51 50 53 50 48 49 45 49 53 53 51 57 49 52 56 57 51 53 39 42 40 40 40 65 41 34 39 37 57 67 43 33 53 53 38 68 65 62 43 51 61 52 54 63 67 64 35 68 49 41 37 45 36 35 66 66 50 20 26 68 32 74 33 50 84 16 20 35 44 67 61 60 44 52 77 67 32 29 24 18 77 38 94 60 21 11 26 83 7 49 36 1 89 78
50 49 51 48 52 52 52 52 48 45 53 50 48 43 54 56 52 47 51 57 59 47 47 42 62 46 62 60 50 38 65 66 45 54 60 34 68 68 58 69 64 42 33 53 34 28 71 65 36 25 35 61 60 49 45 39 23 51 54 24 76 43 31 77 48 79 24 67 81 20 54 41 69 53 62 81 39 66 72 17 71 22 79 44 12 86 75 38 88 31 62 73 89 22 9 86 65 87 68 12
50 51 50 48 48 52 47 46 50 50 55 55 45 43 45 53 52 52 57 52 51 59 55 41 44 37 55 59 64 54 40 59 48 50 54 66 37 45 63 34 48 47 31 46 62 41 65 74 52 42 65 29 73 64 48 23 35 63 53 36 45 19 57 19 57 77 39 77 58 31 16 32 72 63 27 26 47 17 42 85 51 12 74 23 46 84 12 58 82 85 40 90 77 16 16 78 38 4 31 92
50 49 51 48 49 47 50 47 52 53 54 44 44 44 49 49 45 51 57 54 54 43 47 48 42 50 52 54 59 61 36 59 52 56 47 33 52 61 31 31 40 63 65 29 39 40 37 45 27 34 39 74 73 75 63 73 58 72 27 56 28 58 44 73 59 46 64 82 28 69 27 86 68 61 40 13 63 87 53 88 70 77 48 45 20 89 23 87 72 74 39 49 78 78 35 64 77 8 37 25
50 49 51 52 51 53 53 52 51 48 46 51 48 54 46 58 56 49 43 56 42 54 53 54 45 55 60 54 44 63 42 53 53 59 36 34 42 63 58 67 50 44 30 42 51 31 32 67 57 35 53 50 76 62 31 77 72 51 55 34 59 68 81 57 44 70 49 76 67 26 41 23 75 58 64 72 28 62 86 78 33 60 81 17 66 21 66 55 84 32 38 43 50 58 80 66 34 51 88 5
50 51 50 48 50 50 53 47 47 46 46 48 48 50 47 47 51 58 46 60 48 61 44 38 50 52 52 43 63 51 54 54 38 49 57 40 61 59 52 56 54 48 62 56 36 30 35 27 69 65 67 49 62 51 49 23 77 79 31 29 28 32 67 31 43 53 75 47 29 62 74 78 64 31 56 12 25 33 72 36 90 84 9 88 9 78 75 92 44 80 48 87 83 36 9 89 30 73 8 55
50 49 49 50 52 48 50 50 53 50 51 44 55 50 43 56 49 48 46 46 60 40 48 45 58 46 42 43 62 58 42 63 46 66 61 55 56 60 47 47 63 71 47 42 66 35 57 43 49 64 37 32 76 30 58 30 55 46 63 31 77 41 33 47 22 82 31 40 38 54 53 17 79 43 43 13 36 53 76 77 65 63 27 40 89 71 85 82 56 21 54 93 72 94 11 17 2 17 48 66
50 49 50 51 48 49 53 47 48 49 47 56 47 51 54 43 58 57 49 60 50 51 53 42 61 49 56 51 64 35 51 55 43 36 55 67 66 33 36 66 62 35 69 51 62 34 51 72 30 44 29 51 44 76 68 63 55 51 67 72 78 79 67 30 58 18 41 66 68 22 48 25 63 32 36 83 82 57 85 53 46 75 31 66 76 42 69 42 60 67 74 88 14 74 70 68 48 12 36 6
50 51 51 49 49 51 51 53 50 53 52 46 55 55 48 48 42 53 55 45 43 60 48 57 53 63 53 42 54 65 36 41 39 67 60 37 67 34 52 69 47 62 61 46 34 64 60 32 30 69 36 74 24 70 54 35 72 65 60 76 78 52 63 59 57 24 67 31 55 41 15 25 80 31 77 54 86 40 30 44 15 48 19 65 82 71 22 75 92 30 8 48 72 24 76 65 10 14 62 32
50 50 51 51 48 53 53 54 46 50 53 49 56 55 52 47 50 59 53 58 53 41 57 38 49 59 38 57 41 56 52 37 53 55 67 44 54 49 56 61 55 45 47 52 61 32 62 60 26 27 71 64 51 74 38 26 46 79 46 75 71 58 50 31 39 73 56 53 48 50 41 24 64 29 51 82 48 36 67 34 19 85 88 23 52 8 79 29 10 48 27 61 11 52 7 95 14 58 95 16
50 49 49 52 49 52 48 47 54 49 47 47 51 44 55 45 47 52 42 60 56 57 47 62 41 44 57 62 48 56 35 41 66 52 45 40 45 37 51 58 45 44 66 71 47 63 27 70 46 63 73 24 69 43 36 48 37 38 43 79 30 20 20 59 59 73 49 73 37 28 34 76 65 41 48 83 42 89 40 71 53 17 36 78 35 55 8 35 51 38 70 69 28 29 5 89 2 17 15 72
50 50 51 48 50 51 51 53 54 47 50 54 54 52 44 53 53 51 44 57 46 54 58 48 40 41 46 64 38 62 52 36 47 33 41 50 54 59 58 64 59 71 34 54 70 48 47 67 30 35 59 63 35 63 45 43 33 73 49 45 68 56 63 50 64 41 70 55 43 34 33 56 45 23 56 63 29 36 83 30 15 27 75 64 38 66 78 9 12 45 29 46 27 51 79 66 46 68 81 62
50 51 49 48 52 48 47 49 48 47 53 50 50 54 54 50 48 56 50 52 50 42 54 42 57 51 60 50 44 53 39 50 48 39 39 35 32 47 69 66 59 60 35 46 70 67 67 63 28 61 38 32 49 58 29 45 33 70 59 21 26 35 78 82 41 29 36 52 40 31 46 28 28 72 65 16 15 55 32 21 42 30 86 53 63 76 8 15 17 83 34 14 88 70 31 92 44 99 12 15
