50 49 51 51 52 51 53 51 51 51 54 54 54 51 56 55 43 52 42 55 45 41 55 55 39 50 41 52 50 42 46 64 54 62 40 34 68 33 67 59 50 45 69 61 68 56 29 37 58 56 56 46 44 75 55 38 49 48 35 55 55 72 56 43 65 50 65 17 71 69 27 31 56 38 77 30 18 34 88 16 45 20 16 10 37 40 89 36 21 49 56 68 67 25 34 50 81 5 22 83
50 50 49 48 48 51 51 53 53 50 48 52 45 49 44 43 56 43 55 45 53 44 54 45 54 58 43 43 42 50 59 48 42 58 33 41 65 31 65 36 30 30 32 38 70 61 41 49 59 44 28 69 69 42 61 22 78 73 61 76 20 81 29 39 78 19 70 64 51 71 45 86 33 79 59 78 27 65 86 73 48 64 59 55 10 72 84 50 76 51 29 72 33 83 61 19 14 17 17 48
50 50 51 50 50 48 50 49 47 52 45 55 55 44 55 46 54 53 45 43 40 42 43 47 38 46 48 43 56 49 63 35 35 42 65 45 63 62 58 38 66 64 46 72 34 40 55 62 46 26 52 58 39 36 74 75 71 26 49 53 68 47 77 70 55 60 62 25 48 45 70 61 17 65 46 17 47 18 79 31 77 74 42 56 39 15 46 61 31 51 53 73 75 80 20 20 57 19 55 76
50 51 49 50 49 52 49 53 49 52 50 53 49 49 48 53 57 44 48 58 44 48 45 46 47 41 62 47 51 40 60 64 49 62 44 61 39 59 58 44 32 52 31 64 54 37 58 32 45 37 56 44 40 58 62 49 42 73 35 71 70 56 20 25 81 62 44 74 27 41 57 30 59 30 83 63 24 59 42 59 87 69 58 35 88 40 25 45 22 83 64 67 41 76 62 17 3 19 78 81
50 51 51 48 52 50 52 54 50 55 51 44 49 55 54 51 58 47 44 45 41 46 60 50 50 38 52 50 48 36 61 50 66 49 51 67 43 39 43 33 54 38 52 44 45 28 29 42 66 75 61 29 26 67 56 52 61 48 39 37 72 70 75 21 79 57 83 37 34 84 15 23 58 28 25 33 18 36 33 71 62 78 38 51 44 91 56 88 74 55 23 76 5 51 45 47 26 17 88 66
50 49 49 49 48 50 48 48 52 52 46 45 56 46 47 44 54 59 51 45 59 53 49 43 49 61 63 39 56 60 65 60 51 65 67 66 43 67 35 30 32 43 30 61 33 72 39 33 55 34 59 26 55 53 47 59 57 51 70 72 50 51 62 69 64 41 42 42 77 52 17 64 46 15 80 69 26 85 42 82 70 57 65 44 43 43 83 45 85 55 84 48 41 66 70 19 78 82 72 73
50 50 51 51 50 47 51 51 53 54 51 54 47 46 43 54 55 50 43 55 42 47 40 62 46 61 62 46 56 61 38 56 51 60 62 64 66 69 31 52 61 46 42 69 59 59 69 42 59 33 46 42 24 60 32 33 37 52 79 31 35 81 47 55 81 56 19 60 63 57 44 36 62 19 80 38 79 55 83 68 50 33 58 83 84 51 19 13 19 88 83 30 67 20 11 73 83 68 94 33
50 49 50 50 52 47 52 50 51 51 51 48 51 46 54 51 55 58 57 45 59 56 54 60 54 41 40 48 45 35 58 50 63 44 33 37 45 55 55 56 46 65 41 49 60 64 33 45 33 45 65 55 67 43 71 76 25 71 45 22 74 46 50 82 63 60 17 61 28 62 35 35 20 63 84 79 29 17 56 77 26 84 19 73 60 51 22 83 20 14 18 7 7 91 84 88 22 99 91 39
50 51 50 51 49 52 53 51 54 55 49 56 55 52 44 57 47 44 57 49 57 42 53 54 40 52 40 56 39 43 49 60 64 54 37 33 39 57 50 51 34 65 71 49 57 44 28 32 70 74 45 40 69 27 71 28 57 79 43 79 32 56 33 45 55 44 57 82 51 21 17 59 16 38 53 50 37 71 24 48 33 53 49 21 46 47 81 34 63 33 73 36 37 58 97 82 13 1 40 19
50 51 50 51 51 50 52 46 53 48 46 52 53 51 49 48 55 47 55 60 59 55 51 41 45 52 42 61 53 35 59 53 57 66 64 48 48 55 31 41 40 40 49 70 57 30 53 69 26 69 50 68 44 73 77 41 55 45 71 30 64 78 37 55 55 43 51 29 27 23 24 47 22 17 69 53 48 68 87 81 71 19 81 71 79 84 25 54 24 54 59 49 51 81 85 69 7 84 33 51
50 49 49 52 48 48 50 46 46 49 47 44 46 44 52 43 47 57 53 40 44 40 57 51 57 59 55 45 38 54 64 63 44 43 42 60 55 40 64 62 52 33 38 40 40 39 37 32 45 45 52 47 32 55 56 29 77 49 53 39 31 44 49 73 32 48 50 76 62 46 76 74 49 82 44 19 52 50 63 14 61 21 59 81 23 16 42 12 54 55 58 85 57 62 60 21 6 86 80 51
50 49 49 49 50 47 47 49 50 51 45 47 52 50 56 49 53 42 48 53 56 57 56 57 50 41 61 40 41 36 50 60 48 35 56 40 59 45 34 68 38 41 33 49 70 35 27 32 44 55 59 73 24 74 70 30 78 46 58 50 34 55 49 49 36 52 63 54 33 67 74 55 55 34 64 25 77 81 13 21 62 68 50 86 42 52 20 11 22 53 63 45 60 63 60 38 66 77 35 97
50 51 51 49 49 51 53 51 54 51 45 45 45 48 55 47 47 47 56 43 58 50 59 60 61 57 46 42 36 47 41 59 66 34 42 62 48 57 37 41 37 70 39 48 67 56 73 29 73 65 37 55 60 28 32 52 67 35 69 38 66 44 73 54 69 79 27 34 69 73 65 45 38 63 74 62 80 57 64 36 89 31 32 55 74 40 32 39 63 12 41 84 9 48 41 97 92 65 92 27
50 51 50 51 49 51 50 48 50 45 46 50 50 56 50 50 57 41 56 42 58 51 61 44 44 54 42 50 46 63 64 41 52 37 60 66 66 37 54 33 40 52 67 59 51 65 67 73 63 25 33 70 59 65 26 78 22 77 54 59 28 64 20 25 33 57 80 18 84 42 75 53 23 43 76 68 72 38 56 63 90 22 63 71 82 91 78 65 78 33 86 60 87 44 73 67 11 29 82 90
50 50 49 52 48 49 48 49 51 50 45 51 52 45 46 55 45 46 53 59 58 41 52 45 39 50 56 41 50 63 47 52 53 53 39 65 41 61 42 67 61 40 59 41 57 30 68 49 43 68 50 33 43 76 60 74 74 22 73 67 20 47 78 55 36 79 77 27 17 16 84 53 51 79 65 28 52 78 86 63 17 35 33 46 57 72 9 32 54 78 17 37 81 16 15 61 79 6 56 48
50 49 51 51 52 47 50 47 48 55 46 50 55 51 49 51 53 49 55 40 57 50 60 51 54 59 61 64 38 45 56 46 35 54 60 68 62 66 69 49 64 57 66 69 66 64 45 26 28 75 51 28 69 24 26 65 59 71 56 57 63 55 61 37 63 51 52 47 60 16 65 43 48 38 13 64 12 21 44 64 84 26 40 69 52 42 8 68 13 64 44 66 86 28 36 75 46 66 65 36
50 49 50 49 48 53 48 48 49 55 54 51 54 46 52 58 46 53 47 54 52 41 49 42 52 49 41 52 57 41 52 52 57 59 54 34 64 61 47 59 34 67 37 61 36 47 43 48 29 35 52 75 61 40 52 67 68 23 26 45 39 62 32 67 59 45 78 29 67 26 79 83 44 26 17 82 76 55 44 39 52 53 18 92 49 15 23 74 62 5 55 48 36 64 34 98 73 47 95 7
50 50 51 51 50 48 47 46 47 51 49 45 48 51 45 56 49 45 58 47 60 43 57 54 57 48 57 39 59 49 38 66 43 40 61 61 35 54 61 37 39 46 52 42 63 54 43 53 35 65 49 49 38 32 74 45 54 65 69 31 29 73 28 34 49 35 65 17 37 19 36 22 49 44 39 39 64 27 34 66 60 13 66 17 21 70 36 69 62 77 24 95 25 65 72 14 50 11 76 8
50 49 51 52 50 50 52 48 53 47 52 47 56 55 57 49 57 59 49 57 46 39 45 58 40 52 62 61 44 41 47 45 40 42 56 37 65 33 60 55 70 43 48 46 62 33 60 26 26 40 60 32 38 61 31 50 35 26 48 28 80 43 54 65 79 31 82 30 75 72 34 77 15 17 34 65 33 13 75 73 87 60 60 81 28 45 91 67 6 24 23 45 92 58 5 56 72 13 40 57
50 50 49 48 52 48 47 51 46 47 45 51 51 44 52 52 54 52 59 48 50 53 50 38 47 56 53 50 46 37 44 37 61 59 51 37 62 61 65 51 65 47 35 49 36 49 38 42 52 44 27 50 46 75 63 46 43 67 53 75 72 35 44 29 78 65 27 41 80 15 77 37 28 34 86 13 45 72 88 46 55 71 52 90 50 22 40 31 42 25 48 93 39 93 46 91 39 95 83 67
50 49 49 51 50 50 47 51 52 52 45 50 52 53 50 47 47 46 45 58 48 53 41 41 45 58 41 62 52 59 41 64 45 41 52 39 66 58 56 44 53 32 39 32 72 57 29 49 55 63 44 47 28 45 63 71 77 46 28 34 72 76 64 33 72 59 36 74 38 49 69 33 46 79 26 87 86 17 65 36 44 41 72 63 10 56 75 31 28 55 22 46 72 75 23 27 20 61 87 10
50 51 49 49 51 53 50 46 49 50 48 51 45 56 54 47 47 51 55 51 58 47 60 38 57 50 39 56 47 45 54 62 64 65 49 68 59 43 44 53 41 31 63 64 67 62 63 61 70 42 68 42 39 52 39 63 68 29 38 53 42 20 64 38 73 22 58 49 65 24 18 84 45 39 65 79 22 51 33 58 65 69 38 62 72 47 31 82 33 54 21 95 72 96 77 23 40 24 73 4
50 51 49 52 49 48 52 47 53 55 49 52 49 54 55 55 57 58 50 55 52 43 55 51 48 39 49 61 49 52 54 38 44 65 45 60 44 49 50 56 36 65 62 46 65 64 68 56 27 30 46 76 40 53 62 78 65 22 34 43 78 70 21 47 37 59 44 84 35 44 25 46 58 78 45 87 32 45 38 20 48 76 28 86 77 19 71 58 36 50 74 72 75 9 64 14 8 60 78 43
50 51 50 49 49 50 47 50 53 52 51 51 54 56 55 49 50 59 50 51 44 56 59 52 62 40 43 46 55 53 36 34 44 38 54 37 45 35 64 66 51 35 50 56 33 57 56 65 55 46 58 40 65 30 67 39 66 21 50 77 23 23 43 48 24 52 77 33 51 31 52 76 58 32 40 73 12 60 30 82 14 71 85 19 66 29 54 53 31 52 90 96 74 62 7 56 37 53 52 15
50 50 50 50 48 50 52 46 48 48 46 48 44 47 51 43 45 51 47 48 41 42 39 38 39 47 46 48 49 42 47 34 49 36 50 54 32 43 59 48 50 43 52 49 68 37 61 61 41 61 65 48 76 41 26 59 51 67 69 51 65 43 59 29 54 77 67 75 60 82 72 44 15 70 85 83 75 31 24 41 78 82 57 25 30 11 82 61 31 7 40 55 45 79 39 20 44 99 74 58
50 51 49 48 49 48 52 51 49 50 46 48 51 45 52 47 55 58 52 52 45 56 41 57 59 59 58 38 45 41 65 58 34 41 48 33 67 58 52 66 56 67 52 69 65 41 73 74 59 25 29 43 55 23 28 74 59 40 71 36 48 53 52 18 37 58 45 65 63 68 58 15 66 13 17 59 87 62 21 68 87 50 19 11 18 86 90 86 83 38 64 93 87 31 9 13 46 18 99 70
50 50 51 49 51 49 53 53 47 53 47 51 49 43 57 50 45 50 43 56 48 48 39 51 41 41 54 56 57 35 50 35 40 40 40 48 40 67 42 62 53 70 69 59 35 59 58 31 50 38 58 60 56 64 38 53 38 22 44 26 33 23 65 82 53 78 44 19 82 61 85 52 18 81 19 69 77 54 89 87 11 50 70 33 69 60 29 44 34 72 43 64 74 66 13 48 78 26 54 42
50 49 51 51 49 47 48 48 48 54 54 49 48 54 53 58 55 43 45 54 44 43 42 59 52 56 55 61 53 65 37 50 34 57 58 54 35 54 59 44 53 68 64 54 48 70 49 61 26 59 72 30 36 62 64 23 46 52 68 32 37 76 53 54 62 51 64 65 63 55 53 83 85 44 65 41 83 37 42 82 83 38 21 11 38 70 90 19 94 85 31 85 10 37 95 40 82 36 96 19
50 51 49 49 50 52 51 49 49 51 55 50 55 45 47 45 46 58 50 53 40 40 47 47 49 37 54 48 62 59 36 64 61 50 34 66 32 66 45 51 56 52 32 63 70 59 52 44 63 68 60 52 74 57 65 22 55 75 62 38 34 57 79 76 71 31 72 67 64 81 67 45 55 66 83 72 25 75 42 36 12 17 9 81 34 68 89 10 33 15 46 56 54 31 56 94 65 90 55 47
50 51 49 50 50 48 53 53 47 52 45 56 51 52 44 57 42 53 56 44 56 46 44 49 62 41 61 56 47 45 45 39 45 54 41 56 63 54 40 39 49 65 51 70 37 43 38 66 73 60 35 57 71 27 58 39 40 38 30 52 45 26 59 71 34 73 43 53 48 81 21 54 55 40 17 68 54 42 87 86 39 68 50 34 67 78 78 47 74 62 58 88 19 36 43 24 4 67 13 9
50 49 50 51 48 50 48 48 53 51 53 45 51 44 48 48 52 42 52 49 59 55 55 46 57 42 63 52 46 57 64 56 43 55 36 52 64 64 67 40 62 45 63 36 49 62 31 35 67 28 57 26 39 28 59 36 71 42 55 24 36 66 27 64 36 67 41 36 66 26 48 48 81 84 35 17 23 27 39 82 18 45 33 10 19 15 17 82 47 43 10 60 58 95 70 14 30 97 37 24
50 51 50 50 50 50 49 51 51 54 47 54 44 49 48 56 45 59 44 53 47 59 58 51 45 37 61 61 40 35 61 41 54 57 38 41 68 35 69 46 42 51 49 55 70 52 43 32 67 74 25 34 35 74 57 48 49 25 24 61 76 64 19 29 55 71 28 40 50 73 73 73 34 72 86 47 18 15 52 74 25 32 91 92 64 25 34 44 34 12 34 12 67 89 38 86 71 38 7 79
50 50 51 50 50 53 47 49 53 47 53 49 53 53 51 44 56 44 47 41 40 39 54 55 44 44 49 62 45 57 42 44 36 46 65 55 60 44 69 69 43 50 32 31 55 65 58 73 50 70 68 75 27 59 60 59 26 25 65 64 67 27 41 64 38 19 65 79 63 42 66 39 57 34 14 34 37 88 35 88 21 81 24 20 69 77 14 68 53 26 55 48 18 70 43 47 93 60 90 77
50 49 50 52 51 47 52 50 51 51 52 51 46 46 55 50 52 50 41 60 43 55 55 61 50 60 44 42 56 39 45 43 41 61 58 46 46 39 44 31 66 62 44 31 41 58 65 41 45 68 27 37 62 55 43 47 59 37 72 70 40 51 24 45 27 31 30 68 45 83 19 75 37 70 48 36 76 20 20 19 84 70 19 16 23 46 50 92 80 77 52 34 91 22 78 11 87 64 47 85
50 50 49 52 49 49 50 53 46 48 55 49 48 49 45 42 51 49 51 56 41 50 45 39 51 43 41 61 63 39 38 37 65 53 64 38 68 55 44 54 45 40 44 42 56 55 69 66 38 47 74 55 52 23 32 73 48 37 26 29 33 51 21 66 21 82 73 40 81 15 44 46 50 58 44 20 84 85 86 68 37 74 88 57 37 61 73 82 35 18 89 69 34 74 62 20 25 44 61 65
50 50 50 49 50 53 52 54 52 47 51 48 53 49 50 51 55 58 50 46 47 59 44 44 40 44 41 60 46 48 53 46 65 48 42 63 55 38 59 66 49 47 63 53 29 59 64 37 51 43 56 29 65 45 48 22 76 48 27 32 69 58 56 73 31 48 20 60 35 25 15 29 63 70 46 12 23 68 16 76 37 29 23 56 31 53 26 87 54 18 54 52 78 73 92 70 57 40 14 50
50 50 50 51 52 51 53 49 52 48 47 55 52 56 45 47 58 43 50 48 45 55 40 60 39 45 63 39 42 44 50 34 42 34 42 48 62 58 42 67 49 36 31 39 59 46 50 66 30 61 56 31 34 61 35 70 42 47 63 50 33 25 44 74 41 49 32 80 77 24 25 63 44 59 60 68 37 51 84 40 30 30 55 30 38 91 91 27 91 7 86 33 23 68 51 11 71 70 26 93
50 50 51 49 52 53 48 52 49 55 47 51 53 48 43 58 50 46 41 41 43 60 45 44 60 51 40 46 57 56 46 64 65 41 36 64 36 42 59 60 57 55 44 48 65 44 30 26 51 72 52 38 61 53 61 58 23 79 21 36 52 34 58 75 59 41 53 66 59 74 31 30 14 74 38 82 46 25 79 87 71 66 56 54 88 32 24 42 63 70 61 29 6 51 94 28 21 42 41 30
50 51 50 49 50 51 52 51 53 55 51 48 49 55 49 50 54 51 51 54 47 55 53 50 52 52 45 62 50 58 44 48 36 59 63 66 35 33 48 31 68 41 52 59 33 45 66 29 54 54 54 72 73 69 57 56 56 38 27 60 62 66 40 72 51 56 56 49 19 48 51 61 78 17 24 47 34 62 78 74 84 52 40 24 52 66 58 8 24 5 12 35 42 48 28 58 65 35 44 15
50 49 51 51 48 51 51 46 51 52 49 56 50 47 46 57 52 46 45 51 60 59 60 50 41 62 59 59 41 45 45 42 44 67 38 57 56 69 54 49 34 40 45 33 41 38 46 45 34 38 41 55 38 71 71 44 37 74 71 52 69 76 45 32 31 33 57 78 33 81 60 50 46 47 79 56 44 81 16 69 42 81 65 68 67 59 61 66 41 52 94 39 38 56 24 14 10 50 42 75
50 50 49 50 50 47 50 46 54 49 51 51 56 57 44 49 42 59 51 45 51 44 44 47 59 49 43 54 64 43 55 58 55 54 44 43 52 38 66 39 64 66 36 68 57 34 34 29 32 59 75 24 74 40 75 51 27 64 24 63 75 26 59 68 58 20 65 51 79 80 18 56 43 68 50 85 34 42 50 35 31 32 80 68 35 41 10 90 65 94 29 84 37 25 56 49 45 18 82 35
50 49 49 49 49 52 49 51 53 50 46 55 44 48 44 57 46 45 41 57 49 42 56 62 52 63 60 41 42 39 41 37 61 34 51 50 67 36 61 32 50 47 50 50 67 62 51 61 29 32 53 47 74 73 60 53 35 59 44 36 40 38 41 43 65 75 66 20 34 67 46 47 85 25 25 36 71 56 35 55 42 13 65 50 41 22 46 10 55 32 35 13 73 84 94 95 79 78 96 71
50 50 49 48 48 50 50 51 50 55 46 53 54 44 55 45 44 41 50 41 45 61 50 53 50 41 51 41 47 56 43 66 54 64 47 47 57 37 38 41 64 56 30 71 63 41 35 43 53 65 33 71 71 57 63 65 53 37 35 43 71 31 71 78 34 60 83 68 36 57 81 48 72 32 46 64 26 76 56 48 37 14 32 60 76 30 15 84 14 25 64 29 49 91 6 43 50 73 71 24
50 50 49 49 48 47 53 49 53 50 45 44 46 51 51 53 56 49 57 43 53 52 50 42 59 45 58 41 52 43 58 63 54 33 57 66 34 57 33 55 50 32 53 59 54 71 68 55 60 62 65 70 26 44 23 23 71 29 69 31 58 70 61 36 48 56 51 31 20 60 15 67 73 81 41 78 81 36 17 17 61 27 21 42 62 13 54 45 9 45 93 43 85 19 21 61 76 80 99 82
50 50 51 49 52 47 47 51 48 49 47 56 55 56 44 42 44 49 50 50 49 47 46 51 61 49 40 46 55 47 35 66 46 46 43 35 65 54 61 45 65 33 33 56 31 70 39 37 48 45 41 70 50 41 41 61 42 79 21 71 62 36 38 71 30 83 62 80 69 18 15 84 55 80 53 41 16 59 11 56 20 64 67 63 49 84 25 73 59 7 92 10 49 80 96 41 93 90 47 97
50 51 51 49 48 52 49 54 54 53 46 53 44 57 52 48 57 53 58 51 48 61 59 41 47 52 58 52 54 38 41 45 51 38 64 36 34 49 37 47 64 43 29 29 39 65 64 49 34 46 60 62 31 34 30 52 31 74 35 48 32 36 75 19 31 47 74 81 17 80 25 66 69 34 85 55 83 64 16 51 32 51 51 27 78 11 33 89 21 20 28 31 77 69 81 33 15 5 60 96
50 51 50 48 49 51 47 52 47 52 45 54 45 44 44 42 45 44 51 41 45 52 53 60 46 55 38 55 60 56 54 38 60 44 48 40 68 63 49 46 54 31 68 63 45 41 48 52 41 37 54 47 52 56 45 51 57 45 78 57 26 47 50 70 33 41 66 76 16 55 34 36 58 26 75 33 60 33 17 71 32 86 75 35 48 72 38 38 78 69 27 40 44 75 4 15 25 60 42 78
50 51 49 52 48 51 49 47 53 52 47 46 45 47 52 43 55 57 51 48 47 43 44 43 38 56 46 60 48 38 56 49 53 51 44 49 51 39 67 53 52 59 52 34 35 32 34 42 28 61 41 52 66 50 43 73 61 75 64 21 46 67 34 35 36 17 20 23 62 27 62 37 32 45 58 72 83 89 11 46 21 37 26 50 55 51 14 94 32 36 87 30 74 89 28 15 49 26 36 48
50 51 49 51 49 53 48 51 47 55 55 55 47 50 43 44 53 56 42 40 59 53 39 42 46 46 45 52 62 65 55 50 51 64 52 42 33 36 40 70 40 36 39 29 62 48 38 51 55 60 28 70 39 65 77 32 58 23 32 75 21 43 51 24 81 57 65 83 19 47 75 36 37 20 65 72 66 60 38 27 24 36 16 18 54 29 17 43 48 12 44 78 50 18 91 4 37 11 63 96
50 50 49 51 52 49 48 47 46 51 48 46 52 54 46 53 44 47 43 49 42 59 58 45 51 44 40 38 47 40 65 56 43 41 35 67 50 39 42 63 54 35 69 67 53 32 29 28 57 51 55 40 71 58 26 25 35 69 59 31 30 33 75 19 79 83 75 82 44 40 34 22 47 46 55 29 31 55 87 78 11 31 80 27 65 11 75 16 45 35 50 46 54 90 10 14 15 78 18 24
50 49 50 52 51 48 50 50 46 54 51 47 52 55 43 56 48 55 48 54 47 52 41 42 47 56 47 44 36 37 42 43 42 61 39 48 32 58 53 34 31 46 29 47 66 73 64 57 49 35 50 65 30 48 23 56 29 50 33 56 29 78 31 62 75 69 47 61 72 83 79 81 39 54 69 17 43 21 48 60 29 59 79 37 65 11 7 69 71 23 51 60 79 6 8 15 97 48 31 40
50 49 49 52 50 51 49 50 53 51 48 45 52 55 55 45 44 52 53 43 52 47 54 55 59 40 50 49 44 56 61 40 46 57 48 38 55 53 59 57 31 56 63 32 61 57 38 37 39 43 39 26 38 58 51 29 62 46 55 49 64 26 56 77 33 49 83 34 65 55 80 85 39 39 39 25 64 71 19 46 46 10 41 67 31 40 31 27 75 71 10 13 71 46 26 53 19 98 89 23
50 50 49 50 50 48 49 54 53 52 55 51 52 47 47 55 43 49 50 54 49 60 46 54 43 39 43 50 51 54 57 38 45 62 45 44 63 61 34 64 66 70 42 38 50 71 36 64 74 39 56 42 60 47 73 58 55 54 21 79 24 44 68 55 36 44 71 53 65 37 78 35 57 16 85 65 27 81 53 74 87 81 46 68 88 84 73 54 93 53 60 4 76 13 96 27 56 99 62 94
50 49 49 52 48 47 49 52 54 52 52 52 56 56 57 56 53 41 59 47 42 48 56 52 55 40 53 37 60 47 44 64 37 67 46 45 41 35 32 53 31 63 41 49 57 72 68 48 50 44 39 51 49 65 28 28 59 22 73 69 45 59 78 31 38 80 49 18 52 25 30 42 66 50 64 35 22 87 24 37 83 79 69 49 83 19 63 86 57 49 64 17 88 24 36 34 30 90 67 53
50 49 49 50 50 52 49 50 52 45 50 47 52 53 49 58 56 58 59 56 47 51 47 51 62 46 55 60 50 65 52 36 57 36 49 38 56 40 47 40 35 52 71 53 32 34 40 36 44 45 75 26 57 38 45 72 36 59 76 73 27 32 40 57 52 71 68 79 52 19 72 49 62 51 64 31 28 59 11 22 43 11 71 81 8 51 51 28 64 14 14 60 69 93 64 75 96 33 11 66
50 49 51 50 52 48 48 54 53 55 49 46 51 52 46 48 44 42 49 49 55 45 46 45 54 63 45 42 44 55 51 66 65 66 37 59 34 69 53 35 35 44 54 71 66 34 34 52 43 54 37 51 62 75 56 30 49 78 55 66 26 44 75 24 33 59 60 33 19 26 24 80 44 31 44 23 34 42 22 87 42 53 74 20 43 35 38 33 40 15 24 13 95 84 70 61 70 21 24 92
50 49 49 50 50 52 51 53 46 46 51 52 52 50 47 50 55 49 51 53 52 49 57 53 55 42 42 55 56 62 45 36 35 49 51 42 63 52 58 43 39 33 70 30 48 27 63 47 58 38 46 49 57 71 32 67 71 28 42 41 23 37 38 36 41 21 63 81 36 20 30 30 35 39 39 15 37 30 17 32 39 53 9 16 43 13 69 18 75 44 12 84 26 78 86 65 10 32 29 40
50 51 51 49 48 53 49 52 48 47 49 48 52 52 48 56 50 45 59 59 47 59 49 52 50 58 54 49 63 55 57 63 48 48 54 65 54 32 47 34 57 54 62 28 63 67 28 41 71 46 58 37 42 51 69 40 71 46 29 22 53 32 56 18 60 60 29 44 39 72 71 35 30 71 24 70 77 40 24 23 87 39 36 87 65 76 29 64 49 29 59 80 43 60 13 17 44 85 15 24
50 51 49 49 48 50 48 51 53 45 49 47 49 46 47 55 55 54 48 59 42 43 48 53 44 56 59 50 43 54 60 63 37 50 51 66 41 58 56 38 63 55 39 53 46 47 29 43 43 61 51 39 28 63 58 51 32 54 48 25 26 22 24 51 73 47 27 63 67 84 83 34 82 26 55 23 69 40 12 12 87 80 19 80 40 50 34 21 62 67 90 30 54 85 77 5 4 3 36 67
50 51 50 49 49 47 48 53 46 45 51 47 52 44 50 48 57 57 58 57 58 51 53 51 40 56 54 47 44 43 52 66 61 56 44 45 56 54 35 49 65 38 65 29 68 69 41 28 72 37 36 74 24 36 23 25 34 63 73 37 45 29 62 25 79 58 49 22 37 22 67 61 22 15 85 45 65 32 63 53 20 59 17 58 61 53 43 62 32 54 88 73 37 37 53 2 65 54 79 46
50 51 51 49 51 48 50 54 52 46 48 47 55 45 55 44 51 46 56 40 44 39 47 62 41 50 40 49 38 43 42 66 51 64 51 51 58 57 31 40 62 44 39 65 54 67 65 35 45 40 50 32 30 65 32 25 34 26 24 68 42 19 45 78 54 79 54 26 43 28 61 61 41 70 73 66 79 40 12 44 72 70 52 51 20 59 33 75 20 74 6 43 88 89 86 19 50 21 6 53
50 51 50 51 52 51 52 49 46 50 49 47 50 54 55 42 56 45 47 46 50 49 39 38 62 38 48 44 50 48 37 59 34 53 63 34 33 57 61 48 67 31 66 41 71 34 59 54 35 27 43 40 48 70 31 67 59 59 55 69 59 29 81 67 82 64 63 75 58 17 34 74 32 80 40 35 85 31 48 74 86 58 40 49 24 47 52 7 63 74 62 37 56 90 81 98 38 70 63 81
50 49 49 51 48 51 51 50 49 48 55 50 50 50 44 49 54 51 51 50 44 53 50 47 44 53 57 46 36 64 47 47 65 34 55 53 54 55 65 33 44 33 51 42 53 67 61 52 65 69 50 43 34 41 73 30 67 56 44 72 74 71 44 70 37 60 37 47 32 68 26 58 37 17 46 81 52 88 32 16 57 41 34 36 27 30 60 76 90 22 11 5 47 49 67 4 28 15 81 17
50 50 50 49 50 53 51 47 46 46 53 44 53 48 43 52 56 44 47 51 42 40 58 39 55 51 43 38 64 65 51 60 58 46 57 43 51 48 66 58 37 41 42 57 37 73 33 56 34 49 73 47 40 71 76 48 55 35 31 59 74 19 52 18 53 53 83 58 44 20 66 20 31 82 29 35 74 88 48 45 24 54 57 77 68 56 31 28 72 23 76 66 4 24 12 88 97 4 44 37
50 49 49 52 48 51 52 52 51 47 49 45 49 54 45 52 51 52 52 43 47 60 43 46 57 48 45 63 60 51 48 52 52 50 35 34 60 67 34 30 68 55 67 59 72 70 46 37 30 71 43 57 64 55 65 60 60 46 79 65 78 33 78 55 60 34 69 28 57 28 16 70 15 70 31 35 48 26 67 53 62 38 14 56 52 7 9 6 22 81 64 28 32 66 19 37 18 88 80 36
50 49 51 52 48 47 51 47 46 54 54 45 54 46 44 44 42 48 42 60 45 41 54 38 38 47 41 61 54 37 37 65 41 37 47 46 35 48 67 30 49 54 45 56 59 35 66 62 34 70 65 50 34 74 31 70 37 44 73 47 29 59 42 33 67 69 56 19 63 41 29 75 55 45 27 17 27 40 15 13 12 32 86 67 41 19 30 26 13 38 32 60 10 10 93 57 58 82 40 86
50 50 49 51 51 51 49 47 46 53 48 51 46 47 43 50 57 43 58 52 43 57 43 62 39 55 55 41 55 54 52 45 63 62 53 39 62 67 65 47 68 30 52 66 58 35 72 39 35 68 69 66 74 64 23 41 23 78 76 26 21 36 67 79 22 40 59 71 61 44 31 53 81 36 79 41 65 86 68 24 11 66 14 78 19 85 81 48 75 51 46 66 58 7 84 28 69 50 88 63
50 51 50 48 51 50 48 49 54 48 51 53 44 51 48 58 42 43 45 57 51 47 53 57 58 45 43 53 63 55 42 57 66 62 50 56 51 58 60 32 44 42 65 43 58 69 66 53 48 41 37 36 53 62 27 62 39 59 23 35 76 33 45 59 55 82 80 45 70 26 31 82 58 21 31 24 40 21 84 34 38 67 22 9 21 61 32 21 80 77 64 37 38 62 28 4 78 17 21 45
50 49 49 49 50 49 49 48 53 49 50 46 44 50 43 43 45 48 59 60 54 55 51 42 40 48 58 63 39 61 57 34 39 56 41 49 59 55 34 54 64 45 58 71 72 36 31 38 33 70 44 29 39 44 28 72 32 28 32 48 20 77 66 57 24 58 65 33 82 80 74 41 20 74 71 31 42 56 17 83 50 9 71 65 41 52 36 42 73 40 52 16 76 49 86 94 46 53 86 7
50 49 51 49 51 52 50 49 54 45 46 53 54 57 52 46 54 59 52 59 49 49 61 39 42 62 40 40 46 52 44 61 45 45 47 45 49 44 55 53 41 44 70 37 29 56 45 52 71 60 66 41 67 34 74 42 67 71 70 47 64 64 64 77 53 62 68 67 43 47 21 55 43 76 84 30 44 69 80 23 28 11 58 27 12 59 72 72 11 29 50 4 95 97 95 53 11 24 56 34
50 49 51 52 51 49 51 51 48 46 53 53 49 53 52 53 58 55 59 47 56 46 47 42 55 54 49 63 46 43 50 64 36 55 56 60 56 59 55 67 53 55 68 70 69 38 36 67 64 37 31 73 76 68 43 36 71 37 52 42 79 56 42 54 65 58 37 18 44 35 83 78 35 36 24 79 60 78 30 55 21 55 19 54 17 53 56 74 89 16 81 84 44 14 92 83 55 56 17 9
50 49 51 49 50 50 51 49 53 49 46 46 52 51 57 51 50 46 54 40 53 60 54 44 48 38 45 56 43 35 45 40 43 43 48 34 35 39 38 63 53 71 62 66 38 62 42 45 28 70 67 37 68 51 33 24 55 42 68 50 39 38 36 19 81 74 31 23 79 79 28 78 70 73 25 79 57 36 41 42 42 85 70 47 34 49 18 73 92 38 17 63 38 81 64 9 52 61 63 48
50 50 51 52 51 53 50 52 54 55 54 44 44 47 50 44 51 42 53 59 46 42 47 54 54 63 45 41 40 37 44 37 41 36 49 36 33 48 45 67 56 38 52 55 55 50 66 30 40 50 54 55 75 74 71 59 75 61 27 39 21 37 37 73 33 42 42 43 24 20 49 81 56 69 55 15 52 46 35 35 12 51 44 58 83 26 82 81 7 63 81 54 45 56 61 9 93 65 15 75
50 51 49 48 50 50 47 50 51 53 45 44 50 48 49 56 45 42 41 43 50 43 46 55 46 60 50 48 45 50 61 49 52 59 43 37 49 62 65 38 34 54 54 43 49 46 49 39 74 26 64 76 46 46 61 77 23 47 24 27 51 31 64 63 28 45 61 21 30 38 75 41 74 16 56 83 46 44 83 18 71 38 35 52 35 15 46 33 24 26 14 59 68 17 23 46 73 99 8 7
50 50 51 51 51 51 48 50 53 45 52 54 55 51 47 47 50 49 53 58 41 40 47 40 49 47 63 49 40 58 39 61 52 48 63 45 47 65 55 61 51 59 70 65 34 57 57 57 67 73 44 68 39 75 37 25 75 30 54 65 65 24 62 81 21 29 21 66 42 56 47 23 38 67 25 60 82 71 70 32 14 55 69 88 71 37 13 60 69 13 94 58 76 55 30 25 96 42 61 1
50 50 51 48 52 47 52 52 53 50 51 46 49 48 45 48 50 56 46 55 59 57 57 55 44 58 48 48 57 45 38 54 54 42 43 60 65 61 31 58 33 66 39 71 42 42 37 70 62 33 35 43 40 54 28 69 68 67 72 44 27 43 19 41 52 74 45 20 28 78 59 82 57 28 57 30 50 62 65 27 55 31 63 54 67 29 10 31 77 28 31 13 35 30 60 10 2 91 14 86
50 50 50 51 50 48 49 54 52 49 53 49 49 51 51 52 56 51 42 48 40 44 61 53 40 38 54 59 56 39 47 43 42 53 67 48 61 49 45 47 53 48 61 66 59 30 43 41 29 30 69 31 61 33 34 46 29 40 77 37 40 72 30 68 70 60 81 36 71 19 15 31 45 69 38 42 51 11 38 11 52 67 48 16 60 15 47 67 33 69 79 96 35 43 71 94 61 5 14 13
50 49 50 52 48 47 52 51 53 53 46 49 53 57 54 49 46 42 54 55 57 58 55 44 38 49 50 58 63 37 59 48 61 60 38 33 64 63 31 43 68 36 69 60 55 47 48 66 60 31 59 61 55 45 64 52 75 76 71 57 71 72 34 73 73 47 70 40 63 31 42 70 30 69 80 60 85 53 62 57 45 27 64 16 79 47 14 73 47 82 60 82 11 43 16 56 62 32 66 20
50 50 50 49 49 53 50 50 48 54 51 46 50 47 48 48 50 45 41 49 51 42 47 47 47 39 47 57 63 49 63 43 51 42 67 56 62 68 39 70 35 50 53 49 40 49 61 37 43 37 53 28 75 72 43 31 59 69 75 20 78 50 75 65 18 28 55 84 58 84 26 86 56 64 50 26 67 16 53 56 39 63 74 11 54 36 31 93 86 69 21 85 58 54 66 78 10 11 39 97
50 49 49 52 48 53 53 54 53 45 50 54 51 45 49 43 57 55 42 47 54 59 43 55 59 56 58 58 36 36 65 44 49 51 40 39 37 39 42 70 32 57 38 50 54 64 41 29 72 71 38 42 58 47 77 68 54 46 26 38 71 47 78 38 63 24 55 82 66 80 47 47 86 53 25 61 63 70 36 61 47 20 40 75 35 67 46 67 60 83 80 58 5 20 39 85 95 97 82 38
50 49 51 52 49 49 50 54 50 47 55 55 47 44 53 49 50 44 46 42 43 41 40 51 38 49 59 51 57 35 41 55 45 52 53 51 42 40 39 33 36 40 65 66 31 47 28 40 67 44 71 55 35 74 39 44 29 50 51 26 58 51 63 71 22 74 65 37 77 52 83 68 63 56 57 87 88 37 21 90 13 70 54 19 84 71 21 33 84 87 82 73 64 19 29 33 67 21 46 69
50 49 50 51 48 52 49 48 49 45 51 55 49 50 43 55 58 43 54 57 43 42 46 56 47 37 44 60 59 58 55 48 61 44 43 57 67 33 67 47 45 32 61 54 52 53 29 38 32 70 73 32 61 39 48 37 55 25 76 70 60 25 21 21 30 59 79 49 43 32 32 41 48 22 56 20 72 86 17 82 38 23 41 29 75 14 31 82 54 9 22 72 52 43 77 29 46 40 19 24
50 51 50 50 52 50 49 50 54 46 48 45 46 54 56 52 51 47 56 58 44 48 49 47 59 44 46 49 56 61 62 34 50 64 66 49 64 65 45 41 42 31 58 62 40 27 54 33 60 57 48 69 42 24 60 61 35 45 58 41 32 60 66 45 67 29 18 36 59 82 31 81 48 15 78 16 24 20 42 87 50 19 52 19 16 78 71 6 25 63 54 75 83 48 5 39 63 88 63 54
50 51 50 51 52 50 52 50 48 52 45 52 46 56 49 44 50 46 49 58 51 55 48 39 57 48 60 42 48 59 50 47 48 54 35 48 34 47 31 45 31 41 51 64 47 62 45 46 57 37 68 51 62 50 34 32 31 31 61 24 39 53 64 45 79 56 71 16 80 32 42 80 75 36 45 23 32 36 73 46 69 35 63 59 35 50 11 58 68 81 87 52 95 76 78 45 2 74 15 12
50 51 50 49 50 47 47 48 48 48 51 51 52 51 48 46 45 49 42 45 40 41 48 62 59 42 37 59 51 38 62 41 64 61 34 37 41 46 66 41 38 46 70 43 35 56 40 38 44 36 37 50 75 37 63 25 50 51 58 74 49 33 30 65 66 83 62 47 54 80 30 30 39 85 16 35 75 22 80 75 42 63 35 57 31 34 10 55 31 40 90 61 26 48 58 49 26 93 75 72
50 49 49 51 48 50 49 53 46 53 48 54 44 54 43 50 57 45 48 43 51 43 58 56 54 38 39 48 55 42 55 56 35 41 47 68 38 51 64 51 44 38 53 57 29 55 27 58 41 56 63 30 69 49 66 37 51 78 23 39 60 25 77 78 59 75 75 24 26 55 63 64 42 68 79 78 28 47 64 50 53 20 49 92 76 64 14 83 49 73 23 24 13 87 43 13 43 38 58 36
50 49 49 52 49 49 49 54 52 45 50 52 56 54 52 45 54 51 50 55 45 52 60 38 41 49 43 43 57 45 45 56 45 59 57 53 37 45 34 30 35 29 47 46 58 35 47 63 31 75 35 36 72 25 46 40 53 48 24 23 77 47 74 60 61 50 28 76 71 75 16 63 30 61 52 50 39 59 34 89 10 46 87 53 49 60 16 28 63 42 5 55 10 15 14 41 62 74 75 12
50 51 49 50 49 51 49 49 46 47 53 53 47 44 47 58 57 57 42 41 49 58 56 54 41 47 52 45 41 59 35 36 51 59 45 59 41 64 39 53 40 70 70 49 45 32 56 59 67 66 75 28 62 57 77 52 64 63 21 21 75 54 75 24 73 19 76 78 19 64 78 32 44 76 37 70 40 62 85 32 65 27 28 19 45 91 69 20 65 59 15 67 83 29 75 24 89 38 37 92
50 50 49 49 49 47 51 50 46 51 46 49 46 43 53 48 51 56 55 49 58 61 42 45 41 50 37 51 37 54 41 46 40 43 65 40 52 33 42 58 49 70 54 54 51 41 30 40 38 51 55 29 26 60 44 59 64 70 36 57 67 49 71 67 54 24 76 51 61 79 62 80 49 24 62 55 20 50 43 36 79 11 16 34 69 7 47 22 31 71 42 85 71 34 19 21 71 13 8 72
50 49 50 51 49 53 47 46 48 52 55 49 55 49 43 58 46 51 55 46 43 50 47 47 57 40 56 54 59 62 56 61 46 37 62 66 56 66 64 53 53 52 42 33 49 46 39 28 64 50 38 68 54 23 74 33 29 35 54 71 48 25 32 34 35 19 17 52 80 76 70 64 41 17 81 86 57 12 36 19 55 32 73 72 88 50 45 74 72 92 78 49 60 41 53 16 5 24 33 42
50 51 50 49 50 48 53 52 50 55 47 52 51 50 51 42 46 55 41 51 51 40 52 60 45 52 43 58 38 42 65 54 36 35 67 65 53 33 55 37 64 68 66 44 59 41 51 66 55 37 47 71 76 66 75 61 69 54 47 26 58 57 28 73 45 45 80 55 71 34 24 46 80 47 37 15 55 60 30 75 53 67 84 52 32 22 79 43 37 30 84 66 88 12 27 85 78 38 27 61
50 50 51 51 51 48 47 48 47 49 52 52 56 49 43 43 50 44 52 40 42 60 41 54 56 55 55 63 53 63 52 38 57 56 56 54 56 40 49 33 36 59 39 48 68 43 68 59 38 35 69 43 54 63 36 45 56 30 65 52 72 37 47 70 32 53 39 30 62 58 63 46 63 65 43 40 31 15 51 47 21 15 82 61 11 10 48 21 69 72 90 7 55 57 13 86 96 93 95 47
50 50 49 52 52 51 53 51 52 52 52 46 54 51 54 52 42 42 54 56 46 54 46 55 40 56 58 44 46 55 50 47 37 63 53 45 52 62 69 56 47 66 40 43 65 36 35 72 35 32 52 73 76 26 24 34 75 58 34 59 53 36 28 23 58 21 51 18 71 29 49 28 59 81 73 30 40 86 33 58 62 91 29 38 20 45 38 61 32 51 52 26 80 40 19 30 12 76 33 17
50 50 49 48 50 51 51 54 54 50 51 55 54 53 49 45 43 42 54 54 44 46 52 42 55 61 43 47 53 40 35 56 62 66 47 52 37 54 56 30 69 44 45 28 44 45 45 31 44 69 64 28 70 43 48 41 75 73 74 27 38 34 58 80 79 70 22 44 24 61 16 57 49 25 34 74 18 43 43 79 42 86 40 60 37 21 18 72 49 26 92 64 69 23 19 48 10 74 19 22
50 51 50 51 52 49 48 54 51 46 47 45 49 50 57 42 57 58 49 40 41 47 58 44 50 54 47 58 57 35 47 46 54 40 55 47 62 66 46 56 50 30 62 32 45 49 36 52 72 55 70 41 74 55 30 33 51 48 44 34 66 56 66 30 58 46 65 61 35 35 60 75 69 38 33 61 60 24 50 50 19 40 50 64 30 15 56 85 83 90 82 90 11 11 23 75 22 33 59 99
50 50 49 49 52 52 50 49 48 52 52 48 46 44 50 57 55 49 56 44 43 56 59 54 41 51 49 39 44 35 44 42 40 37 41 62 61 40 57 47 47 56 70 67 53 73 61 56 49 66 74 54 55 59 31 31 26 59 41 55 30 35 60 32 27 32 44 68 62 53 33 23 70 14 52 85 24 20 55 21 18 41 76 53 13 71 24 89 87 68 61 93 88 13 74 41 94 94 48 22
50 49 51 50 49 50 50 52 51 50 51 49 46 51 47 43 57 49 57 40 58 53 45 58 56 46 56 37 50 44 36 38 51 44 37 63 49 43 39 60 30 37 52 45 37 41 54 68 31 47 73 38 32 34 56 75 59 54 45 77 29 80 40 61 67 75 60 52 35 48 48 78 51 51 25 36 61 28 20 50 72 86 36 66 30 44 90 17 32 69 76 13 85 56 88 26 74 14 5 27
50 49 50 49 52 48 53 50 46 54 53 54 50 47 54 42 57 51 44 58 47 53 52 61 50 40 43 54 64 42 43 60 66 62 34 42 39 57 63 34 49 57 33 42 39 43 39 53 51 46 41 46 35 65 24 65 74 44 21 80 52 61 69 66 47 54 58 74 38 85 48 21 58 72 42 74 42 15 48 83 56 78 34 51 22 56 23 85 47 63 34 12 18 71 56 30 76 1 73 64
50 51 50 49 51 50 52 47 49 50 47 53 51 48 48 58 54 46 58 57 54 47 61 47 59 56 49 40 39 46 50 50 35 40 36 60 62 36 56 44 45 48 43 30 47 33 41 71 46 60 28 68 56 28 32 40 69 58 24 74 22 51 56 43 50 48 22 57 41 85 18 64 44 62 60 20 44 72 69 66 43 40 48 27 54 93 67 41 87 12 94 12 45 81 80 80 64 6 64 85
50 51 51 52 52 48 49 50 54 52 46 51 46 50 46 51 50 59 55 59 48 47 49 61 52 62 62 45 51 44 57 46 46 58 57 49 66 56 41 62 52 61 67 54 29 58 47 39 56 56 75 53 46 62 61 35 74 48 79 61 76 79 34 81 32 69 63 26 78 19 50 70 58 28 58 44 71 18 36 89 29 55 76 41 52 50 37 36 51 53 70 17 96 9 50 67 95 39 97 52
