50 51 50 49 49 52 52 47 49 45 50 50 53 55 50 47 42 57 52 48 50 57 47 45 59 60 56 49 54 51 39 36 42 56 44 37 35 67 48 44 66 53 45 47 71 33 39 37 70 28 72 75 56 73 52 77 33 42 48 54 52 52 24 33 29 21 41 38 77 65 33 16 35 38 38 25 50 17 77 23 89 61 83 85 83 90 84 6 27 57 51 71 96 83 52 66 85 82 95 68
50 49 51 48 52 51 50 52 46 46 46 44 47 55 50 52 47 53 49 60 41 51 45 56 49 55 38 37 56 61 61 44 37 40 37 43 63 53 45 41 35 42 70 62 66 71 29 44 54 45 33 74 58 72 50 24 63 37 70 28 40 80 45 49 64 56 65 49 51 30 63 39 73 71 46 28 87 62 58 66 20 25 36 83 89 38 34 20 82 39 89 45 47 4 15 55 59 61 41 98
50 50 51 50 50 49 51 52 52 54 51 52 44 44 54 48 54 56 57 42 48 61 56 50 38 48 61 43 44 58 41 51 51 59 60 44 43 44 66 62 31 56 30 59 47 33 44 28 68 58 50 57 64 35 65 27 73 35 31 28 35 49 50 61 19 64 57 81 52 24 38 35 56 57 35 42 23 18 44 17 57 62 26 72 58 13 26 33 50 68 19 71 84 73 43 54 28 5 65 78
50 51 50 51 48 50 51 52 50 46 48 50 53 54 48 52 44 51 45 46 44 60 48 56 46 58 43 55 45 35 53 34 57 59 67 35 61 57 53 42 64 58 41 43 60 65 44 69 31 63 28 71 28 40 45 65 61 42 79 79 79 49 25 72 53 61 28 19 26 43 63 32 56 81 14 57 60 15 49 38 89 89 17 30 53 89 33 53 71 15 64 20 90 31 50 80 85 5 11 71
50 50 49 49 49 52 49 54 54 51 49 47 51 55 55 53 50 55 42 54 52 60 53 48 57 54 56 55 42 61 65 59 41 50 54 49 60 43 45 48 67 36 31 41 36 48 33 28 50 53 30 58 51 51 68 28 42 70 66 40 27 52 68 79 63 41 57 51 35 55 24 32 60 37 23 76 70 11 15 21 18 77 82 89 42 58 90 83 74 28 22 70 11 90 87 65 58 88 56 90
50 49 51 52 48 49 49 54 51 50 49 46 53 48 48 48 48 55 58 50 46 41 60 57 60 60 55 40 50 45 53 39 40 47 43 51 50 59 38 38 39 43 55 35 45 55 52 26 46 35 39 74 30 52 53 75 38 35 79 69 64 77 62 51 19 57 30 69 20 62 57 51 48 48 68 13 42 20 64 60 63 26 83 48 87 58 86 35 84 68 74 88 5 54 15 5 79 67 50 81
50 51 51 51 49 52 47 52 48 55 52 53 46 53 48 51 46 43 55 40 45 56 55 40 49 47 53 49 52 35 36 64 46 60 48 60 39 61 51 57 40 44 58 53 30 71 36 38 40 74 39 51 67 33 71 66 22 78 79 34 22 69 55 30 56 50 18 34 44 29 76 21 35 27 51 78 45 70 85 32 20 32 75 15 11 69 28 20 86 30 86 80 95 37 30 68 19 93 88 98
50 49 50 52 52 51 49 47 51 51 45 56 52 43 50 48 46 53 50 46 51 41 40 40 54 51 41 60 36 35 41 50 57 58 55 50 36 61 41 46 57 35 62 29 44 54 63 29 55 72 68 59 74 35 30 70 52 28 55 34 32 53 36 26 33 21 33 77 31 46 30 81 21 29 83 18 41 81 57 75 23 80 80 77 71 17 18 45 19 95 6 23 42 64 79 84 44 71 6 16
50 51 49 52 49 52 52 51 51 47 53 56 54 54 47 54 47 58 53 57 43 52 54 43 62 54 47 55 61 52 46 54 52 44 34 53 46 53 38 53 45 62 63 38 53 53 62 63 44 30 53 49 33 30 61 66 64 66 25 75 67 35 81 54 67 76 48 28 84 32 75 22 52 19 35 19 70 12 87 81 55 27 68 59 23 20 67 21 64 8 85 77 71 20 33 36 50 59 8 77
50 51 50 49 52 48 53 47 49 51 51 49 50 49 54 54 48 53 52 45 54 57 52 44 47 38 38 39 63 56 36 58 45 44 35 54 44 34 45 35 49 47 60 40 31 69 38 32 61 53 38 32 37 34 34 41 74 71 59 80 78 56 51 76 42 54 83 39 40 64 63 30 20 78 52 17 14 57 13 51 22 48 9 73 47 39 48 43 59 27 62 14 14 15 68 30 18 70 93 32
50 51 50 49 48 50 50 47 49 49 47 45 44 50 45 49 50 53 49 43 44 52 61 42 52 39 39 58 59 60 47 61 37 48 37 63 65 45 56 63 57 40 31 31 32 67 67 62 36 66 37 26 70 68 41 54 42 72 26 67 54 78 61 72 75 61 51 35 48 71 57 54 16 16 50 38 72 83 43 44 78 54 65 56 19 7 9 47 52 94 72 87 21 92 84 31 50 35 22 94
50 50 51 48 48 48 50 49 47 54 46 49 45 48 56 47 49 56 55 58 57 42 59 42 46 48 48 57 44 47 53 51 51 67 53 42 40 35 43 50 59 56 41 63 66 60 39 44 35 33 30 59 70 40 66 53 33 54 45 32 66 52 54 53 38 46 58 70 31 80 35 75 32 28 38 68 62 36 31 87 78 91 34 38 78 90 66 10 38 86 47 38 50 61 64 61 67 75 31 79
50 49 51 51 51 51 48 46 53 46 54 44 52 44 50 57 58 47 49 57 49 48 53 43 59 57 41 45 51 64 51 50 43 56 63 49 46 37 58 49 39 59 62 63 35 40 51 70 30 45 70 32 54 52 50 60 28 41 59 44 44 23 75 26 34 57 39 47 69 61 61 51 18 16 49 85 34 55 77 22 30 68 13 49 88 63 54 89 38 62 12 28 86 69 10 66 84 60 74 17
50 50 50 52 50 53 52 48 54 45 46 47 46 56 44 44 49 55 42 47 58 42 54 60 47 48 38 51 42 51 53 45 58 46 57 67 59 57 68 60 66 68 29 70 31 27 70 30 28 60 64 69 31 43 67 64 27 70 61 80 42 45 73 28 34 51 57 67 49 69 17 81 43 40 26 56 76 30 73 35 87 57 30 60 54 37 56 57 27 32 92 39 43 34 7 33 41 90 93 34
50 51 50 48 49 48 51 52 53 47 50 47 53 46 44 51 45 43 42 56 60 58 41 54 50 58 62 50 52 51 36 51 54 43 38 36 64 44 63 64 45 69 48 32 67 53 35 67 72 62 34 60 34 26 57 63 26 76 28 71 59 39 48 64 64 63 76 51 69 78 37 20 86 74 41 76 29 49 13 39 83 11 26 53 52 8 82 17 28 88 20 46 78 40 19 80 46 8 87 39
50 51 49 52 50 48 53 51 47 52 54 50 45 55 43 43 42 58 50 46 60 59 58 54 62 61 41 42 61 63 35 45 55 38 49 34 32 53 66 56 49 61 44 36 52 37 33 26 38 51 50 64 72 43 50 72 44 77 45 55 49 25 22 75 54 46 51 79 70 33 43 24 42 63 56 68 60 45 61 36 28 30 61 34 20 71 28 12 60 84 51 27 34 82 80 24 26 18 24 76
50 51 50 51 51 47 52 47 47 45 47 55 48 44 49 46 45 59 46 59 55 61 40 58 61 51 48 45 61 53 55 34 55 44 56 64 47 53 59 43 61 40 49 44 30 62 33 34 26 32 68 45 34 24 29 67 52 58 30 30 72 74 74 65 61 70 34 82 28 55 57 28 38 25 47 68 48 50 50 19 73 80 44 86 76 36 81 62 69 68 63 16 71 79 39 72 29 20 85 2
50 51 49 50 48 52 52 54 54 55 49 56 48 52 57 48 48 58 46 46 49 40 58 50 62 63 48 58 38 58 41 36 60 64 37 32 42 62 46 61 33 30 38 29 59 47 62 26 59 30 65 50 58 45 30 23 57 37 23 33 80 52 68 82 76 49 72 78 18 32 64 19 25 22 14 17 52 66 28 87 58 10 48 42 48 36 71 60 46 40 62 49 4 24 55 95 45 24 51 52
50 49 51 52 51 48 47 50 50 52 47 54 48 47 55 55 52 47 53 59 50 50 53 60 62 61 55 49 53 54 50 50 53 53 54 46 44 32 51 60 58 59 57 36 28 31 68 28 29 51 64 63 57 52 67 29 43 61 25 61 38 81 49 62 71 48 74 44 49 33 51 54 70 64 63 47 14 50 55 31 80 91 42 53 82 48 68 79 47 82 13 74 15 83 27 95 55 37 1 89
50 50 51 52 51 48 49 47 54 46 45 45 49 54 49 47 54 56 43 53 50 59 51 38 53 45 39 42 49 65 63 46 37 36 33 60 45 33 54 42 52 40 46 29 72 28 55 34 70 42 71 32 53 70 66 54 31 59 47 61 62 79 80 43 28 47 24 72 16 25 52 19 32 49 69 73 27 26 73 39 17 10 12 60 73 19 73 11 26 37 68 95 20 52 44 20 38 1 13 68
50 50 49 52 51 52 47 53 51 51 49 56 49 56 43 52 46 55 55 40 49 43 51 40 44 56 62 64 55 56 51 58 38 58 58 53 41 34 32 69 50 31 36 72 51 38 59 69 38 35 46 40 59 63 40 65 44 69 40 76 69 49 22 73 43 56 49 49 70 74 57 80 80 74 47 47 51 82 65 46 53 19 89 39 73 88 10 46 70 47 7 37 25 10 78 48 67 64 93 8
50 51 50 49 50 53 53 50 47 50 54 45 44 52 52 51 58 51 58 56 48 59 53 39 42 62 59 53 55 48 59 49 61 55 41 32 32 67 63 35 49 31 34 54 69 73 65 70 53 42 54 42 73 42 39 62 36 30 51 77 48 49 35 22 58 47 82 42 67 80 70 37 34 52 37 13 32 59 64 43 70 12 69 77 76 88 43 71 32 65 87 92 19 91 65 30 51 83 37 33
50 49 49 51 52 52 51 53 54 52 53 50 52 55 52 47 57 54 49 41 47 44 48 45 60 56 39 57 62 54 37 54 51 44 37 68 67 31 44 67 42 34 64 64 61 49 49 43 56 73 46 32 36 70 27 45 77 24 34 35 24 25 24 74 22 72 74 37 53 47 77 44 60 60 15 36 19 38 29 28 31 46 21 25 65 80 26 77 74 26 82 20 43 39 74 19 80 23 1 70
50 51 51 51 48 50 49 49 52 50 45 49 52 46 46 50 55 57 41 45 40 41 55 62 41 50 53 58 44 41 35 60 37 39 36 54 61 38 47 57 49 69 71 51 63 56 31 43 28 35 36 25 68 75 35 71 40 51 27 63 61 49 32 30 75 59 55 73 19 47 80 65 44 21 38 32 64 42 65 11 49 23 53 10 36 34 49 24 24 20 81 58 75 59 34 84 58 1 43 27
50 51 49 49 49 48 47 52 52 45 47 48 53 54 44 52 55 44 44 53 42 52 44 60 39 62 58 61 49 63 35 45 39 48 61 62 38 47 52 43 41 47 45 50 56 73 67 64 38 51 42 71 68 23 50 29 27 25 21 54 66 44 71 29 81 36 59 20 23 85 63 18 66 46 71 51 49 77 35 67 50 35 23 57 55 34 58 12 14 27 46 37 62 48 21 81 14 7 16 30
50 51 51 50 52 49 51 53 47 54 48 44 52 54 55 58 49 54 42 45 42 41 44 49 39 38 52 57 36 59 35 53 36 52 61 68 40 45 40 30 62 36 53 60 72 38 53 47 66 64 28 49 36 49 33 25 61 36 79 34 80 72 38 34 24 35 44 55 46 39 32 85 35 53 41 49 32 24 86 79 32 61 50 37 66 51 40 11 23 37 35 53 54 51 47 33 86 52 22 13
50 50 51 48 50 47 48 48 47 50 51 54 52 50 49 44 54 42 59 57 58 55 53 62 40 53 37 61 55 40 56 42 63 43 67 58 40 32 37 38 57 30 31 53 45 31 43 54 29 40 50 54 45 46 61 76 49 42 57 77 53 79 31 51 35 30 78 67 25 74 44 53 38 77 67 17 83 64 17 29 12 38 69 13 73 20 53 90 93 5 22 94 6 13 50 90 98 42 53 11
50 51 49 52 51 50 48 52 53 52 53 46 45 55 52 58 52 59 55 50 57 55 44 53 42 51 60 47 44 35 58 38 52 39 52 66 47 45 40 62 54 71 62 32 54 27 44 41 38 36 60 25 42 65 76 47 55 31 79 32 80 43 79 33 72 53 26 28 39 43 67 55 14 72 61 14 25 23 50 45 22 50 50 76 45 92 57 56 28 17 21 65 82 81 18 47 65 30 6 68
50 50 50 52 52 48 48 48 51 50 49 51 53 51 48 51 42 48 56 45 52 41 53 56 50 45 59 56 38 61 42 53 64 42 36 62 37 49 43 45 54 65 71 45 53 40 50 38 51 29 39 60 27 61 55 69 70 60 31 27 76 67 32 48 33 24 60 35 83 26 54 85 72 54 79 56 29 85 46 71 23 29 91 62 18 69 45 94 8 93 27 87 28 89 81 61 51 24 88 42
50 50 49 51 48 48 52 51 51 55 45 49 44 55 43 54 55 42 41 50 59 46 48 61 61 39 43 37 36 43 50 51 42 50 51 68 49 67 69 55 68 31 50 56 61 67 45 58 69 59 64 55 30 65 30 44 65 27 41 65 69 21 65 40 30 58 60 70 36 74 64 69 52 41 78 32 26 48 47 88 64 76 23 14 81 85 89 80 40 89 7 73 12 66 9 92 34 59 63 8
50 49 49 48 49 52 47 54 52 47 50 45 55 44 52 44 55 46 48 50 59 58 53 56 52 53 50 36 51 63 50 58 64 59 34 59 47 38 43 46 56 33 55 38 50 60 32 58 33 60 68 40 42 77 64 71 58 59 64 29 60 74 37 50 47 45 79 21 53 38 28 37 73 56 18 82 46 87 19 12 64 86 65 77 74 23 92 50 19 31 51 78 31 56 22 55 69 48 24 4
50 51 51 52 48 51 51 49 47 45 47 49 44 56 53 43 53 45 52 45 48 59 43 49 52 50 57 37 53 51 40 50 51 34 40 57 49 34 60 34 65 71 61 60 30 38 68 43 37 39 59 72 54 56 30 35 48 52 44 66 35 45 73 25 55 38 72 32 56 78 35 57 66 83 74 19 30 40 17 10 27 28 86 51 26 18 71 83 19 47 76 64 91 25 56 6 72 45 18 91
50 50 51 49 48 47 53 47 50 52 52 44 49 48 50 45 54 57 55 49 41 52 55 53 53 40 61 43 46 37 50 59 65 54 63 32 57 35 69 51 55 70 29 56 60 49 35 40 47 41 47 75 38 71 26 39 72 37 22 66 27 65 23 26 82 82 26 25 46 51 67 26 15 45 44 47 69 54 59 81 36 16 90 35 80 72 64 40 47 20 20 25 29 95 62 18 38 15 25 45
50 50 50 48 49 52 48 46 48 46 46 53 56 55 53 49 54 45 44 54 44 39 41 46 46 51 58 43 58 51 48 64 34 45 43 51 46 35 44 54 40 65 62 53 48 29 43 51 58 52 30 60 68 65 74 53 36 79 73 23 39 23 40 72 58 47 50 82 72 71 19 63 15 84 28 76 20 70 45 55 15 75 9 43 32 86 62 86 84 7 81 85 17 92 12 41 72 69 22 44
50 51 49 50 48 49 51 48 48 53 51 55 48 51 54 42 49 42 44 40 56 52 42 57 47 54 58 50 47 37 37 34 54 42 44 35 43 63 66 32 35 30 30 70 56 72 29 46 60 34 70 35 74 51 67 65 70 66 43 45 50 22 76 29 40 27 60 20 45 41 35 18 20 22 73 26 61 71 73 17 58 79 84 45 89 54 75 61 93 92 45 52 22 96 8 83 21 75 25 4
50 49 50 50 51 49 47 49 46 49 51 47 54 51 47 43 43 54 55 53 50 61 53 56 50 57 59 56 62 47 35 60 56 35 54 58 52 36 66 32 69 43 29 47 62 70 42 73 30 67 60 71 59 67 53 77 50 68 39 49 50 42 25 66 60 78 39 84 24 58 76 55 72 80 40 17 40 18 82 59 62 55 64 88 43 72 82 45 22 82 50 48 77 35 17 42 62 72 53 51
50 51 51 49 52 49 50 51 46 50 50 56 50 47 54 50 51 43 45 46 46 61 60 39 44 39 61 48 57 39 53 60 54 43 45 65 38 66 57 66 54 69 66 62 62 61 48 53 56 31 65 64 57 61 61 26 73 60 65 70 66 30 46 70 22 35 53 36 48 41 79 15 37 69 51 74 61 70 82 48 74 45 40 84 55 12 73 68 54 71 8 12 55 26 71 39 64 46 33 10
50 50 51 51 50 50 49 53 46 49 48 55 46 43 46 48 47 45 55 53 48 45 44 38 38 43 44 54 62 44 43 59 50 43 44 44 38 45 64 67 52 50 56 61 31 58 38 40 52 69 47 30 50 25 41 70 59 29 38 54 52 33 46 24 65 24 71 74 62 28 54 60 44 48 35 22 64 74 76 90 39 72 26 9 20 70 62 81 35 62 22 65 82 83 23 33 32 20 12 98
50 49 50 51 49 49 51 50 52 48 54 53 45 43 53 43 55 55 52 41 53 55 56 50 39 43 47 49 46 48 45 42 60 42 57 49 65 62 36 44 32 63 60 30 28 40 59 64 53 33 32 30 46 39 58 28 69 22 28 70 75 19 22 46 72 22 28 62 35 64 82 42 52 79 64 54 53 12 11 71 45 23 50 67 31 36 64 64 41 24 29 77 35 62 40 66 39 13 14 76
50 50 49 52 50 50 50 46 54 46 50 45 53 49 45 46 45 54 41 43 57 47 53 44 42 44 50 36 45 49 51 61 63 62 43 59 47 42 56 59 69 33 68 47 53 27 62 32 31 50 38 70 41 63 46 22 56 74 27 49 22 70 47 73 71 83 21 40 76 16 50 85 22 18 14 34 24 46 62 14 55 21 74 92 27 80 49 85 14 78 63 70 77 23 9 51 55 20 28 19
50 49 50 52 51 49 47 54 46 50 46 55 49 47 53 53 47 43 52 41 46 53 52 41 61 45 47 42 56 48 58 66 41 51 34 55 40 31 64 39 57 69 38 41 52 71 27 26 60 70 42 24 58 56 40 29 59 26 73 73 61 70 50 30 52 56 40 73 35 75 80 45 50 39 21 44 40 69 67 31 18 15 62 57 43 13 62 49 81 10 55 37 20 53 96 38 88 27 7 30
50 51 51 52 49 51 48 46 52 48 47 48 49 46 43 47 52 47 42 48 44 57 50 57 43 41 63 45 42 54 37 58 41 51 46 47 52 66 57 54 38 31 43 71 55 57 47 32 67 26 57 54 63 48 43 36 69 29 44 40 55 27 55 40 72 77 46 55 69 80 63 41 76 70 68 50 72 74 82 19 80 47 83 91 72 12 91 36 8 54 16 63 15 34 59 10 26 83 47 81
50 50 51 52 50 47 48 46 48 48 55 44 50 53 52 56 51 52 42 57 50 52 46 60 50 53 40 38 56 57 60 57 63 46 48 33 57 61 50 34 64 43 40 44 46 40 36 38 71 50 28 30 57 45 68 45 22 51 46 62 62 25 78 52 55 60 41 28 35 59 52 81 67 79 21 65 84 31 28 81 56 77 23 10 30 12 66 21 63 6 5 79 26 77 57 20 61 66 49 64
50 51 50 49 51 52 48 50 49 45 45 53 53 44 47 49 42 51 57 41 54 52 58 56 45 46 62 61 63 47 60 34 58 66 62 67 63 46 65 61 69 34 57 53 54 62 32 35 40 41 71 32 53 48 54 37 46 66 63 40 67 52 21 75 70 26 36 47 75 42 30 63 64 28 22 46 34 71 35 87 59 27 16 58 91 74 47 92 22 54 57 7 31 35 64 81 37 94 61 45
50 51 49 50 50 51 52 46 46 49 52 55 52 44 46 53 52 55 42 49 60 40 52 57 49 56 38 54 56 35 51 53 49 37 39 41 67 47 46 40 51 53 70 51 39 50 72 71 61 60 65 67 54 30 67 73 43 45 53 33 77 81 55 59 20 58 74 69 48 28 60 50 71 23 56 38 85 82 18 88 33 37 68 29 85 14 20 42 85 7 25 41 62 83 62 34 69 16 42 23
50 50 51 48 49 49 49 48 53 47 47 56 56 45 56 48 54 43 55 55 41 39 40 57 48 47 44 50 45 56 47 39 57 44 61 68 61 57 37 34 54 41 60 51 69 55 66 69 31 53 53 32 76 39 25 32 57 70 51 44 62 50 39 60 82 82 28 73 67 29 62 75 75 39 26 62 28 64 83 76 20 47 15 91 38 75 83 10 21 78 55 95 68 81 43 22 66 50 57 9
50 49 49 52 52 51 53 49 48 52 50 50 49 48 50 49 43 53 54 58 52 51 57 39 48 54 56 62 57 57 63 42 43 48 51 56 54 38 65 70 67 67 33 57 55 65 54 41 28 26 51 49 42 60 63 42 58 56 59 27 73 35 43 81 20 43 46 36 25 80 77 71 34 59 58 81 46 70 54 72 61 22 28 29 45 41 60 65 77 71 66 30 18 72 60 40 25 51 23 74
50 49 50 49 49 52 49 50 51 53 45 50 47 52 52 47 45 48 54 53 42 57 41 54 44 41 44 64 63 58 65 39 61 43 46 53 59 36 34 31 31 49 58 65 28 32 52 38 62 70 28 38 33 34 37 37 43 63 76 62 44 55 55 72 20 71 48 25 35 47 57 85 79 34 32 64 83 49 48 68 83 72 90 54 86 30 69 14 79 49 53 58 55 89 86 40 41 97 55 36
50 50 51 50 52 47 48 51 47 50 52 46 53 45 54 53 57 56 49 53 59 41 50 42 46 41 54 42 38 43 62 38 46 35 62 57 67 33 52 59 70 30 62 33 38 73 69 28 31 57 51 58 46 62 30 67 32 34 28 67 24 74 33 27 71 48 23 34 47 32 40 31 61 56 68 33 52 58 70 46 42 42 57 91 9 54 7 84 49 82 92 40 73 23 10 97 37 55 70 45
50 50 49 50 50 51 49 49 53 55 52 45 49 54 51 45 54 46 56 42 55 58 56 44 40 62 55 44 63 38 35 55 56 61 48 35 65 69 57 52 59 51 63 66 29 61 48 26 52 59 59 53 65 40 29 27 44 28 33 28 30 61 70 80 19 71 30 56 62 53 25 64 82 32 24 34 46 86 38 28 79 65 69 55 27 34 73 86 57 32 10 85 87 37 32 46 87 29 34 14
50 49 50 50 52 53 48 53 49 51 55 46 44 44 43 56 58 53 44 53 43 42 55 56 60 60 56 56 53 63 47 46 59 52 37 56 51 41 68 64 69 32 30 59 50 63 35 28 66 75 54 71 65 28 31 38 67 54 49 69 47 77 58 56 51 73 73 52 48 26 40 38 78 68 19 25 57 27 68 17 45 51 88 46 25 90 47 67 13 18 56 10 90 22 23 61 70 25 84 76
50 50 49 49 52 52 47 49 48 53 48 52 54 53 52 44 52 47 49 54 44 53 41 38 55 60 40 53 43 57 48 37 41 45 46 43 62 51 44 40 47 69 70 38 59 44 56 48 68 72 64 52 67 60 45 26 54 43 37 53 33 78 70 23 37 77 77 33 80 54 81 58 51 15 37 28 13 78 83 65 76 36 81 20 46 31 10 33 71 37 33 24 23 62 72 15 61 36 36 66
50 50 50 50 52 49 52 48 46 46 52 46 53 47 52 44 48 56 57 53 52 47 42 54 47 46 38 62 63 64 44 63 53 39 56 45 67 59 45 55 46 43 33 64 56 49 52 51 60 46 32 32 30 38 64 65 30 27 63 27 51 41 19 77 47 43 69 53 18 28 23 44 67 67 69 73 80 76 56 26 80 49 86 21 8 43 93 10 84 90 82 95 23 93 92 41 84 90 44 14
50 51 51 50 51 47 51 52 47 48 48 55 51 47 43 48 47 46 54 43 42 61 54 53 41 42 54 62 42 43 36 61 50 53 63 48 51 33 47 38 40 63 31 42 52 33 52 33 49 73 69 52 28 53 50 58 73 49 64 26 34 23 39 50 26 65 48 46 69 25 78 26 59 38 24 84 16 68 60 71 76 76 90 42 24 24 45 82 69 53 42 60 58 42 78 31 9 43 45 56
50 50 51 49 50 53 52 48 47 54 46 44 47 51 57 50 49 44 55 49 50 49 45 46 58 60 57 43 38 61 50 44 54 53 56 60 56 66 63 67 48 65 57 72 41 67 46 58 71 36 32 65 56 53 31 27 72 68 44 79 69 59 26 53 40 75 51 54 47 70 39 30 44 58 48 62 84 11 83 16 14 90 64 50 15 26 54 10 51 26 76 47 74 86 4 88 33 33 36 59
50 49 51 48 50 51 49 51 48 49 47 55 56 51 55 57 54 44 49 43 50 45 44 59 55 41 56 54 59 38 59 37 50 33 45 57 34 42 35 49 35 34 71 49 71 52 68 45 30 59 59 24 61 63 66 76 73 48 78 29 40 50 81 48 32 39 53 51 48 69 58 86 79 13 39 45 48 49 78 64 57 89 51 11 77 42 14 70 92 90 72 73 18 37 11 64 75 86 77 62
50 51 50 48 48 51 50 48 46 51 46 56 47 44 45 44 50 45 59 51 57 39 42 62 53 60 55 52 60 35 60 45 59 53 65 42 63 37 61 44 42 71 39 66 51 40 41 35 62 54 68 35 71 77 29 36 59 22 41 65 47 76 30 43 41 20 83 66 21 80 35 17 34 22 64 60 12 27 29 58 83 82 69 28 91 85 26 18 29 36 22 20 31 55 26 6 35 41 69 65
50 50 51 48 52 49 53 53 53 53 50 52 55 53 47 46 55 46 50 41 47 52 61 38 47 52 41 44 45 56 51 41 63 61 61 41 60 33 52 66 50 55 57 37 36 61 39 72 30 62 26 49 42 76 65 66 59 53 68 79 58 40 25 31 30 22 38 56 24 77 56 60 16 37 29 78 57 28 78 45 62 65 82 73 42 31 30 71 80 78 12 41 30 81 38 69 82 28 13 70
50 50 49 49 51 50 48 47 54 54 50 47 44 57 55 43 58 54 59 58 55 47 41 50 51 43 52 38 53 57 39 59 56 44 63 66 55 42 42 52 47 48 49 40 71 29 39 53 37 72 70 72 45 31 65 40 47 73 78 80 35 62 26 68 41 70 43 80 78 58 49 61 47 41 27 85 55 27 89 39 20 83 85 91 82 79 57 35 29 41 84 11 8 5 15 56 21 65 86 31
50 49 51 50 48 53 51 51 50 51 51 51 51 56 50 54 52 56 53 48 60 44 47 57 39 50 56 36 50 62 37 50 47 58 42 47 37 59 47 67 30 61 70 55 40 53 47 57 38 43 72 39 35 39 69 32 41 22 29 47 80 75 63 55 33 41 39 61 72 51 84 52 29 46 20 67 32 85 89 36 45 11 28 81 58 20 42 33 27 57 74 39 77 96 74 6 12 54 29 49
50 50 51 49 48 51 47 53 52 49 54 44 52 57 52 48 43 45 52 60 43 57 50 41 47 45 37 40 64 46 59 38 39 47 49 36 63 42 55 44 65 70 36 54 40 35 67 61 33 69 66 71 59 39 35 54 37 48 24 37 76 79 52 76 74 75 73 33 80 34 38 62 75 65 56 27 13 12 28 14 82 23 37 13 70 86 44 94 66 11 59 86 23 92 70 87 92 64 3 71
50 51 51 51 48 48 48 48 52 45 49 49 48 44 56 44 42 58 49 49 44 58 40 59 43 53 38 53 62 40 41 63 58 46 45 59 34 39 36 68 39 40 33 64 57 73 54 57 41 29 69 46 34 44 58 47 47 27 47 46 56 35 57 57 64 30 81 81 44 32 37 77 35 78 78 61 23 50 76 17 33 65 85 25 77 57 80 81 72 93 47 45 7 75 8 96 58 51 94 96
50 51 50 48 50 53 51 48 49 50 51 55 47 48 51 42 49 52 42 47 43 59 52 55 57 57 53 39 54 53 35 37 65 66 64 59 43 45 37 38 57 34 38 48 55 73 35 50 57 68 69 64 76 41 48 65 69 62 41 74 20 21 19 53 49 61 60 16 82 67 45 21 54 65 79 74 69 35 61 73 18 72 66 68 31 54 48 30 9 22 35 21 53 62 35 42 66 7 68 6
50 49 50 49 48 47 50 48 52 52 52 44 56 52 51 57 44 45 58 54 57 48 46 45 52 46 37 43 59 53 52 57 66 37 35 59 52 52 44 68 60 32 55 56 42 53 40 27 47 71 53 76 70 74 23 73 53 46 37 48 61 56 61 74 27 56 43 32 76 49 64 70 48 42 60 61 64 49 54 33 67 44 16 11 55 82 66 62 65 71 37 84 74 91 97 22 9 97 43 86
50 49 50 49 52 52 48 52 52 47 49 56 49 56 53 58 56 53 58 43 57 58 47 49 41 62 42 60 43 46 56 61 50 53 49 61 56 51 41 50 60 38 68 33 61 45 60 62 43 28 58 24 31 71 40 32 65 77 55 69 27 53 50 69 24 38 60 33 63 50 78 75 71 65 62 67 27 31 66 32 36 29 55 13 49 45 39 16 16 31 74 88 19 16 35 38 25 2 93 0
50 49 51 50 51 49 49 49 48 45 48 54 45 50 47 58 46 48 48 41 47 46 59 53 61 55 48 55 53 44 37 39 39 59 60 50 44 36 62 67 30 32 40 33 69 42 67 41 48 72 53 39 46 54 71 56 65 72 70 40 34 55 60 19 40 49 72 39 76 19 83 60 18 66 79 34 17 47 11 89 80 55 22 36 69 80 34 78 78 95 11 44 61 17 63 66 28 76 64 87
50 50 51 51 48 50 50 54 54 51 52 56 48 46 56 56 43 41 56 45 60 55 42 43 46 58 55 47 47 36 52 59 47 50 57 39 34 41 57 32 53 53 36 32 64 43 72 55 51 38 57 44 42 66 40 34 26 67 66 77 79 19 20 46 28 28 83 45 32 50 35 71 27 23 82 88 59 77 73 73 24 56 66 21 46 10 59 66 38 76 40 61 76 9 19 72 68 51 9 75
50 51 50 51 49 48 49 48 46 46 53 44 46 55 54 46 44 49 50 57 52 42 44 62 60 58 60 46 46 42 35 35 40 37 60 53 53 60 68 65 70 47 57 60 45 41 56 27 70 71 52 37 62 61 68 74 61 69 43 45 43 40 73 29 36 35 37 48 29 63 44 27 40 74 51 49 51 12 46 39 82 51 85 68 28 19 71 94 32 41 18 88 90 74 78 91 53 86 94 0
50 51 50 52 48 47 47 52 52 55 50 48 44 46 54 53 52 55 51 59 43 43 56 55 56 40 51 45 37 41 54 48 37 67 55 41 54 63 36 53 51 48 35 58 32 27 61 58 74 72 64 26 37 34 31 45 51 71 39 20 28 48 43 42 25 68 43 32 39 69 51 68 18 17 26 76 71 63 30 74 13 31 80 53 86 43 88 29 94 41 28 71 15 20 42 6 84 45 87 6
50 49 49 50 51 48 50 47 46 54 55 51 52 53 54 48 45 44 50 49 43 39 61 52 48 38 61 37 45 39 58 43 40 56 48 59 59 54 65 47 56 65 38 48 45 70 56 65 31 34 33 68 59 38 42 38 23 76 53 72 58 22 65 20 31 30 58 79 27 53 20 52 29 56 33 20 73 36 62 69 35 53 35 86 86 19 88 82 44 35 33 61 88 38 68 86 89 36 58 44
50 50 49 48 51 50 47 46 53 46 47 47 53 49 52 53 45 58 48 56 49 49 48 61 42 39 53 42 54 50 46 36 42 66 44 68 48 43 67 64 68 62 53 58 57 44 55 48 36 27 26 29 36 58 37 33 63 33 74 73 47 57 40 77 70 51 75 80 57 34 30 79 46 37 56 12 69 50 12 13 81 87 9 59 50 16 90 52 92 67 79 29 8 87 33 89 69 12 71 67
50 50 49 49 52 51 48 48 53 49 53 44 52 43 53 45 52 46 44 52 59 53 53 55 41 39 58 37 36 65 41 42 57 39 55 45 56 36 54 37 64 59 66 66 66 64 59 52 29 49 33 71 34 48 41 27 76 74 47 53 37 20 62 23 72 29 74 70 54 72 21 82 75 64 27 31 63 79 56 25 64 23 9 20 73 88 71 88 16 24 67 72 94 81 53 87 54 88 89 37
50 49 50 52 51 48 51 48 53 50 50 53 54 52 46 55 51 47 46 45 45 46 41 49 43 55 45 40 56 57 53 59 57 54 41 67 32 38 40 37 32 38 57 31 50 33 56 64 30 39 32 49 56 48 58 31 23 57 72 31 47 78 70 76 57 63 71 69 46 65 42 19 65 31 42 66 88 21 76 52 65 46 90 37 55 78 45 79 74 40 66 38 53 68 21 41 59 43 42 70
50 51 49 51 52 53 50 51 48 49 45 53 53 46 45 56 52 57 46 40 51 51 46 61 39 46 41 44 54 47 39 54 46 65 34 56 51 56 52 44 32 53 58 31 48 46 49 61 72 62 39 47 35 29 38 27 41 41 24 47 70 58 78 45 44 69 55 55 52 50 56 15 51 26 19 77 81 17 49 22 82 84 44 78 18 89 56 90 73 5 89 92 33 93 83 91 32 38 96 1
50 51 49 49 49 48 48 52 50 55 55 54 45 45 46 54 46 52 57 60 54 51 57 49 53 56 61 42 51 41 52 63 38 33 46 44 55 58 49 63 44 37 42 45 30 59 30 69 58 31 52 52 27 41 53 73 58 28 70 43 71 67 21 78 59 49 54 80 60 51 49 14 36 27 46 14 48 41 53 71 18 47 45 87 79 29 57 6 85 43 35 25 78 34 32 95 13 16 19 50
50 51 50 50 49 50 52 49 51 45 46 48 52 51 52 44 43 54 55 57 57 50 47 42 54 50 42 56 36 49 36 53 63 67 63 37 52 66 64 37 50 30 55 55 63 71 72 59 45 41 39 45 43 73 59 69 41 71 32 22 66 22 59 25 80 39 67 60 23 46 83 21 76 15 38 70 44 48 27 39 24 11 68 66 13 15 38 6 29 50 94 64 25 18 84 31 51 63 10 93
50 51 49 48 51 53 47 50 48 46 49 48 46 49 55 54 56 44 48 49 43 41 61 45 45 48 50 49 50 38 55 46 37 59 40 57 35 43 41 32 69 37 42 71 39 33 54 27 56 63 71 38 53 23 42 41 56 24 70 39 75 43 49 28 56 21 39 62 42 20 15 24 58 74 54 81 84 57 20 27 19 73 59 17 20 10 24 60 60 62 26 34 78 27 28 28 43 56 64 69
50 49 50 49 49 47 53 47 52 53 51 56 46 46 46 52 52 45 51 40 41 44 61 40 49 54 46 49 55 57 58 38 41 33 59 67 66 63 41 50 32 57 66 43 48 40 55 49 54 53 33 29 42 30 35 70 57 21 52 78 47 46 74 37 70 25 50 56 58 48 36 77 84 85 65 66 75 33 12 23 35 82 19 45 81 10 13 60 22 91 90 57 18 52 68 65 2 16 37 48
50 51 50 52 52 49 48 50 46 53 52 44 52 57 49 56 48 58 49 45 48 55 44 57 52 37 58 37 61 46 60 58 61 41 44 40 47 47 50 61 56 47 30 61 66 66 34 70 34 66 44 29 44 68 25 76 28 50 78 32 75 71 47 78 79 38 72 71 60 57 30 85 31 82 17 43 49 75 22 57 52 15 53 85 57 70 19 22 6 53 33 19 35 56 43 6 16 83 98 63
50 50 49 52 48 49 50 47 52 46 53 55 53 46 57 51 42 44 55 40 54 50 43 60 41 55 46 36 57 62 41 53 43 50 43 34 61 32 47 55 55 51 48 31 62 32 27 48 71 68 34 40 68 35 58 23 58 39 66 50 23 53 49 33 40 80 60 27 21 66 65 64 21 54 32 68 24 20 44 65 25 43 44 50 53 73 12 32 58 61 37 52 39 80 76 13 29 39 34 27
50 51 49 49 52 47 48 51 52 55 48 46 49 52 54 49 52 58 49 54 59 55 44 62 38 61 55 61 39 62 50 55 41 67 42 39 46 62 54 31 64 57 35 63 37 59 27 27 40 35 59 29 75 52 43 33 65 67 63 26 29 59 22 64 81 81 27 57 47 59 85 45 83 27 43 62 27 48 76 49 89 80 14 72 86 28 43 77 32 32 91 38 21 68 50 29 8 54 72 25
50 49 51 52 52 51 53 52 46 55 55 54 49 55 55 51 47 49 44 41 59 53 46 61 58 46 44 45 36 57 58 58 62 63 46 54 43 40 48 33 31 52 51 41 42 42 67 38 46 62 33 71 31 62 25 62 34 71 26 77 72 35 33 67 41 80 37 77 83 15 40 16 29 17 15 51 25 74 75 82 52 46 19 10 88 53 58 24 51 27 30 20 44 4 11 10 12 23 51 40
50 49 49 49 48 48 50 50 51 53 48 54 45 46 56 42 51 53 56 40 57 59 53 54 42 53 46 44 48 35 64 61 61 33 55 47 57 51 38 52 38 31 31 62 36 27 31 35 47 61 42 57 66 61 67 74 53 62 73 36 67 32 56 75 58 33 48 24 34 74 79 62 71 14 86 43 29 87 50 47 81 69 71 56 13 61 56 61 39 41 23 89 68 38 37 24 36 52 3 83
50 51 50 52 48 50 52 52 46 52 49 46 50 55 47 56 58 55 59 46 47 58 48 57 57 49 55 47 62 51 47 53 43 36 48 64 38 50 39 46 51 63 50 44 56 67 31 73 64 47 58 37 27 59 70 62 61 56 43 74 25 33 80 55 30 47 63 82 44 46 20 84 76 25 59 40 27 33 67 80 68 24 67 18 34 16 27 55 54 40 17 92 20 60 29 87 6 96 6 94
50 51 49 49 50 47 50 47 47 46 53 52 45 47 45 50 46 42 41 49 40 39 40 61 42 49 45 61 56 56 46 39 56 47 49 52 59 54 60 69 39 30 52 59 54 60 40 36 26 72 26 37 53 32 24 28 42 50 46 44 25 35 74 68 24 79 37 70 66 57 17 17 39 43 75 36 22 31 47 76 23 46 37 75 52 7 47 56 34 71 69 7 32 76 82 92 4 90 79 100
50 50 50 52 48 47 47 53 47 55 49 54 45 50 55 44 56 59 58 58 46 46 41 39 55 54 61 62 46 42 44 66 36 52 64 47 41 43 34 33 70 60 65 32 61 33 66 38 26 58 27 28 39 40 23 59 51 26 64 52 75 43 26 65 54 62 36 50 58 27 82 49 51 82 65 83 41 58 41 72 90 35 63 70 57 57 47 67 77 95 18 19 61 23 87 35 34 61 12 20
50 51 51 48 50 47 48 48 49 53 53 46 47 51 48 51 49 52 56 57 52 52 54 50 54 53 55 46 59 48 56 57 43 62 41 49 56 67 45 32 59 36 49 59 64 32 37 59 73 25 30 41 64 38 76 42 50 54 64 29 78 34 45 57 67 25 27 16 49 36 17 68 56 84 68 27 46 87 61 71 10 20 78 57 59 17 33 28 60 15 56 51 67 58 77 67 42 12 58 92
50 50 49 48 48 52 50 54 53 45 53 46 46 55 43 50 42 54 50 56 43 40 39 49 49 43 40 59 64 46 63 35 65 66 35 32 33 58 59 40 51 33 39 51 31 41 36 58 29 48 34 47 74 73 24 62 24 26 37 71 79 34 46 44 44 54 43 76 35 36 52 39 60 27 39 68 23 35 57 72 70 47 68 29 44 11 61 54 88 25 30 49 29 64 31 80 76 18 52 87
50 50 50 49 49 52 53 54 48 50 45 54 55 55 54 51 51 46 52 50 60 41 39 41 40 38 48 52 53 36 38 36 42 45 60 49 57 48 57 34 34 50 53 29 50 61 58 67 63 59 61 49 63 46 65 22 22 45 51 31 38 36 69 27 69 32 21 46 83 39 59 78 34 16 66 61 44 26 58 20 29 61 35 89 14 85 43 10 38 21 95 44 44 48 13 46 45 40 68 50
50 51 49 50 50 52 48 50 49 53 49 48 47 54 45 58 45 46 44 49 46 44 40 49 45 48 47 39 46 42 63 66 46 38 53 65 48 41 51 40 59 34 49 51 71 53 62 41 41 64 40 57 24 41 59 64 33 42 33 46 69 43 44 68 45 60 57 58 18 77 37 47 21 16 84 55 79 34 52 53 17 80 64 90 49 79 38 29 9 89 70 93 61 85 22 44 33 19 60 13
50 49 50 50 52 50 52 48 48 51 55 54 44 57 46 50 52 49 48 47 53 45 49 51 54 39 42 51 63 38 40 39 65 36 59 33 54 60 37 54 32 45 39 48 65 66 40 46 52 75 35 29 55 30 73 62 53 32 40 63 34 67 64 60 72 44 36 60 50 42 66 43 43 36 70 48 58 23 31 31 46 39 40 66 12 9 35 63 29 49 34 61 87 72 44 87 35 65 22 19
50 51 49 50 48 53 48 46 53 51 46 50 49 54 46 47 51 43 49 53 50 51 49 39 39 54 41 38 40 38 36 34 40 53 58 39 33 42 60 59 56 43 70 50 72 66 31 45 72 29 49 24 50 35 74 49 35 53 52 58 80 64 81 32 37 70 39 29 18 31 78 57 78 46 37 62 12 49 37 53 30 46 24 65 23 82 89 61 82 11 47 93 54 31 6 57 64 40 41 87
50 49 50 49 49 48 49 49 54 46 46 53 55 53 45 51 51 43 41 55 56 56 42 51 61 51 38 40 52 42 37 65 36 42 41 49 51 34 48 43 66 69 66 58 29 52 66 41 49 25 44 66 66 59 77 23 23 54 32 70 51 54 33 50 76 65 82 22 20 65 84 56 77 25 23 62 40 77 37 50 84 85 61 23 47 35 82 48 71 40 25 87 61 3 59 67 27 29 6 97
50 50 50 49 48 48 47 54 52 50 47 45 50 48 44 55 57 54 52 60 57 42 49 59 62 42 39 55 63 49 42 62 49 45 50 58 38 68 61 31 43 55 65 47 60 37 40 38 68 60 55 38 37 32 52 24 57 26 28 64 26 47 60 61 60 20 68 81 47 65 44 29 85 64 52 13 66 47 33 89 29 45 36 50 48 84 39 32 6 14 83 91 19 85 54 92 8 60 88 95
50 50 49 52 49 49 49 46 50 54 47 51 46 55 49 53 42 53 49 59 43 61 50 43 52 63 50 60 43 41 57 64 65 63 34 63 45 55 41 59 45 64 69 69 47 54 46 47 73 75 61 76 52 45 49 75 37 63 59 35 61 55 80 65 30 25 38 29 29 47 62 84 64 41 80 59 85 44 35 42 69 15 77 84 32 62 21 45 74 75 67 49 14 53 61 46 56 88 8 62
50 50 49 48 52 48 50 53 53 54 52 44 45 46 48 51 52 44 58 43 55 42 40 55 45 59 38 50 59 38 47 42 50 53 55 67 47 50 59 58 62 64 52 51 56 47 61 74 64 41 61 62 39 72 76 76 74 64 46 79 68 33 74 65 71 60 60 82 67 25 22 23 29 60 74 21 62 68 54 87 20 74 67 36 38 47 93 81 59 23 24 44 95 95 89 67 26 38 3 54
50 50 50 48 48 48 47 48 53 47 53 48 45 53 52 49 53 50 41 46 45 42 47 62 57 60 56 63 61 42 46 40 36 40 58 63 68 54 53 38 48 62 43 28 62 36 41 73 53 44 71 72 68 54 38 44 23 78 24 54 59 75 25 38 75 39 34 25 66 61 43 22 54 47 17 75 37 71 45 67 86 54 69 25 80 57 39 46 65 49 91 12 43 29 16 16 91 91 5 66
50 51 49 52 50 47 52 52 53 51 45 47 55 55 48 54 44 56 55 49 45 48 54 62 60 51 55 49 48 37 50 35 59 42 37 64 61 34 65 50 64 36 52 38 47 32 37 38 55 61 30 49 36 69 55 73 47 27 72 56 57 57 26 32 61 46 46 27 45 85 44 53 33 19 52 26 22 58 72 62 49 15 58 68 18 58 51 49 36 17 57 9 44 73 7 72 65 93 67 27
50 50 49 50 51 53 50 54 46 49 55 50 44 46 50 57 49 47 42 55 59 45 49 50 39 53 46 41 55 65 37 34 65 36 39 58 45 35 38 60 49 33 39 50 64 29 38 33 56 40 70 41 61 65 57 30 65 76 61 65 69 60 81 69 30 74 55 35 55 31 81 19 69 14 79 22 23 74 84 83 78 51 50 28 31 89 17 56 8 15 71 92 34 13 27 75 83 91 33 77
50 51 49 49 52 50 53 47 46 49 52 51 55 43 57 42 42 45 41 49 44 59 39 54 61 62 54 60 54 43 63 59 40 55 42 39 62 31 42 55 62 70 53 52 66 40 30 52 32 58 40 73 66 61 47 22 28 35 23 32 80 74 79 23 29 70 65 25 82 63 70 26 52 18 86 45 50 85 79 42 69 72 47 77 46 60 59 33 77 94 76 73 20 92 73 68 82 49 48 79
