50 49 49 49 49 50 49 52 48 53 54 44 56 44 55 46 58 52 44 54 47 44 61 41 38 44 40 63 47 38 55 62 57 63 63 38 56 62 51 33 56 56 53 71 42 65 35 56 43 62 72 25 59 26 60 29 67 71 75 68 61 65 59 76 39 74 62 18 53 46 57 85 40 57 87 40 34 89 77 48 50 42 28 85 35 34 34 11 67 66 37 69 57 34 72 7 48 67 2 73
50 51 49 52 50 49 52 54 47 53 50 54 52 53 48 48 53 46 57 58 59 43 41 40 49 45 47 56 58 60 62 51 60 47 64 65 61 36 33 61 70 40 45 29 65 43 58 27 69 36 75 58 66 35 60 64 54 56 60 52 44 80 21 39 56 79 81 50 80 19 77 36 80 17 55 55 81 41 28 66 10 38 88 22 34 12 83 80 15 57 30 19 87 72 37 97 47 85 7 28
50 51 49 51 50 52 51 54 47 53 49 48 45 43 54 54 46 50 52 40 51 42 57 55 56 63 37 55 48 43 51 46 50 36 34 61 48 62 31 39 70 66 51 37 37 62 56 37 59 37 44 46 70 58 57 51 42 74 33 31 67 54 32 45 31 40 63 18 39 54 61 45 71 79 21 65 58 28 31 77 88 38 39 69 58 62 48 46 14 74 9 81 33 56 8 7 73 74 1 96
50 50 49 48 50 47 49 49 53 52 48 49 52 47 43 42 57 43 51 44 56 39 50 40 49 48 63 36 36 65 62 35 66 63 54 32 66 42 58 60 49 35 39 31 49 34 29 40 71 39 48 46 74 50 40 60 71 28 48 72 63 66 75 49 75 61 25 34 59 33 45 63 33 69 76 39 78 33 18 87 73 12 43 29 14 24 8 10 77 27 46 47 82 39 66 67 86 90 9 43
50 51 49 49 49 52 52 51 51 45 47 52 50 55 43 57 43 49 50 52 47 60 55 52 49 59 61 55 42 42 56 56 39 57 51 44 34 58 58 50 30 52 66 59 64 28 57 38 63 65 72 43 69 54 77 32 54 63 79 44 21 30 47 63 58 80 64 44 53 25 18 24 33 42 21 26 44 67 57 63 30 43 60 22 77 17 91 15 6 46 89 53 34 47 93 62 26 38 94 50
50 51 51 50 49 48 50 46 50 55 55 53 52 57 47 54 45 55 48 48 54 40 57 59 47 41 44 59 49 42 57 43 55 40 36 41 61 62 51 39 56 58 42 42 38 27 63 48 27 26 51 76 48 41 48 66 26 24 65 64 68 81 23 39 37 18 74 72 59 75 62 16 77 24 40 75 52 32 62 13 73 61 24 82 19 30 88 33 28 44 15 43 39 10 51 24 40 62 84 73
50 50 50 51 52 51 52 52 54 45 55 49 45 44 49 48 47 57 59 51 47 46 50 50 46 51 51 48 49 46 48 38 58 65 55 36 59 53 59 62 32 50 57 53 32 57 36 64 47 39 71 56 45 61 32 46 74 31 65 74 70 70 63 58 43 19 22 26 27 42 61 56 48 22 79 70 24 59 87 65 28 72 78 11 38 10 59 94 57 50 95 81 40 57 46 40 77 3 99 0
50 51 50 51 50 49 50 46 48 54 49 49 44 50 43 48 54 43 56 52 45 41 47 62 38 44 54 46 64 63 53 57 41 40 55 50 37 65 47 67 64 35 48 33 35 54 39 65 49 72 54 60 47 26 73 51 28 67 69 36 33 73 56 53 52 76 41 59 18 32 73 59 56 78 60 34 24 50 73 42 58 43 84 56 90 38 83 22 55 69 52 75 40 30 96 87 93 48 66 82
50 51 50 52 51 49 53 51 47 52 48 53 54 47 56 55 54 59 41 48 52 46 59 54 39 37 54 54 45 35 36 55 51 36 43 46 47 44 59 50 45 66 41 66 32 48 32 68 39 67 51 28 65 74 64 56 22 66 58 37 28 31 76 50 29 29 46 36 75 50 67 59 48 67 73 77 33 53 63 38 32 13 37 78 79 27 88 79 62 34 65 85 65 83 29 61 22 75 91 63
50 51 50 48 52 51 52 49 46 49 47 52 47 57 44 50 51 44 50 59 60 61 42 62 55 40 54 42 43 37 64 54 59 36 51 68 40 34 40 44 68 66 40 71 69 56 36 34 48 66 60 29 74 45 43 32 29 50 49 55 27 73 35 36 77 77 38 17 60 55 85 55 55 21 40 24 62 59 64 17 54 13 71 18 50 62 23 86 83 27 11 35 43 67 40 27 62 1 54 41
50 50 51 49 49 47 50 50 51 48 47 44 54 55 47 42 46 41 45 46 51 55 45 60 39 58 40 64 46 58 42 40 42 35 47 68 56 45 33 35 32 53 42 49 29 71 69 66 51 60 66 61 53 54 66 72 26 78 43 40 46 54 20 45 63 82 60 32 32 73 79 18 48 55 30 49 80 77 77 20 34 71 88 60 39 54 90 67 55 24 77 60 60 91 50 91 21 38 18 68
50 50 49 51 49 47 50 46 50 45 45 44 51 51 48 55 57 59 57 60 54 42 42 47 57 40 62 59 57 54 52 65 63 38 59 68 42 54 57 38 59 41 37 54 31 62 48 56 51 56 75 51 43 43 33 29 60 65 47 78 47 51 30 66 49 67 37 73 71 20 77 29 15 25 84 26 23 58 23 47 57 47 48 72 53 47 75 13 46 75 88 33 48 52 5 93 93 17 86 31
50 51 50 52 49 52 48 46 48 55 46 56 48 54 50 48 51 51 58 47 59 41 47 62 49 56 51 52 58 62 54 47 60 66 58 48 53 62 55 36 66 36 46 62 32 58 53 44 28 46 67 50 37 27 57 32 28 75 29 36 37 66 61 33 30 19 78 29 16 44 72 17 58 45 77 43 58 65 14 51 57 17 21 50 83 41 84 47 76 72 35 36 42 9 12 72 36 73 1 19
50 51 51 50 49 52 48 54 51 51 46 50 54 57 47 52 49 48 59 48 57 39 54 45 44 59 46 41 48 48 50 44 38 60 33 62 54 47 58 43 34 32 37 71 62 60 45 60 55 73 61 38 28 39 62 26 26 51 39 80 49 38 23 62 39 48 17 38 59 78 39 46 21 78 79 42 35 84 45 56 36 31 81 49 52 34 81 18 30 31 47 16 45 43 72 14 74 58 62 0
50 50 49 51 50 52 52 54 54 52 48 45 52 56 49 49 53 46 42 48 56 39 48 38 52 56 39 46 42 59 51 51 43 43 64 66 56 32 59 32 60 31 33 66 53 48 37 52 62 70 29 75 76 67 72 54 59 52 77 53 53 31 38 37 74 76 70 59 65 15 53 53 42 81 44 44 65 34 36 67 17 58 13 38 23 80 45 59 50 79 88 16 47 88 56 23 61 7 19 43
50 51 49 52 52 53 49 53 48 55 47 45 52 53 51 58 44 53 56 50 41 51 44 55 59 50 44 54 56 55 62 49 60 45 59 34 45 35 59 43 63 39 55 65 28 29 43 56 60 45 34 48 76 66 55 66 70 30 58 37 77 80 20 76 29 48 39 62 74 40 59 65 47 20 47 31 64 82 48 63 41 25 89 66 67 82 50 8 49 6 77 94 24 92 64 74 26 55 58 81
50 51 50 50 50 50 48 48 49 49 53 49 54 46 56 54 55 55 48 60 47 50 58 42 53 45 60 38 49 43 47 49 48 39 52 38 38 56 38 69 53 44 33 31 63 54 72 49 61 39 54 59 34 38 55 52 72 50 30 78 41 66 47 80 53 41 59 33 48 60 41 64 39 73 44 12 48 66 26 66 10 20 22 10 63 8 25 94 67 22 49 93 69 95 81 32 17 19 75 15
50 51 49 51 50 53 51 52 47 51 47 53 44 57 56 54 42 41 57 41 51 44 53 57 48 58 62 44 55 45 46 64 36 52 49 41 39 44 57 49 56 32 65 43 50 71 27 35 45 29 75 59 47 67 26 26 26 28 38 28 71 44 20 27 39 66 44 28 83 42 75 41 43 79 37 84 23 68 83 67 59 53 22 17 28 29 22 54 20 70 37 36 5 20 58 97 54 63 81 95
50 50 49 48 52 49 48 54 47 51 53 45 50 45 50 44 50 52 58 55 52 43 57 42 42 54 55 47 55 53 54 53 57 44 34 62 64 67 65 63 56 55 34 41 51 62 58 66 68 64 27 26 65 38 32 50 72 40 36 63 41 46 40 56 67 24 49 40 37 16 15 38 38 18 30 39 52 59 89 12 11 35 78 52 41 82 65 10 23 86 26 16 84 42 31 31 78 10 3 93
50 50 49 52 48 53 48 54 53 48 45 52 54 45 52 53 45 54 43 58 50 54 57 60 41 59 47 56 45 37 39 54 46 37 56 48 52 42 48 31 45 38 30 53 33 48 48 63 63 73 50 60 72 53 53 63 57 41 43 43 55 27 41 82 67 58 47 74 29 46 85 66 26 54 74 43 62 22 41 75 80 89 35 51 71 14 29 18 89 39 57 57 52 5 85 71 77 59 48 54
50 49 49 50 48 52 47 48 48 53 45 54 53 43 45 48 51 52 45 56 42 61 44 61 42 43 53 50 49 61 45 48 46 33 66 36 50 33 38 33 69 44 31 41 67 66 37 44 50 35 37 42 42 33 37 33 30 60 32 73 75 49 21 71 36 24 18 82 81 52 19 80 65 17 62 24 80 47 25 78 34 19 20 47 29 47 48 91 84 58 29 82 53 64 23 59 45 66 94 97
50 49 50 50 51 50 50 49 49 52 51 50 48 44 44 47 56 59 46 48 59 46 58 50 38 51 54 48 55 40 43 55 44 37 45 37 50 68 35 36 61 39 40 38 35 66 28 71 49 60 36 74 39 42 61 56 38 64 33 48 60 79 33 58 38 45 74 36 84 35 56 33 80 32 25 41 81 36 79 19 56 43 38 71 90 40 70 11 49 68 83 41 36 25 33 60 2 55 10 27
50 51 50 51 51 52 49 50 46 50 49 50 53 55 51 49 55 53 55 53 59 56 61 55 43 43 59 37 43 65 44 39 36 60 51 66 46 35 52 57 40 67 62 40 63 38 71 36 68 63 57 61 52 66 23 55 69 34 52 69 34 78 42 64 20 72 50 65 55 16 85 27 24 81 79 34 52 37 86 69 35 27 48 74 34 17 77 87 84 73 11 20 61 20 90 57 6 61 99 32
50 49 51 50 52 49 52 51 47 51 50 46 45 56 54 47 46 57 52 45 41 48 51 41 60 47 47 55 41 42 43 46 62 45 50 33 66 64 36 56 57 39 33 40 59 52 30 29 39 70 32 69 54 36 72 39 28 45 50 31 65 25 31 49 82 58 49 45 29 34 50 83 33 28 47 83 12 65 55 21 54 84 13 42 34 54 19 40 29 44 14 42 85 61 21 8 63 40 1 28
50 49 49 51 52 50 49 46 52 51 50 56 45 50 45 55 45 42 51 52 52 52 43 45 45 53 44 45 58 43 47 37 39 47 48 57 54 37 62 50 58 53 66 33 48 57 40 68 35 51 35 61 28 48 70 71 65 50 34 25 71 80 42 73 23 33 61 62 16 74 50 64 72 84 66 33 18 85 43 77 34 58 19 50 61 71 75 26 9 7 41 37 13 37 15 65 18 28 60 93
50 51 51 52 52 49 52 52 51 47 54 50 56 49 51 53 57 47 55 52 42 53 47 44 53 55 49 50 59 47 55 65 54 62 37 65 42 68 50 32 51 33 47 47 53 43 39 39 62 66 38 51 66 41 43 65 47 26 63 40 51 55 65 80 50 81 71 37 81 41 15 56 54 57 16 41 25 21 81 42 38 89 53 73 48 17 47 90 82 13 23 61 89 70 17 52 71 73 96 45
50 51 51 50 51 53 53 51 52 47 47 56 44 46 53 53 49 59 48 48 55 42 43 53 59 58 54 57 41 42 50 36 63 35 37 39 32 35 68 36 50 66 34 67 69 33 49 71 59 67 31 29 38 33 41 77 50 32 78 50 52 27 27 27 32 63 29 48 31 79 44 45 43 68 13 29 55 70 52 31 17 42 47 17 69 58 93 9 8 9 74 61 12 95 41 16 42 90 18 58
50 50 49 49 50 47 47 46 54 53 48 44 56 56 49 56 45 42 58 46 46 59 48 59 51 49 61 60 56 42 59 42 41 36 59 66 50 31 40 44 36 64 67 69 50 44 33 38 61 35 38 28 68 34 29 38 35 63 23 27 75 67 79 43 62 43 49 27 27 72 49 31 70 86 59 72 41 64 14 10 65 61 42 89 58 82 77 35 35 75 77 4 73 63 78 81 29 76 19 75
50 50 49 52 51 51 50 46 51 55 55 47 49 57 54 51 51 53 48 40 54 52 48 58 50 51 60 48 63 50 48 45 50 66 61 57 41 56 46 58 50 54 44 64 62 57 55 53 54 25 52 53 74 62 36 75 28 43 35 56 45 66 47 36 33 41 21 34 58 57 62 50 74 69 13 55 41 53 48 74 26 76 85 79 69 7 9 51 6 16 29 65 91 46 89 63 72 21 48 20
50 50 51 49 48 51 50 49 51 51 46 55 56 45 51 49 49 52 47 51 49 39 55 61 42 63 57 39 62 46 62 45 53 64 45 39 57 33 44 41 30 40 30 29 66 56 62 28 48 52 29 71 32 32 48 57 56 74 28 24 49 68 56 35 43 70 41 66 65 48 45 51 78 33 62 32 57 54 58 65 58 58 78 86 67 57 80 32 16 47 50 29 86 6 20 25 41 89 35 78
50 49 49 48 52 49 51 48 47 55 52 44 56 46 49 54 55 57 48 53 55 39 44 52 45 47 47 61 50 55 59 61 53 54 48 47 32 35 41 34 52 44 44 68 72 73 33 46 28 35 30 29 53 30 34 58 35 41 28 69 22 26 80 29 70 35 72 53 38 55 78 15 83 17 20 32 73 15 44 76 20 12 56 57 84 57 50 39 78 13 93 28 17 65 6 5 42 77 22 24
50 49 50 51 51 51 49 54 46 52 49 51 49 57 46 52 42 48 59 42 42 45 53 49 51 52 63 55 42 43 51 36 42 43 49 54 34 61 42 44 40 60 36 32 53 72 62 47 74 58 55 67 70 41 68 68 35 72 56 51 34 37 31 24 27 65 56 27 44 29 79 84 51 56 59 53 45 40 44 62 36 62 15 88 67 50 10 63 76 84 5 73 43 5 49 86 55 92 97 68
50 51 49 49 52 48 52 51 52 49 45 50 49 48 49 52 45 50 56 47 41 50 54 51 40 45 42 63 41 44 64 42 38 46 37 56 46 36 32 53 66 67 62 50 51 50 35 27 37 62 74 66 52 45 70 56 75 66 44 52 46 78 48 49 21 23 75 55 55 41 64 79 16 36 78 85 84 56 21 12 71 50 45 24 21 60 30 15 11 64 85 16 21 68 89 72 71 98 55 79
50 51 50 48 50 50 51 54 52 48 54 50 52 53 44 46 46 54 41 59 51 52 61 38 50 57 54 56 37 53 42 60 35 47 67 66 50 62 50 42 63 48 62 30 38 38 71 70 67 69 53 36 41 38 57 48 36 70 51 65 35 44 80 46 81 17 20 45 32 24 60 55 68 82 40 39 64 19 26 80 54 33 73 18 91 13 66 13 15 95 23 40 79 33 83 72 65 23 79 37
50 50 49 50 49 50 47 52 48 55 51 50 51 44 54 51 53 59 44 51 59 46 52 59 45 39 38 60 37 48 53 50 38 41 52 56 39 52 37 38 70 34 48 52 38 37 56 29 38 57 32 75 52 42 29 36 58 33 55 30 48 45 66 50 71 26 47 65 39 33 57 62 67 72 14 75 67 78 15 81 10 21 87 70 73 44 17 10 70 39 53 37 16 93 54 81 39 44 48 37
50 49 51 51 48 50 52 53 50 51 46 52 54 44 44 53 51 58 52 52 52 58 54 54 55 50 53 51 58 54 37 56 57 67 48 37 60 49 64 50 56 63 56 50 53 29 62 37 35 34 46 39 44 40 25 42 49 55 24 71 50 54 78 76 31 35 32 57 23 30 27 43 39 48 79 73 45 53 62 75 17 49 75 47 63 15 36 72 63 43 95 6 49 76 11 93 53 84 61 4
50 49 51 50 48 49 50 47 50 52 49 53 48 49 52 44 53 41 46 60 44 49 47 49 52 53 59 63 55 50 61 56 41 50 57 50 34 50 58 32 30 53 37 41 39 60 68 50 48 73 43 25 51 52 61 67 69 58 70 73 70 74 31 34 82 80 78 24 67 25 63 45 45 17 36 74 80 33 85 57 33 35 60 35 29 34 57 87 38 84 63 51 65 65 72 26 6 13 47 39
50 51 49 51 48 48 50 46 53 54 55 46 44 46 54 43 50 53 47 41 51 59 48 42 48 38 48 55 42 47 65 62 37 60 45 46 47 49 41 49 65 61 60 67 37 40 69 52 39 39 43 57 62 69 55 74 61 57 75 80 20 59 72 81 66 43 67 21 22 24 51 85 49 85 17 31 24 20 76 90 32 33 70 19 25 82 81 52 77 75 63 43 54 37 38 97 56 2 10 74
50 49 51 52 51 47 47 46 54 51 52 47 53 49 54 52 57 49 46 41 56 39 49 58 55 62 63 60 40 48 54 64 52 34 34 56 52 69 59 44 48 33 34 37 41 72 70 60 30 47 71 59 52 54 70 61 35 70 47 71 36 26 61 58 59 82 82 28 82 72 61 83 60 47 67 36 49 82 79 11 41 30 17 80 43 68 48 6 53 21 45 8 51 45 6 3 46 41 72 95
50 50 49 51 49 51 47 48 50 48 46 50 53 54 44 58 49 45 48 53 45 40 50 38 45 60 58 55 36 45 52 35 57 45 59 55 56 35 48 55 58 48 45 57 51 55 54 51 44 26 68 29 57 63 47 50 75 51 23 38 52 54 76 63 75 65 23 20 75 50 83 79 47 48 72 42 42 29 34 61 69 48 27 67 20 61 52 29 74 93 68 18 23 81 39 37 83 18 53 44
50 51 49 48 51 48 49 53 50 53 45 54 48 51 43 49 55 46 53 60 47 53 49 48 53 41 46 50 59 61 57 44 56 35 66 39 64 36 38 57 70 54 36 33 60 29 64 36 73 54 62 48 63 53 33 72 72 32 78 80 56 43 38 38 62 70 28 73 63 36 79 56 49 68 75 45 41 69 53 46 60 85 17 74 27 77 57 21 15 85 22 42 69 16 75 62 54 86 93 83
50 49 50 50 51 47 48 54 54 51 52 52 48 50 51 46 50 41 42 42 43 54 43 45 55 62 55 49 63 61 44 45 40 41 43 45 50 34 34 65 46 43 34 48 60 35 45 54 62 40 31 42 25 71 41 77 24 56 57 55 45 41 55 42 52 48 17 34 32 27 79 50 75 66 32 43 77 48 58 68 75 88 63 32 89 79 42 35 57 91 36 57 74 96 29 25 7 12 8 16
50 51 49 52 50 53 52 46 53 51 49 52 50 46 50 53 48 57 41 52 52 52 47 43 40 37 47 51 45 57 58 51 65 64 44 61 44 44 32 53 59 53 52 66 72 36 72 31 26 68 55 69 41 30 32 41 66 34 74 30 50 50 54 46 74 29 79 44 30 69 28 41 85 55 70 36 26 89 34 53 83 83 72 33 87 40 49 93 35 80 42 29 55 97 23 10 66 13 83 29
50 51 51 49 49 47 52 53 52 52 48 52 48 44 47 42 54 47 49 44 44 44 44 50 50 42 38 45 43 53 51 46 45 46 57 43 53 58 32 63 37 45 31 43 51 34 73 30 57 54 30 76 59 38 27 33 43 44 21 36 27 47 58 47 27 55 66 51 80 58 16 86 20 24 16 63 64 16 40 32 26 12 48 67 29 73 81 36 93 79 67 69 29 57 91 33 88 51 78 78
50 51 51 52 52 51 53 51 47 47 45 55 46 49 45 50 42 58 45 43 41 54 52 57 54 55 53 62 36 62 36 63 55 62 53 66 54 69 56 66 43 55 36 56 58 31 61 54 72 52 48 38 51 45 39 76 39 65 42 47 34 33 62 52 76 58 79 32 59 69 35 21 45 42 34 84 12 89 27 35 86 82 67 17 91 36 60 84 51 31 52 12 39 39 20 45 69 27 26 43
50 49 50 51 48 47 52 52 54 45 47 47 50 53 55 48 47 53 46 50 60 60 49 42 58 54 61 43 42 52 59 42 34 37 40 53 59 65 60 60 52 36 53 55 43 64 39 65 29 54 28 29 52 54 67 63 73 34 24 64 61 29 39 74 59 47 43 28 21 18 49 80 44 64 39 28 18 12 29 11 84 18 42 80 83 91 39 23 63 87 54 15 40 8 93 55 45 80 7 70
50 51 50 50 49 49 51 50 51 52 55 55 55 47 49 56 43 55 53 56 46 47 56 53 46 38 40 42 48 43 64 54 48 67 64 59 45 59 31 61 32 37 46 59 62 48 65 62 36 47 41 72 61 44 65 75 59 60 21 58 35 79 68 77 75 77 25 70 27 15 75 47 76 75 14 46 79 42 44 51 17 63 45 76 15 63 31 12 9 53 9 86 22 88 90 24 18 97 38 96
50 50 49 51 51 47 51 46 48 47 47 48 51 46 43 54 58 54 43 46 57 60 56 43 40 54 54 49 40 42 50 47 55 61 45 52 37 67 60 48 69 37 38 71 38 34 42 72 36 28 69 31 39 76 77 65 78 23 41 60 32 64 22 30 37 29 31 83 84 60 72 34 42 48 53 62 13 73 77 30 32 22 17 62 10 10 18 27 48 10 10 92 96 57 5 62 24 44 46 14
50 51 50 50 50 50 52 46 50 54 53 45 51 55 43 53 44 51 51 49 43 56 43 41 43 49 43 40 63 65 35 52 56 58 52 61 48 35 36 30 40 54 35 36 37 56 62 40 33 39 67 69 69 32 46 44 48 24 72 76 67 45 43 55 39 79 41 39 16 35 38 74 57 65 50 13 35 53 65 77 74 13 43 17 81 64 44 56 49 76 52 32 23 78 38 76 73 45 76 44
50 49 50 52 51 50 47 51 47 52 49 54 54 53 46 47 51 52 44 57 42 44 53 48 56 42 62 56 40 39 61 63 60 63 54 59 41 53 61 61 46 63 39 56 61 41 72 57 26 68 33 54 41 58 52 69 32 23 30 56 72 58 64 75 72 52 20 24 72 23 73 20 62 72 45 61 81 65 35 48 88 87 40 25 65 61 88 33 53 7 75 18 72 30 51 90 62 42 83 81
50 50 50 50 52 49 48 49 48 48 52 52 51 43 43 51 45 47 56 48 53 49 50 55 57 37 55 56 55 51 44 37 57 34 48 36 51 33 64 65 51 48 48 37 64 37 72 42 73 29 31 50 74 74 73 30 39 30 38 63 76 67 47 35 71 23 59 62 81 61 26 30 85 18 36 38 77 57 61 71 84 81 36 27 86 11 64 15 87 64 45 35 90 70 64 26 21 36 65 87
50 50 50 50 52 47 48 51 50 49 50 51 49 51 43 51 57 49 48 59 50 59 46 38 53 47 38 56 48 39 45 54 37 39 50 62 62 67 60 53 67 33 65 41 61 45 41 49 49 69 65 73 55 36 28 48 23 60 26 39 48 71 31 34 55 29 81 33 38 66 57 30 62 24 75 59 15 31 80 74 25 90 91 36 52 7 53 84 8 43 84 65 46 38 23 74 83 1 9 83
50 51 49 51 51 50 48 48 54 50 50 48 47 54 53 48 56 57 54 43 46 42 39 51 40 58 39 63 56 52 60 44 49 48 33 34 44 51 52 44 60 52 62 69 62 73 34 36 54 54 26 54 70 56 27 60 43 78 39 51 44 49 53 57 38 83 38 17 16 15 70 17 53 84 48 33 46 55 81 22 16 22 62 41 62 75 88 73 57 47 12 30 17 14 49 72 91 18 95 83
50 49 49 48 52 47 49 51 46 50 45 48 51 56 53 43 47 53 58 54 48 51 54 51 61 44 48 57 36 36 41 42 56 49 67 47 66 40 36 48 49 38 41 45 64 73 45 27 54 59 71 55 69 31 46 61 34 45 29 40 48 67 80 31 66 63 21 74 17 22 40 81 28 20 47 16 30 19 66 46 37 77 81 29 76 61 34 30 33 80 90 79 86 89 64 15 78 66 75 50
50 49 51 51 51 51 52 48 54 49 51 55 49 43 49 42 42 57 44 45 47 45 57 48 57 44 46 56 63 48 60 57 52 40 33 39 66 60 47 32 50 39 61 36 63 51 46 49 54 46 37 34 26 33 24 30 75 63 60 52 56 75 20 41 72 36 83 44 50 84 56 50 40 39 35 81 25 65 14 11 76 62 90 23 78 68 89 6 31 58 50 68 8 92 71 62 62 3 36 81
50 50 51 49 51 47 48 49 50 52 46 44 54 52 50 52 54 46 45 59 52 46 49 42 42 44 62 37 42 35 64 64 52 64 47 65 54 39 33 65 61 57 54 47 34 48 32 44 64 41 74 45 36 34 52 35 23 57 46 24 43 46 53 79 44 42 26 68 42 67 73 30 70 54 39 48 57 29 69 10 68 15 76 77 59 39 46 19 19 59 18 23 19 57 86 39 63 54 51 39
50 50 50 51 50 53 50 52 54 45 47 48 55 49 49 47 46 50 49 60 55 59 42 59 57 44 48 42 48 55 46 56 54 46 36 62 37 62 52 63 31 53 65 70 58 72 31 28 30 51 55 64 31 69 76 28 77 21 29 45 55 58 26 27 68 46 61 60 17 82 63 62 70 30 35 37 63 41 69 47 44 80 90 32 27 46 72 65 59 28 47 8 38 55 97 18 11 84 38 58
50 50 50 48 52 53 53 54 49 54 52 51 44 52 50 45 49 41 58 48 44 44 53 54 58 60 40 59 43 35 55 65 37 35 62 53 47 41 33 48 59 49 71 53 44 33 61 47 52 38 46 49 76 24 54 24 43 70 79 72 69 52 80 21 33 60 42 54 73 32 57 28 65 49 69 18 40 41 56 50 70 35 65 35 72 39 12 94 14 52 44 48 55 20 72 83 60 96 1 36
50 50 49 49 52 49 48 52 49 54 52 47 45 46 52 54 45 42 45 47 41 45 60 61 60 52 47 43 64 55 58 62 64 56 43 51 54 67 67 48 54 50 55 46 39 28 42 67 35 47 26 74 74 46 25 65 27 72 62 72 24 62 19 69 39 82 45 59 34 20 82 52 58 60 58 49 78 42 20 89 49 31 26 30 92 81 72 39 80 63 77 92 21 71 88 58 89 43 8 75
50 50 49 49 50 47 47 50 51 47 53 44 49 55 47 44 58 49 53 48 59 45 39 40 56 43 56 63 49 60 36 39 65 43 61 53 43 53 52 48 30 36 49 57 59 39 60 64 74 52 50 65 36 28 55 53 74 61 42 24 44 33 78 50 54 52 78 24 32 32 51 48 46 69 81 61 34 28 38 71 37 91 90 48 26 48 49 46 55 76 84 6 51 63 25 24 91 55 9 20
50 49 50 48 49 52 47 53 50 47 51 55 50 57 48 51 55 48 59 46 57 47 43 42 48 63 47 45 56 62 48 61 35 38 67 55 58 67 54 44 52 71 42 41 35 70 53 38 33 61 48 63 61 73 24 33 61 39 22 60 33 55 74 54 69 82 57 78 30 43 73 54 51 81 79 77 63 59 18 78 53 73 14 27 63 80 65 89 16 73 67 67 20 82 24 39 35 5 39 98
50 51 49 52 50 53 51 50 49 47 52 54 49 51 53 43 45 56 58 56 41 61 51 49 56 55 50 56 36 50 52 59 63 39 59 58 56 32 64 70 44 38 64 39 49 62 50 58 40 65 64 48 35 68 41 51 75 32 66 72 76 34 20 81 59 21 18 36 42 70 74 78 14 65 39 38 46 39 88 47 74 56 74 55 23 56 22 86 21 33 86 18 50 70 81 2 26 50 51 38
50 50 50 50 48 50 49 53 48 45 48 55 45 51 44 51 52 49 46 59 60 56 47 47 45 53 57 37 36 38 52 66 46 62 59 68 39 63 49 32 39 30 60 49 31 36 61 34 39 42 50 47 51 56 29 61 78 69 37 62 67 48 55 69 31 17 71 77 60 55 26 22 29 60 66 46 20 74 53 39 81 50 9 32 39 88 18 82 85 62 36 94 5 45 65 49 33 10 35 29
50 50 51 50 52 51 51 51 53 50 50 51 51 48 47 50 52 51 47 43 46 39 57 40 53 62 49 55 59 57 49 51 66 51 54 50 33 65 69 64 70 44 44 57 56 30 31 44 29 54 25 51 24 58 35 40 78 36 31 42 79 69 34 70 24 59 27 75 35 71 67 54 52 78 86 65 42 50 38 90 64 15 69 20 20 93 81 84 43 53 62 90 96 75 32 86 27 37 77 46
50 50 51 49 48 50 52 54 47 50 49 51 50 57 48 42 58 56 56 51 51 58 57 48 47 42 44 58 41 38 48 57 36 49 63 48 58 57 31 53 56 35 31 40 39 62 43 50 34 49 43 63 54 61 63 58 35 66 30 24 37 57 21 59 49 21 80 53 26 71 41 72 41 83 50 54 41 72 56 27 23 41 81 53 88 15 7 41 41 28 60 85 75 17 85 57 62 51 60 70
50 50 49 49 49 50 51 51 49 47 49 47 54 43 53 55 53 58 55 53 45 59 40 57 38 62 43 59 54 51 38 45 37 58 57 44 64 36 46 40 55 37 52 59 29 35 37 45 32 54 38 67 75 40 38 63 64 50 39 42 32 50 62 60 29 64 69 21 21 53 30 62 34 63 24 42 36 81 57 88 10 58 81 67 13 21 82 21 80 92 37 33 77 13 38 71 49 48 99 38
50 51 50 50 48 48 50 46 53 49 45 54 51 52 54 53 43 41 56 59 51 52 46 61 62 43 39 47 62 56 63 62 41 48 42 56 68 36 32 52 66 30 48 38 41 43 69 35 62 59 45 65 62 30 77 47 25 22 40 58 42 59 21 65 35 32 57 67 52 85 32 63 75 47 80 23 76 79 55 15 68 59 91 31 26 64 10 81 27 81 36 31 88 34 30 97 86 53 41 99
50 51 49 52 50 53 53 49 48 54 49 56 46 53 56 51 48 57 53 40 59 52 42 62 58 59 49 40 47 46 50 46 39 48 55 49 66 39 49 54 66 52 51 34 62 59 33 61 66 55 32 65 60 62 50 36 22 59 28 41 49 30 52 31 34 71 28 68 18 44 20 46 69 61 21 18 88 55 33 90 77 47 55 27 20 39 34 37 36 5 67 86 46 65 56 56 11 37 32 19
50 49 50 52 52 47 51 48 52 53 53 52 56 43 47 53 46 59 56 51 59 60 46 49 58 59 51 39 41 51 39 58 43 52 67 32 53 48 53 63 52 31 70 67 38 40 33 46 36 72 41 70 37 26 47 46 78 34 69 60 42 62 50 56 67 67 34 17 28 51 49 52 53 80 22 25 35 36 32 37 34 35 53 43 33 54 41 8 49 7 28 23 17 41 37 5 65 18 75 70
50 50 49 48 52 49 49 51 52 48 51 56 51 48 45 56 53 42 46 46 49 43 59 60 41 48 51 40 44 41 41 34 61 44 56 37 63 65 39 56 56 42 60 38 42 64 56 52 47 46 44 48 48 60 33 23 65 69 27 53 32 50 54 27 51 32 20 33 82 35 44 63 37 33 73 29 53 25 63 52 67 88 51 66 80 68 53 80 81 64 86 38 60 16 78 73 65 89 55 37
50 50 50 48 49 47 47 52 47 49 49 44 53 55 48 50 57 48 59 45 40 40 59 44 43 57 53 49 45 42 59 46 37 52 46 66 43 40 45 55 51 30 37 68 44 34 43 64 56 40 35 24 40 57 53 50 31 42 66 40 28 22 31 73 29 32 66 77 53 61 66 33 14 20 71 45 35 25 81 51 55 87 42 70 74 8 89 26 32 93 17 62 54 28 66 45 85 83 10 20
50 49 50 48 50 49 49 48 52 50 47 51 53 44 48 48 46 53 45 57 59 39 54 41 40 57 57 52 64 61 57 48 49 67 39 49 39 62 42 32 49 53 56 65 31 61 32 61 39 74 41 76 70 43 30 63 38 77 36 46 75 38 63 74 67 25 56 60 35 80 15 67 17 65 76 53 19 19 27 38 51 76 49 90 13 28 9 29 36 90 23 36 94 13 32 11 10 68 87 93
50 50 51 51 51 50 53 47 54 51 49 46 54 54 50 49 48 44 50 53 52 54 54 60 40 47 57 52 57 56 49 51 59 48 43 49 49 61 36 50 40 39 52 31 65 48 39 54 51 55 64 60 73 50 28 23 36 37 29 60 23 66 47 80 57 26 47 58 55 16 20 16 59 37 62 18 67 50 48 31 11 70 23 49 69 69 55 74 71 42 77 16 94 69 70 54 14 37 79 68
50 49 49 51 50 53 50 49 46 48 54 56 53 52 52 50 44 41 52 40 50 47 41 55 55 62 47 40 49 63 63 42 41 51 42 41 59 48 38 60 30 54 33 28 68 49 71 68 34 39 45 42 39 60 73 46 49 23 69 59 28 19 43 30 46 83 51 20 29 41 27 69 21 17 45 83 18 56 42 54 49 52 16 18 82 18 16 20 92 22 39 52 54 86 79 27 47 55 85 42
50 49 51 50 50 52 47 50 54 54 50 49 55 54 50 44 47 54 54 59 42 51 57 44 58 63 42 44 45 65 48 53 39 47 44 53 49 33 42 52 64 39 59 68 44 46 51 57 31 57 58 50 62 60 34 63 40 39 60 35 37 52 77 72 69 69 17 27 31 80 85 65 57 19 37 85 50 21 88 66 25 80 51 61 79 37 78 46 49 7 22 21 8 14 87 5 55 23 26 39
50 51 51 51 51 49 49 52 47 52 50 53 46 55 44 42 45 50 52 48 46 52 55 45 51 63 62 53 49 36 63 52 46 35 60 60 67 38 58 60 42 31 44 70 32 51 71 35 34 66 48 66 49 33 35 76 52 48 36 35 39 81 69 40 77 74 79 66 51 59 33 34 55 29 39 78 78 52 47 41 32 51 13 9 9 68 14 14 40 62 43 74 42 20 84 38 62 95 67 37
50 49 49 51 48 48 49 51 47 46 52 50 53 57 44 50 42 45 45 45 60 50 50 50 47 47 55 49 47 59 36 43 42 67 53 54 67 35 47 57 38 47 31 62 66 58 51 53 37 54 25 48 32 31 74 78 76 37 78 57 45 47 41 66 60 39 77 31 60 48 39 42 63 48 76 81 62 63 52 58 83 22 47 69 76 47 63 93 15 69 70 60 57 67 90 77 95 71 90 87
50 51 49 48 51 48 50 51 51 53 45 45 51 51 46 46 56 53 57 48 44 46 55 41 39 40 50 57 40 35 56 50 66 53 43 46 45 59 37 56 39 48 39 58 28 71 71 63 68 38 75 40 52 76 76 25 77 75 51 68 45 20 63 37 62 43 44 71 37 18 29 45 80 71 57 50 79 75 41 84 11 33 57 22 85 42 18 40 19 82 35 36 4 45 97 21 81 27 67 52
50 51 49 48 52 49 49 47 53 50 51 55 55 51 50 46 51 58 43 51 45 45 44 53 48 53 41 47 47 48 45 62 45 58 40 59 48 69 48 61 38 71 44 61 69 41 50 55 56 57 43 46 50 65 59 22 71 47 64 66 62 65 23 28 29 21 69 16 65 82 45 38 20 79 31 76 84 12 69 23 79 51 55 71 15 22 63 43 61 23 30 54 35 92 84 58 12 7 64 66
50 51 51 51 52 53 49 47 51 53 55 50 56 49 43 55 45 50 48 44 51 54 54 41 47 44 61 58 40 49 43 65 54 48 38 40 67 61 46 34 65 58 40 47 61 47 42 73 47 54 30 63 24 45 33 47 78 56 63 34 50 65 55 64 57 82 61 71 39 57 45 27 74 15 38 36 80 34 71 64 28 45 83 8 14 49 77 70 37 78 47 46 83 79 10 19 46 67 27 85
50 49 50 49 48 47 51 53 51 48 52 52 44 43 48 56 54 46 58 55 55 43 59 40 50 63 58 52 48 47 64 38 39 37 57 57 52 69 37 63 52 52 56 52 29 59 31 72 50 47 33 47 38 75 74 37 28 24 53 45 22 46 30 20 18 65 51 68 25 60 63 40 83 46 41 33 75 66 15 30 49 37 60 71 15 58 40 71 58 15 57 44 24 24 55 11 53 8 11 88
50 51 51 50 51 52 49 46 54 52 48 56 44 56 54 58 57 59 49 55 56 42 59 60 43 44 49 51 42 57 39 66 56 51 37 64 37 62 48 32 37 59 45 31 58 73 58 50 36 70 26 34 41 23 66 64 27 52 34 66 64 72 81 59 43 72 65 83 40 80 85 79 44 60 81 14 35 25 80 62 51 9 79 77 80 14 56 38 85 53 29 36 14 39 8 82 90 15 79 2
50 49 51 51 49 47 47 51 54 46 54 55 44 46 54 54 43 52 56 40 59 46 59 59 44 52 58 43 48 36 43 57 56 47 64 41 35 42 61 47 53 31 51 28 28 61 62 44 71 65 59 71 44 64 54 27 71 71 57 53 23 30 70 80 42 24 32 29 57 25 29 44 59 27 45 17 43 88 70 40 33 91 80 90 88 11 91 60 65 51 80 92 79 75 88 94 71 53 15 75
50 51 49 50 51 51 49 47 50 50 48 55 51 45 46 51 51 42 42 53 40 60 45 57 51 43 54 46 36 60 54 46 36 65 66 67 36 32 54 32 49 44 52 29 30 72 47 74 68 43 44 76 72 66 66 44 27 41 44 62 41 60 25 24 76 32 54 20 46 83 52 32 74 15 72 44 30 27 89 12 34 30 16 85 50 44 64 69 21 13 24 62 62 92 53 61 78 26 79 52
50 49 49 50 48 48 49 46 51 50 49 51 45 46 57 52 58 46 58 44 50 53 61 62 46 58 55 49 40 56 50 48 59 41 57 52 64 55 32 67 39 34 51 29 68 31 52 29 56 65 29 62 58 32 24 58 59 41 69 60 32 26 74 54 27 59 46 80 67 52 55 46 70 36 68 69 15 30 14 43 15 88 88 27 26 42 88 52 13 61 61 59 6 28 44 55 68 27 7 22
50 49 51 52 51 48 48 51 47 48 50 55 47 56 56 58 42 44 58 55 50 59 59 56 48 54 47 39 53 50 46 57 63 36 67 52 46 45 33 53 55 33 59 44 59 73 62 52 69 66 35 28 36 44 51 23 42 43 35 62 66 25 58 70 59 67 72 59 69 51 58 42 80 59 14 61 49 77 26 57 81 40 31 71 92 46 60 13 20 16 86 14 28 20 43 59 9 4 59 84
50 49 50 48 51 49 47 53 50 55 53 54 50 46 56 53 45 49 54 50 56 56 58 39 50 41 51 48 57 35 44 46 49 40 55 41 57 35 66 42 44 36 41 35 28 63 72 41 56 45 48 74 39 23 53 24 45 64 35 77 57 52 64 59 49 80 75 64 66 29 81 58 65 62 63 48 71 73 54 16 55 43 86 85 67 88 81 28 20 30 50 36 48 88 53 53 84 65 40 18
50 50 51 48 49 47 47 54 54 46 45 46 44 56 56 55 44 42 43 47 51 48 60 53 44 55 57 50 53 59 60 39 46 66 51 56 56 62 48 69 34 32 43 49 55 29 28 68 64 59 70 39 76 53 35 30 69 34 65 67 57 71 79 40 65 23 18 82 81 60 51 73 49 24 76 14 47 60 17 54 10 50 27 66 12 62 90 65 50 60 92 32 30 41 42 86 63 60 19 0
50 51 49 49 49 47 52 54 48 48 54 53 49 52 45 54 58 55 59 48 46 52 54 62 46 39 57 48 62 43 57 62 34 35 36 33 61 52 42 52 52 34 67 48 39 66 68 34 52 72 40 71 44 41 33 22 23 78 22 58 44 53 68 42 70 49 25 35 68 27 50 46 48 15 70 83 79 54 19 33 27 61 39 35 27 18 67 11 75 55 14 8 11 35 30 59 98 61 9 34
50 51 51 52 50 51 52 48 48 48 49 54 46 56 48 50 54 49 47 59 47 49 42 57 50 60 60 48 53 48 63 50 49 41 46 48 43 39 47 48 39 51 50 62 34 43 40 55 34 32 34 74 26 59 25 22 67 60 36 39 26 47 40 57 72 43 70 29 18 24 42 43 18 64 70 76 32 83 52 79 17 75 67 30 67 58 85 44 66 29 58 53 29 27 45 10 53 6 24 82
50 51 51 52 50 48 47 52 51 54 50 48 44 47 46 58 56 56 56 43 57 58 45 52 52 52 49 36 40 49 65 52 40 66 45 37 59 58 36 70 52 66 45 30 30 69 67 27 61 56 39 31 45 72 41 61 67 52 65 44 78 71 67 38 30 68 26 32 37 44 20 24 35 63 15 84 23 46 56 24 63 64 32 47 78 9 42 73 90 70 18 46 56 17 40 6 93 69 35 56
50 50 50 48 51 51 52 46 48 53 51 56 45 47 45 53 56 59 56 47 55 59 44 44 52 54 48 62 47 61 53 59 44 65 48 39 50 50 52 65 61 29 31 38 34 31 73 49 54 48 49 31 55 36 28 45 57 25 66 61 46 38 42 68 25 82 26 19 76 44 78 38 74 41 47 58 18 29 15 72 87 76 10 50 83 81 43 93 31 62 62 4 71 59 88 93 91 50 41 28
50 51 51 49 50 51 53 49 46 53 48 46 51 54 47 56 44 55 41 45 50 48 39 51 51 53 61 38 45 44 47 36 38 37 62 49 36 55 35 34 37 60 54 66 64 52 45 36 38 40 71 52 76 28 76 22 64 51 69 80 55 32 21 71 45 36 73 74 57 84 28 45 20 21 85 31 13 89 39 63 66 61 88 45 14 28 83 37 14 47 17 44 4 10 40 36 53 9 69 17
50 49 51 51 49 49 50 50 48 52 54 56 55 52 51 50 56 53 53 51 42 49 60 58 43 42 38 56 39 45 52 53 44 48 45 58 67 59 55 36 36 46 70 63 63 43 46 26 74 31 60 25 47 58 54 40 27 29 55 53 65 41 81 30 55 59 62 81 55 60 24 57 59 21 70 30 72 67 76 69 20 86 72 38 79 69 27 59 28 72 5 9 14 47 10 44 29 89 96 95
50 50 51 52 50 53 53 53 52 46 46 51 52 49 45 58 44 57 55 45 53 56 39 43 39 39 59 61 53 62 38 54 56 33 51 54 33 38 52 65 69 49 60 58 38 56 52 60 40 74 54 27 40 30 27 63 35 45 29 73 70 32 45 47 34 30 30 70 74 38 38 21 73 16 20 81 70 68 35 26 23 71 47 48 27 10 38 12 92 12 85 57 93 42 34 66 32 15 81 28
50 49 49 49 48 52 49 47 53 53 45 53 52 55 56 50 53 46 49 45 58 58 41 49 39 37 50 43 46 62 41 48 66 62 37 45 51 63 56 69 45 70 52 48 54 66 38 27 66 63 57 32 50 25 24 49 43 33 35 47 68 48 80 33 67 40 18 69 68 76 82 30 35 72 39 44 42 11 26 61 14 28 47 13 14 17 84 15 70 46 16 77 36 46 96 46 87 98 41 53
50 49 49 48 51 49 53 54 52 49 52 44 44 55 55 52 48 57 55 50 55 43 53 55 50 60 49 54 59 64 45 62 48 46 61 67 33 69 57 32 53 40 62 31 36 73 63 43 73 32 60 55 44 27 48 50 53 38 64 72 40 67 38 45 33 80 78 66 24 45 42 26 65 76 17 44 19 50 58 32 63 18 17 11 82 10 85 32 6 33 93 67 14 34 66 57 64 71 46 86
50 49 49 49 50 51 47 50 52 51 48 47 50 45 46 53 49 56 50 45 42 58 58 50 44 50 55 51 54 45 55 52 43 67 52 32 58 49 63 47 67 53 62 46 38 54 46 73 38 35 31 50 62 41 26 40 33 55 57 78 63 30 73 79 19 58 83 28 72 23 41 68 61 39 63 83 42 12 39 32 36 60 14 47 40 69 58 80 24 92 37 35 56 9 5 30 32 41 66 100
50 51 49 48 51 49 51 53 53 46 51 53 56 49 57 44 50 52 56 48 56 39 39 59 48 62 54 56 37 58 44 40 59 45 48 47 49 65 47 56 53 43 68 59 47 29 47 37 71 46 69 35 45 74 48 47 56 72 28 72 58 62 34 56 54 17 49 71 21 32 15 85 80 76 76 32 45 67 59 82 32 59 53 25 58 34 13 17 67 28 7 91 55 70 97 74 22 43 46 25
50 49 51 52 48 49 48 53 48 45 48 56 46 51 43 55 49 43 42 48 46 40 43 39 60 42 52 56 54 43 64 46 44 36 35 63 52 51 56 66 55 58 50 59 35 58 64 50 26 57 67 34 61 38 74 57 55 22 44 75 40 21 69 55 74 52 26 80 63 58 75 16 55 61 34 53 37 24 25 61 38 30 63 84 33 13 37 9 68 13 74 36 50 11 68 77 89 73 76 41
