50 49 50 48 49 48 53 47 48 49 47 48 50 50 47 49 52 51 56 57 42 51 45 41 58 41 62 37 62 44 50 58 59 63 40 32 50 41 51 49 52 62 47 60 43 32 64 39 68 51 53 33 25 35 39 38 65 66 28 29 69 34 25 81 38 69 73 22 60 83 51 68 17 73 60 74 57 72 52 65 81 55 19 18 62 10 39 42 68 45 35 41 55 50 44 69 51 14 79 3
50 51 49 50 50 52 51 53 52 52 51 47 45 52 50 49 56 50 46 43 59 58 49 56 39 63 63 38 50 37 44 47 43 42 57 43 61 36 42 50 32 66 59 67 31 31 32 61 61 66 46 31 35 38 32 50 26 29 38 64 50 78 77 61 53 31 69 37 42 63 66 77 83 87 67 26 20 27 24 28 82 37 18 13 83 66 22 41 46 36 50 80 51 43 38 25 92 82 72 66
50 51 51 52 52 52 49 54 53 49 52 54 54 56 48 49 54 59 51 53 57 46 44 62 62 42 49 36 49 35 39 40 55 41 54 55 46 48 34 55 62 57 51 62 63 62 70 68 26 55 56 33 42 43 50 37 37 25 31 49 51 27 50 61 35 40 79 39 32 83 35 38 40 58 23 52 19 80 19 29 63 79 16 29 54 69 29 11 29 19 80 45 39 50 75 7 32 75 72 48
50 50 50 52 50 49 48 51 53 48 46 56 52 51 55 45 51 51 43 53 56 50 51 59 57 58 42 64 42 51 45 63 52 37 64 59 60 64 55 41 40 52 57 35 64 58 42 39 50 75 46 57 43 61 46 64 66 46 37 41 50 65 25 45 75 35 34 35 81 37 19 18 76 28 57 50 53 32 77 60 82 55 52 33 45 42 27 75 40 75 31 16 24 54 41 90 65 29 79 52
50 49 50 48 52 50 49 48 48 48 51 49 53 45 49 47 58 55 49 49 56 42 47 39 55 50 54 48 39 39 50 57 57 52 33 36 51 69 65 59 56 64 31 32 40 34 51 39 65 53 72 76 60 66 56 75 63 26 50 26 76 64 52 75 43 25 37 24 67 39 53 16 26 47 69 66 86 61 65 58 16 67 43 67 91 68 12 38 43 7 67 63 49 29 43 89 4 45 82 40
50 50 50 48 48 52 52 54 47 48 47 48 55 50 51 48 44 55 43 58 59 40 53 53 43 53 62 43 59 37 44 50 39 53 48 42 68 46 60 62 38 56 57 50 47 34 60 43 65 34 48 39 60 55 63 52 33 57 55 34 77 48 79 35 36 69 32 26 52 33 59 72 38 15 49 87 61 42 60 59 55 29 74 63 42 13 23 59 94 81 41 95 15 26 69 41 50 51 55 34
50 51 50 48 51 52 52 47 47 47 50 44 49 51 55 46 49 53 41 42 43 58 50 61 60 53 42 59 57 44 54 59 47 60 49 33 61 66 40 37 32 37 43 50 67 51 61 54 47 43 51 66 60 37 56 74 64 34 24 71 32 68 54 54 18 22 50 47 60 59 69 69 46 22 39 12 53 56 43 52 25 54 29 47 20 81 60 66 27 84 41 28 61 35 78 25 52 95 38 17
50 51 50 51 51 48 48 48 47 48 49 52 55 53 52 52 55 54 57 60 53 51 51 41 47 37 46 44 53 44 55 62 52 39 41 61 67 62 34 67 51 63 51 29 54 73 34 53 30 35 28 32 24 23 73 58 34 30 46 80 49 23 27 26 20 52 43 41 24 64 38 52 20 23 80 61 68 75 17 32 15 12 34 68 55 57 46 52 79 55 66 34 95 11 10 65 82 19 81 31
50 50 50 51 52 48 47 53 54 54 48 53 56 54 57 55 43 58 46 40 41 44 61 38 39 49 38 53 37 44 56 34 39 51 58 53 55 34 32 58 53 45 49 55 69 49 55 59 28 37 37 66 24 50 51 51 55 58 56 37 80 57 30 75 29 26 71 41 62 56 58 62 52 52 27 87 54 65 59 49 46 54 64 71 75 52 73 65 6 70 51 25 64 20 70 57 75 14 89 24
50 49 49 52 50 49 51 46 51 46 52 53 52 52 57 50 50 41 57 47 58 60 52 46 42 46 38 60 60 46 51 37 39 44 61 43 37 45 67 60 60 44 70 34 63 29 55 58 49 45 33 74 27 43 61 26 45 37 35 71 54 64 63 45 27 72 70 73 64 38 73 42 71 29 31 41 39 72 11 57 47 57 51 37 41 19 86 74 9 15 46 37 10 65 39 5 12 75 25 30
50 51 49 50 51 52 53 51 52 46 48 50 45 44 46 51 56 42 43 51 44 40 53 47 46 51 47 62 55 49 63 57 56 60 62 44 43 68 50 63 65 29 40 56 71 51 63 35 53 26 68 33 75 55 23 71 60 51 64 56 78 43 67 28 27 47 51 24 50 56 64 73 39 65 40 73 34 56 61 56 33 66 32 32 79 12 68 62 73 58 55 24 38 15 27 8 3 83 89 40
50 50 49 50 52 48 51 49 48 49 45 49 47 55 48 49 44 50 45 58 49 45 50 54 47 49 57 49 63 50 46 65 49 58 59 65 45 35 42 32 57 59 53 49 45 54 68 38 37 44 43 30 38 45 68 32 30 22 70 29 70 65 20 18 66 55 64 33 32 74 68 67 85 34 26 72 68 43 23 76 58 50 32 40 34 68 56 58 24 10 72 71 49 51 36 79 27 89 69 87
50 50 49 48 50 49 47 50 47 48 45 44 54 55 45 53 55 47 46 40 47 54 56 43 53 48 59 50 52 62 47 34 46 58 46 65 57 66 61 70 60 67 45 69 44 27 41 47 49 39 38 47 76 31 71 33 26 62 71 20 22 81 39 53 69 32 46 62 79 36 74 21 86 65 51 47 26 41 49 78 25 57 65 49 88 20 60 42 24 50 13 59 53 38 80 84 67 10 85 36
50 49 51 51 48 47 51 47 50 52 46 47 46 43 44 46 57 45 56 59 40 39 59 46 45 48 53 63 55 36 39 49 37 67 33 56 63 38 36 35 42 50 59 33 39 65 43 47 41 61 52 69 70 58 41 29 33 76 21 24 50 77 73 45 46 77 63 73 60 66 25 54 83 70 83 82 19 61 87 43 49 78 40 18 62 60 22 17 28 27 38 68 53 68 31 40 12 55 83 10
50 50 49 50 48 50 48 49 52 55 47 52 47 55 47 57 55 54 53 41 43 59 50 56 61 60 54 42 60 38 61 52 37 65 64 49 34 32 36 38 55 48 53 36 39 39 44 44 60 51 42 51 40 48 74 78 43 51 65 52 72 55 76 68 40 64 39 50 78 33 21 72 18 36 68 35 81 49 61 81 72 72 83 10 42 13 43 78 16 61 57 79 45 19 16 15 34 73 76 41
50 49 50 51 51 48 47 49 47 46 46 56 49 48 44 43 45 42 55 42 53 39 41 40 57 63 43 46 60 45 65 57 56 60 37 64 43 50 58 56 66 29 30 33 57 31 59 59 54 28 42 65 57 42 33 72 36 27 70 32 24 47 54 80 66 63 81 58 35 19 52 86 62 61 23 82 15 88 20 88 13 28 89 33 44 58 52 21 42 73 13 36 49 86 20 82 89 51 39 54
50 49 50 52 48 51 47 53 50 50 52 55 51 51 55 49 46 48 49 49 49 54 39 59 61 53 39 39 60 62 59 43 46 42 54 62 66 39 50 33 30 60 59 52 71 35 63 69 66 63 63 26 40 38 58 45 22 41 74 54 22 52 62 20 44 78 72 74 52 71 75 27 44 83 82 69 36 50 21 36 65 31 37 76 48 30 50 11 72 43 75 16 90 25 3 53 6 7 43 37
50 49 49 52 48 48 51 52 46 47 48 52 44 47 46 55 54 58 45 45 45 40 52 59 49 38 58 59 62 54 48 60 36 58 42 68 50 44 57 34 56 30 43 36 68 57 58 33 34 37 40 33 55 40 36 41 26 48 48 21 37 22 59 79 33 75 28 61 81 31 64 39 14 43 84 77 15 48 15 42 84 60 9 78 42 32 60 68 80 60 80 66 54 29 4 2 30 15 54 31
50 49 49 50 50 50 53 53 53 50 51 48 50 53 53 51 54 42 57 47 51 45 46 45 62 59 53 59 63 45 50 66 66 35 47 41 65 41 53 67 47 61 69 54 43 63 35 73 48 33 73 45 68 34 57 30 61 49 21 51 77 55 71 18 30 24 58 60 44 63 50 76 61 81 73 63 38 64 81 87 45 69 88 67 25 44 92 14 83 74 91 95 35 78 34 73 88 69 18 94
50 50 49 52 50 48 48 53 51 45 53 51 48 43 55 58 48 54 41 44 52 60 41 52 38 44 50 45 61 51 45 58 37 38 51 47 48 61 43 52 55 64 31 68 29 56 54 44 45 58 33 72 64 75 67 55 71 25 79 50 40 26 51 68 69 50 71 77 28 41 19 23 69 18 50 77 31 62 15 69 39 31 30 71 82 28 42 91 69 90 81 42 15 72 51 82 59 83 37 71
50 50 49 50 50 53 48 52 49 45 47 44 55 47 55 49 55 56 42 48 57 42 56 60 52 37 52 42 62 48 43 35 59 36 65 60 55 64 57 43 49 66 29 29 32 71 42 35 28 55 70 36 62 30 26 31 55 67 60 30 23 48 65 75 21 17 22 65 26 71 66 37 54 69 42 58 85 73 63 47 63 42 81 61 60 73 55 39 72 18 33 91 31 50 58 7 42 85 9 30
50 51 50 48 52 50 49 47 49 45 45 51 55 48 43 46 56 57 59 52 45 60 48 48 57 54 38 64 55 65 47 64 60 59 63 34 48 43 49 35 56 45 46 36 28 46 44 58 61 62 32 42 73 54 60 46 32 31 27 70 45 19 61 71 58 28 65 49 19 73 19 38 48 46 14 74 26 29 21 26 24 11 86 35 36 7 51 64 52 80 81 10 46 90 55 21 49 48 65 73
50 50 50 50 48 51 50 54 53 45 47 50 45 49 56 42 51 43 43 42 57 56 55 50 59 55 42 39 46 47 38 49 43 45 63 63 41 54 32 48 48 55 65 32 35 67 36 51 43 31 30 25 58 48 27 69 29 40 58 79 75 41 77 25 51 75 17 20 34 67 67 29 60 30 15 60 43 78 86 20 73 69 72 83 83 23 55 49 57 22 5 52 18 37 20 27 74 21 43 61
50 51 51 51 49 49 52 48 48 49 55 47 49 44 43 43 55 45 41 43 58 47 45 52 49 49 55 64 62 47 64 43 43 40 54 61 63 48 44 70 62 66 42 66 44 55 37 63 43 32 50 34 32 29 26 69 37 79 21 71 52 64 69 75 63 53 41 55 67 39 42 39 43 77 80 38 59 59 86 38 13 84 26 81 75 52 80 12 71 53 46 49 83 14 11 15 51 64 10 82
50 50 51 49 50 49 47 48 49 54 50 54 52 56 44 50 52 46 45 41 58 45 53 50 51 48 50 45 54 44 58 57 47 37 37 36 54 41 44 51 65 36 61 32 59 48 65 33 68 34 47 69 36 24 26 64 53 41 67 64 53 70 62 51 53 55 46 19 72 82 73 63 66 56 29 35 80 82 54 50 23 82 9 42 22 71 59 80 93 54 29 7 54 30 49 18 24 77 97 80
50 51 50 52 48 53 48 50 48 45 54 44 53 53 53 48 55 52 46 57 55 49 53 61 51 39 43 46 45 56 44 49 63 48 51 38 36 46 52 68 52 65 58 47 48 46 31 45 66 36 68 33 64 33 35 46 45 26 27 75 30 41 43 27 18 47 61 20 48 28 59 25 38 41 28 15 17 72 88 78 86 64 75 15 63 49 62 61 90 31 80 31 59 46 91 19 54 30 34 40
50 50 51 52 49 53 47 52 49 52 54 50 44 55 45 44 53 45 56 53 55 56 40 57 46 58 51 40 50 38 56 65 63 51 53 58 58 45 69 41 58 59 30 71 29 32 56 45 41 48 29 32 57 36 71 35 42 48 76 23 20 66 49 26 27 21 49 73 21 37 56 34 75 58 60 42 82 77 89 55 13 36 54 59 56 80 58 19 10 15 25 35 10 19 93 65 84 39 42 98
50 50 49 48 50 49 48 47 52 54 47 46 53 55 53 48 46 47 55 42 43 42 45 43 57 38 53 63 36 40 58 45 54 38 45 63 50 66 45 54 34 38 39 48 43 42 37 61 74 29 73 39 28 53 44 49 73 43 77 35 53 29 22 68 78 32 40 82 44 75 53 24 34 82 25 37 30 16 39 73 79 49 52 34 22 17 18 12 19 13 46 95 65 86 34 29 59 51 67 59
50 50 50 50 49 52 47 53 46 55 46 45 49 46 46 50 51 42 44 58 51 60 50 55 48 53 50 37 38 37 48 50 43 52 61 44 56 57 36 70 45 68 49 40 54 61 60 27 39 63 66 68 29 70 47 45 63 53 34 48 36 34 70 57 70 28 73 65 69 43 79 40 81 14 26 30 56 33 42 86 66 13 79 21 71 67 36 36 91 86 48 46 85 62 18 69 50 95 2 38
50 51 51 49 52 49 53 51 49 45 45 55 48 45 55 47 53 48 43 47 51 51 60 43 42 61 44 60 37 47 50 52 41 45 38 38 65 69 44 57 40 39 41 48 69 61 46 72 33 67 35 71 67 31 39 34 46 77 41 75 23 63 21 50 69 36 67 19 84 31 54 71 33 30 29 24 26 59 82 70 24 70 70 35 86 14 71 24 80 42 95 42 73 28 16 85 62 90 62 83
50 49 49 49 52 48 50 49 46 52 49 55 56 57 54 49 52 49 49 58 59 60 59 49 48 41 50 43 44 61 39 61 36 47 61 44 60 47 45 55 61 61 48 44 51 55 40 32 46 49 47 76 62 43 25 33 60 40 46 36 77 24 63 35 81 41 82 54 69 18 61 36 84 55 71 23 41 82 41 69 46 27 86 63 30 79 55 67 29 6 21 89 77 70 60 29 27 65 86 59
50 51 49 52 51 47 50 46 54 48 50 52 46 52 53 50 57 47 44 40 43 42 58 39 50 49 38 40 56 65 40 41 57 51 66 42 33 52 32 53 41 47 46 41 31 53 35 55 64 55 31 25 30 74 35 38 66 40 28 60 43 20 27 44 31 64 45 50 24 42 22 27 79 65 42 41 25 20 21 30 49 11 79 40 40 13 57 42 51 92 83 11 28 8 22 51 38 14 61 47
50 49 49 51 50 48 51 54 48 52 50 56 51 47 52 44 57 41 43 58 57 44 53 39 59 52 46 36 63 59 59 52 53 66 46 60 62 37 36 44 53 32 37 29 56 49 51 66 70 33 67 45 68 75 77 76 73 26 45 55 50 79 40 31 37 33 41 17 73 69 39 38 46 44 38 73 54 34 34 47 24 19 13 36 91 54 84 35 27 78 91 37 49 43 66 82 89 30 58 64
50 49 51 51 49 47 53 49 50 50 49 51 44 50 57 42 47 55 42 59 58 56 60 57 51 53 39 42 37 47 44 57 65 60 33 37 34 38 66 58 64 49 49 60 63 42 40 69 38 66 40 63 72 67 54 67 44 44 71 31 72 81 62 74 22 54 80 84 40 67 62 34 80 84 25 16 46 29 69 47 56 48 79 54 32 76 34 88 61 68 48 19 93 67 48 45 76 45 27 19
50 49 51 51 48 53 49 52 54 55 47 52 48 51 44 54 52 57 47 46 52 56 45 51 49 40 49 44 51 54 40 41 53 43 33 38 50 32 57 50 61 32 65 70 35 58 56 65 58 41 56 61 70 74 53 36 55 39 49 21 48 33 34 56 24 35 28 71 44 23 32 44 67 21 28 74 74 19 33 76 65 63 39 80 76 54 93 83 12 19 14 38 11 66 64 57 37 14 95 77
50 49 49 49 51 53 53 54 50 50 45 54 45 53 55 50 55 57 45 57 42 42 44 38 58 45 45 39 53 63 49 55 57 53 58 36 51 66 69 30 34 67 67 50 33 29 46 67 35 28 60 44 68 64 64 58 30 48 50 64 35 54 39 37 43 50 47 69 50 75 71 79 16 58 76 71 42 88 61 10 73 62 48 59 37 7 81 48 45 93 47 39 7 51 22 51 35 29 89 3
50 49 49 51 48 52 51 54 47 50 53 56 52 49 49 54 58 59 45 59 59 61 41 56 58 46 58 64 36 41 65 36 61 54 47 55 51 42 63 39 34 48 63 70 29 38 34 33 34 54 33 56 43 29 55 43 37 37 24 59 64 22 40 78 64 47 24 52 31 53 60 27 56 24 36 22 69 80 54 36 23 29 81 36 13 10 81 26 79 36 89 5 72 22 16 93 75 18 16 4
50 49 51 48 49 52 47 48 53 51 53 54 46 50 45 56 49 45 58 45 47 39 41 40 46 54 63 64 50 38 61 55 39 61 55 38 47 57 64 49 69 62 40 40 66 32 27 37 54 68 72 25 36 35 23 56 64 51 50 40 67 49 48 77 35 33 17 23 40 29 65 32 74 59 33 60 28 30 15 22 65 57 63 74 56 33 36 72 93 81 63 95 40 22 12 8 14 94 71 41
50 51 50 52 49 50 52 48 46 52 51 54 48 54 54 45 42 44 50 43 52 59 44 47 57 37 48 53 50 65 57 48 60 33 43 42 68 36 32 44 62 35 30 54 32 34 29 36 47 45 75 70 63 55 70 66 58 70 29 79 43 24 32 21 72 18 50 71 21 24 40 64 46 48 76 64 22 46 75 83 81 49 57 76 83 92 75 94 52 28 10 20 72 44 66 82 71 68 74 49
50 51 49 49 52 48 48 46 54 54 48 47 49 56 46 43 50 54 58 59 43 39 47 49 38 43 40 57 47 44 61 46 48 57 46 58 55 67 43 33 39 65 42 53 71 43 31 31 55 45 63 46 27 38 69 29 55 64 71 65 63 44 29 52 25 83 28 48 34 46 40 84 67 75 22 72 16 17 66 52 50 39 20 55 33 8 38 94 75 23 18 63 48 12 21 38 2 24 72 71
50 49 50 50 48 47 51 53 46 45 52 49 56 43 56 53 51 56 43 47 60 41 61 42 47 54 55 38 52 50 53 54 57 48 60 38 48 57 67 36 67 36 51 36 71 69 29 38 34 64 55 29 43 23 44 37 30 62 56 24 26 68 69 34 62 53 38 61 24 35 53 51 27 19 47 49 40 31 44 74 46 39 57 20 91 29 16 62 28 33 29 58 90 88 17 66 87 39 7 23
50 50 51 52 50 47 50 54 49 46 48 54 44 47 52 55 54 55 59 45 49 44 46 52 61 38 38 56 37 42 38 42 43 37 38 56 62 55 43 40 47 44 43 34 50 63 58 52 61 50 36 70 68 31 39 71 31 52 30 30 65 33 67 73 27 35 24 55 26 43 62 58 30 66 87 50 31 11 32 40 26 81 80 54 16 56 26 58 72 18 43 15 21 15 61 66 59 23 81 30
50 49 51 51 48 49 49 53 47 53 55 53 55 50 55 54 44 56 47 57 44 49 59 59 38 61 47 50 63 61 53 56 64 39 61 45 33 45 66 38 35 54 67 53 38 56 46 63 26 62 58 73 69 33 66 51 66 36 70 32 52 65 70 46 75 64 46 53 70 81 81 15 84 20 31 29 36 80 31 75 35 64 52 28 35 16 58 55 48 84 51 89 94 32 3 49 15 21 81 93
50 50 49 48 52 47 53 52 48 49 46 56 51 44 57 51 55 56 56 43 54 40 51 40 39 40 52 48 53 49 51 48 57 48 52 65 46 65 65 58 31 58 47 44 44 54 55 64 68 58 70 51 37 41 61 49 62 65 34 74 20 75 78 47 48 45 43 84 75 72 76 61 55 33 72 66 33 42 24 14 85 65 64 48 30 65 86 39 51 78 9 73 87 12 88 28 44 85 33 53
50 50 50 51 49 52 53 49 52 51 47 53 55 50 49 42 42 45 56 44 59 47 58 56 44 46 41 61 37 35 36 58 43 60 50 33 54 68 51 48 50 46 45 65 68 73 38 32 42 30 26 52 48 38 68 29 52 32 48 27 46 52 71 20 67 65 60 43 63 21 59 68 69 40 73 20 27 20 50 82 73 44 65 76 19 66 82 48 38 16 82 24 28 94 13 63 66 96 9 94
50 50 49 50 50 47 52 53 50 54 47 51 44 48 48 58 44 57 47 50 46 50 46 39 48 37 58 46 55 56 39 55 56 42 58 66 34 47 44 65 58 40 49 62 72 47 66 44 42 31 51 48 45 30 30 25 28 66 30 58 28 62 35 21 65 28 64 83 70 55 63 53 25 71 67 54 74 42 21 68 85 47 72 50 41 42 90 14 15 71 56 89 11 49 24 44 49 61 1 82
50 50 51 48 51 53 47 46 51 48 50 53 52 46 43 52 42 47 50 56 42 44 41 58 51 55 38 40 55 49 65 61 53 51 66 41 42 58 48 36 62 70 66 69 56 67 28 61 69 33 71 72 75 23 29 56 49 61 75 75 31 38 65 36 68 67 30 58 78 45 51 38 74 31 72 27 72 69 56 59 36 17 24 56 33 72 34 86 94 81 30 52 89 77 11 89 87 23 38 64
50 49 51 49 51 50 48 50 53 54 55 44 53 44 48 42 46 41 48 45 52 48 48 58 55 51 44 62 53 35 49 50 39 50 38 44 48 31 34 68 56 46 49 41 52 40 73 37 30 75 63 31 54 48 45 70 43 71 29 62 20 45 66 74 72 35 78 83 34 71 78 61 45 82 41 29 27 68 24 38 54 59 69 76 49 27 24 78 54 88 33 46 18 15 43 69 75 85 23 59
50 49 49 51 52 52 52 54 48 54 51 49 56 48 46 55 51 42 42 40 58 56 51 57 47 52 45 38 48 59 55 49 59 55 60 66 59 58 54 69 35 38 33 65 49 36 66 53 74 72 64 46 29 36 61 50 54 31 45 32 47 26 71 82 52 24 47 55 72 27 81 56 32 32 83 52 69 56 44 32 11 67 16 30 15 51 83 89 30 46 27 95 50 56 71 52 26 38 32 93
50 49 49 51 52 49 49 48 53 50 51 56 47 53 45 53 53 51 54 54 55 57 61 40 39 56 59 48 60 60 57 57 52 50 57 44 52 58 65 32 45 62 46 45 38 40 60 29 63 63 52 63 69 36 46 58 63 29 62 39 56 74 75 21 60 33 78 44 16 64 60 23 41 24 43 14 55 17 66 65 42 17 87 62 88 69 22 47 11 54 18 84 42 18 15 88 26 85 67 8
50 51 49 52 48 47 50 54 47 47 51 55 53 50 54 54 50 52 59 54 49 42 40 60 55 37 37 59 39 57 63 62 38 47 46 48 50 33 50 59 38 54 41 56 30 73 71 34 74 64 65 36 56 48 32 51 30 25 41 57 20 41 49 39 77 79 23 75 79 70 26 69 44 24 79 56 57 66 14 81 53 30 41 30 16 32 42 14 80 88 58 62 56 49 20 23 94 21 47 65
50 49 49 49 50 49 48 52 47 47 45 55 48 51 47 54 55 44 55 45 60 59 51 49 52 48 54 55 49 57 46 57 58 40 33 63 40 52 34 31 57 55 59 55 51 72 67 34 49 58 73 60 75 72 33 63 50 74 56 61 27 29 20 37 82 51 53 76 18 39 55 68 84 77 31 35 55 83 31 50 43 60 43 89 75 12 21 27 13 10 29 53 15 8 28 15 94 50 80 53
50 51 50 52 48 52 50 50 52 54 46 49 44 46 53 54 45 41 49 59 40 59 55 57 52 60 39 47 37 55 45 46 34 37 54 59 54 56 65 46 61 62 43 46 56 30 73 44 51 66 55 26 41 56 59 23 48 46 58 49 21 79 43 42 66 22 38 67 52 51 30 85 23 59 39 27 23 13 13 53 55 16 75 80 61 53 15 71 85 38 92 88 60 93 50 91 77 90 28 4
50 50 49 49 51 47 49 51 52 46 55 45 54 55 50 47 44 52 52 52 51 61 58 54 48 45 39 58 37 35 39 37 39 41 52 65 52 31 56 69 58 47 55 59 60 71 69 66 30 62 36 68 32 64 66 56 27 49 47 79 32 56 40 55 20 29 72 81 76 17 23 33 55 72 47 67 29 79 30 78 65 62 46 31 45 24 43 51 18 6 37 30 23 13 50 73 76 71 37 26
50 50 51 51 52 47 51 50 47 49 55 56 47 47 53 55 44 53 48 58 48 43 51 42 49 62 51 52 43 40 38 34 58 55 64 40 57 43 44 31 58 46 67 48 47 51 45 56 33 49 66 27 65 65 26 37 62 21 43 28 80 62 24 53 18 45 51 23 36 40 37 67 85 16 61 73 47 18 41 18 79 34 59 31 58 82 55 48 62 69 33 86 13 91 59 2 87 78 41 26
50 50 50 50 52 53 50 54 50 50 51 56 54 54 57 44 52 45 59 60 50 60 40 48 57 57 37 60 38 58 42 59 38 54 49 32 49 58 43 61 63 68 65 60 44 47 55 47 33 35 44 70 48 26 29 50 67 41 53 33 30 72 26 67 56 41 20 64 71 28 57 84 86 18 15 24 65 84 73 10 54 45 67 88 31 89 50 84 59 68 68 4 24 69 45 57 14 55 60 90
50 49 50 48 51 52 49 49 49 49 45 45 51 57 53 47 48 58 45 58 57 47 45 44 55 53 61 45 41 50 43 46 40 48 58 66 62 47 44 41 59 52 66 30 62 32 71 26 68 72 44 75 31 66 28 42 44 76 36 21 71 65 23 38 74 42 22 56 79 51 29 35 22 80 17 62 57 71 26 46 72 84 72 80 36 86 18 46 42 68 43 82 17 91 31 45 39 26 23 50
50 50 49 51 49 50 49 52 50 48 48 46 53 50 56 56 52 51 56 56 49 48 42 57 54 39 45 44 38 48 52 45 43 65 33 52 52 44 65 58 43 57 35 57 39 35 42 71 45 36 63 42 66 60 76 56 29 23 26 32 53 21 36 21 51 34 35 19 40 53 39 81 65 44 75 32 33 37 60 61 22 27 17 69 17 68 28 81 85 53 85 82 88 32 24 17 35 58 61 73
50 51 50 50 49 50 47 49 54 51 45 44 44 50 54 51 57 50 41 40 45 55 48 55 43 49 37 56 59 63 44 53 40 52 62 52 39 63 32 41 43 35 53 39 65 27 71 36 57 67 44 66 69 48 40 45 38 58 73 28 72 66 66 82 21 31 51 40 30 68 15 84 70 71 50 60 86 21 56 22 30 25 48 55 47 57 14 11 47 43 23 25 51 82 49 61 75 77 78 14
50 49 51 51 50 48 47 46 51 53 53 45 52 50 54 49 46 51 56 45 44 59 50 42 49 59 62 60 54 51 35 62 38 51 49 46 42 67 55 69 53 66 64 42 45 44 36 70 26 40 39 52 61 29 30 33 67 72 22 42 54 62 75 23 34 47 61 22 68 63 60 23 73 74 46 25 33 47 17 59 89 86 52 46 16 65 39 40 77 84 36 84 93 19 34 11 57 75 98 42
50 51 50 49 48 51 48 49 50 50 50 48 55 44 47 46 42 45 56 51 54 56 47 46 61 44 61 42 56 43 42 55 56 47 57 63 54 62 45 58 61 58 46 55 57 57 50 58 51 47 55 47 47 67 76 63 43 48 57 50 27 70 19 82 50 34 50 31 39 39 81 43 54 56 71 79 42 33 13 76 32 53 80 48 58 51 93 32 15 73 14 38 66 57 50 64 55 91 75 83
50 51 50 50 48 53 50 48 51 48 52 46 49 45 43 43 58 44 47 41 55 48 41 43 38 54 47 52 48 55 50 64 50 35 33 40 60 50 48 64 58 30 53 66 59 37 65 72 66 65 44 70 32 64 71 72 36 32 34 24 24 53 41 21 28 30 54 40 19 38 40 59 39 69 51 56 28 84 30 86 24 34 22 39 26 32 93 12 46 88 61 4 85 79 96 89 96 73 80 46
50 50 50 49 50 52 51 48 51 50 53 54 54 50 48 53 51 41 47 48 49 46 49 50 55 42 47 50 53 55 65 52 66 67 38 36 54 58 64 40 30 67 58 41 62 35 27 29 52 57 47 34 74 41 55 43 41 35 63 24 48 74 30 72 63 58 60 74 20 34 69 35 26 74 28 22 74 77 12 14 73 84 18 36 57 60 55 10 62 57 24 57 5 43 63 31 4 74 29 48
50 51 51 48 52 51 49 47 46 49 53 50 48 44 52 48 52 58 41 48 46 54 51 38 53 62 45 56 54 44 44 40 42 42 46 68 68 49 57 41 39 45 39 39 45 53 73 61 28 30 61 70 67 41 55 35 56 74 58 63 79 26 25 44 64 78 82 19 32 64 47 31 49 36 66 78 31 40 14 51 53 88 30 37 79 70 25 91 29 45 40 85 24 94 38 16 93 14 68 32
50 49 49 52 49 48 47 49 53 48 46 55 56 56 52 57 47 45 41 46 59 49 61 55 52 61 45 58 55 38 58 52 43 65 42 33 58 60 66 57 44 68 59 51 71 71 45 69 34 73 31 59 47 74 34 37 52 28 53 53 70 64 72 28 36 82 22 30 69 53 70 62 19 34 39 53 52 87 83 57 52 37 65 60 77 70 86 7 31 16 51 16 5 59 49 44 83 89 48 43
50 49 51 51 49 48 47 52 52 50 46 56 50 53 45 56 47 41 58 56 54 54 43 54 55 47 52 44 38 49 36 40 48 42 48 67 62 40 66 47 53 61 68 44 55 35 44 61 63 41 66 65 64 34 29 22 48 41 54 44 34 27 80 73 78 31 47 77 74 17 75 71 29 81 84 34 20 67 65 40 11 47 32 23 39 64 33 56 49 18 31 13 46 68 96 14 61 15 46 15
50 51 49 49 52 47 53 48 46 45 52 55 47 44 47 58 51 48 41 56 50 51 50 48 57 45 57 43 53 38 58 36 46 61 34 37 59 31 66 39 38 42 57 61 43 60 62 67 42 48 71 76 70 41 46 74 59 41 73 69 27 47 54 22 41 67 65 43 54 56 34 27 19 76 17 80 23 70 88 65 38 10 72 73 8 67 47 71 75 32 16 6 11 88 38 60 94 81 30 75
50 50 49 52 50 51 52 50 51 48 55 46 53 56 54 45 51 56 58 57 46 61 47 57 50 43 41 62 61 60 43 42 66 44 34 55 68 42 53 67 33 64 43 31 64 43 30 28 61 37 26 27 64 68 63 31 71 47 29 39 31 66 58 80 25 53 44 53 64 36 57 20 20 83 19 19 82 84 79 24 11 46 33 18 25 19 11 71 49 6 92 18 40 39 56 8 2 51 22 89
50 51 50 50 50 52 50 50 46 52 47 56 50 54 46 56 51 59 44 48 45 52 53 61 42 52 58 40 56 55 38 65 41 61 47 33 44 47 58 52 62 69 51 43 29 66 65 73 62 62 55 27 64 52 50 47 52 66 44 61 71 58 41 34 18 80 47 16 76 25 40 71 66 85 77 70 49 79 75 85 39 36 33 87 43 51 79 94 20 31 18 60 37 76 12 78 83 72 82 40
50 50 50 49 52 50 49 53 53 51 47 54 45 43 49 51 46 58 50 60 56 43 59 43 54 62 44 63 50 54 44 40 60 67 47 39 39 33 50 58 48 46 68 68 57 54 35 56 48 65 74 66 61 60 42 27 77 59 22 60 78 43 62 82 20 57 36 51 83 15 36 33 42 47 64 60 79 45 82 47 24 69 79 24 55 54 20 55 29 47 32 47 79 40 21 96 13 98 32 8
50 51 50 50 51 49 52 51 49 52 45 48 56 43 45 44 46 56 54 41 58 61 50 40 54 47 50 51 40 63 58 62 44 59 35 45 61 43 37 68 46 64 29 49 35 29 57 71 31 75 71 57 76 61 61 34 76 68 64 78 77 39 36 28 49 39 60 24 53 66 49 46 20 30 61 83 56 48 19 64 84 67 20 11 51 34 43 34 83 41 85 60 89 57 49 18 55 98 25 34
50 50 50 50 49 52 51 46 48 55 47 44 52 56 47 47 50 57 50 60 54 40 53 39 40 51 51 51 42 56 38 59 50 38 47 39 57 31 44 39 44 61 67 72 52 39 68 71 28 66 36 39 27 50 55 33 76 55 52 47 56 33 72 37 55 70 73 37 39 38 28 68 21 17 26 68 50 61 17 45 12 79 23 21 67 75 58 14 90 57 18 26 96 79 20 85 85 54 95 25
50 51 51 51 48 48 52 47 47 50 46 53 53 54 56 50 51 43 53 43 43 61 45 55 47 50 45 41 41 48 39 41 51 49 55 64 44 32 68 47 41 30 47 62 28 68 28 73 69 62 48 37 75 51 63 53 69 70 58 35 60 50 28 64 69 54 36 53 19 78 40 43 74 18 37 43 19 24 66 35 41 70 86 19 85 42 65 31 42 18 73 23 54 74 78 88 32 4 35 46
50 49 51 48 51 51 48 47 48 50 55 54 49 49 46 43 50 53 55 47 45 58 53 43 47 56 37 38 39 40 62 50 47 42 36 48 50 55 50 53 41 57 41 68 66 30 29 72 50 32 27 29 54 73 49 53 27 27 75 80 72 56 45 48 20 76 28 23 61 21 65 49 33 81 29 79 24 82 81 80 64 85 72 54 34 10 89 62 55 43 41 12 86 74 9 81 63 9 45 80
50 51 49 49 48 52 49 47 52 46 50 48 55 56 57 47 56 56 43 54 45 55 59 53 46 61 41 64 63 65 59 64 51 53 41 53 56 60 37 69 61 45 40 71 64 68 53 40 49 31 58 67 40 59 53 39 74 63 34 48 57 52 43 76 76 33 43 62 31 79 72 42 65 85 87 38 41 35 53 63 84 43 68 30 30 7 77 7 32 85 52 13 75 19 84 35 33 51 4 91
50 51 51 52 48 47 53 47 51 46 52 45 47 48 57 44 43 50 56 40 58 45 50 61 52 52 40 45 57 49 37 36 56 58 51 46 37 49 69 48 59 31 34 72 70 32 32 52 31 48 57 76 48 74 69 34 50 49 68 77 76 42 32 50 34 39 21 68 63 68 49 62 64 22 22 77 40 31 41 47 23 64 82 14 88 74 46 91 90 36 72 13 31 11 61 72 91 80 20 68
50 50 50 48 49 52 52 51 52 52 50 54 52 56 44 50 54 41 48 52 44 46 56 42 44 43 53 48 40 46 53 48 65 61 45 32 63 61 63 50 36 69 34 34 61 59 39 27 60 28 59 58 33 55 39 71 73 57 60 77 74 61 45 53 32 47 53 53 74 22 40 78 60 74 22 23 80 68 81 47 25 28 88 58 77 90 27 11 37 22 34 16 95 39 69 34 78 33 90 84
50 51 51 50 50 53 47 53 54 52 54 51 55 50 48 51 43 56 59 49 55 48 59 47 46 39 53 55 52 51 59 47 45 38 53 45 46 31 37 52 42 59 47 64 51 34 56 49 62 56 51 62 67 46 70 32 71 70 76 32 67 39 52 27 28 55 34 77 75 51 70 57 54 18 80 61 50 29 55 13 40 87 26 85 27 8 90 50 27 37 15 47 70 93 80 48 80 59 70 72
50 50 50 49 52 51 47 46 53 46 47 53 56 50 46 58 47 53 45 54 46 44 39 48 41 42 44 53 61 59 36 38 36 67 57 40 43 43 61 62 61 55 70 63 35 58 64 44 38 34 55 45 66 32 55 29 29 24 39 78 29 62 21 29 54 53 77 63 73 36 76 68 62 72 66 55 34 38 55 62 50 27 35 47 15 64 68 7 43 72 27 52 64 11 59 85 19 60 78 93
50 50 50 50 48 53 53 52 47 52 45 50 54 57 52 50 47 47 41 42 55 58 52 62 57 53 46 59 38 43 61 59 46 63 59 55 68 61 54 48 64 51 61 70 63 44 42 40 26 75 71 39 57 52 58 36 27 65 35 59 37 78 19 45 52 17 54 17 66 43 18 43 59 56 19 50 12 13 59 41 26 84 44 79 61 14 37 56 45 31 61 58 43 12 68 29 86 55 80 67
50 49 49 49 50 52 52 50 47 47 54 44 45 56 55 57 47 48 54 53 58 52 57 42 45 46 55 51 64 53 65 44 61 65 49 34 48 64 39 42 36 40 64 60 58 63 41 48 69 41 49 33 52 64 38 27 66 62 31 25 71 26 37 63 28 31 38 28 79 82 51 78 26 36 68 77 69 45 40 72 55 44 20 42 66 20 19 27 35 37 26 53 32 84 64 55 30 14 57 40
50 50 49 51 50 49 47 53 48 54 50 50 56 46 54 51 54 50 44 54 41 41 49 46 54 40 55 39 42 44 40 44 62 39 58 35 40 36 48 57 47 60 49 61 71 33 52 51 36 59 26 46 50 70 64 49 50 27 58 48 21 70 40 51 26 67 29 46 75 37 25 37 38 43 59 51 37 12 38 43 80 84 32 48 16 68 17 58 60 66 47 30 54 71 13 41 35 70 41 97
50 50 49 52 48 53 53 48 54 46 47 47 54 56 54 42 54 50 55 49 45 56 51 55 49 43 50 40 37 52 54 66 53 64 60 68 45 51 49 64 65 40 55 52 50 44 39 34 58 74 39 31 73 56 73 33 26 58 25 62 39 56 58 72 75 52 79 42 32 54 27 70 15 82 54 84 84 81 50 54 17 37 52 26 81 72 53 54 58 76 75 34 56 85 88 39 81 10 68 93
50 51 51 48 49 48 47 54 51 53 50 49 56 56 50 58 47 45 57 41 42 40 40 40 56 48 55 43 43 61 45 55 43 62 60 68 50 45 46 34 58 59 54 70 35 46 30 51 46 71 46 29 45 65 30 22 69 45 49 54 34 36 54 40 74 74 46 16 83 45 75 58 22 79 13 27 79 68 27 69 35 35 65 50 68 66 57 83 47 58 63 26 5 29 78 53 64 13 84 22
50 51 50 52 50 49 51 50 46 45 47 47 44 50 55 43 58 58 45 48 57 54 44 40 39 54 48 52 42 49 49 53 45 35 63 32 42 48 68 47 68 37 44 42 42 56 64 42 48 67 49 66 41 59 29 58 54 37 78 46 52 29 61 31 71 28 22 84 73 17 80 76 43 24 67 83 55 36 55 77 26 75 74 18 14 10 9 70 22 77 58 39 9 68 43 54 28 86 98 52
50 49 49 51 50 49 53 52 46 55 47 56 49 44 53 43 45 46 44 60 50 43 52 49 60 52 39 44 40 40 37 51 45 58 48 33 45 40 59 67 57 56 62 39 66 68 64 35 47 33 55 48 52 73 38 62 48 39 36 38 41 30 20 33 74 64 22 69 40 66 63 42 29 20 77 70 37 16 78 25 38 61 48 8 43 47 62 76 45 80 25 31 60 5 35 50 14 38 15 30
50 51 49 50 50 49 52 48 48 53 51 45 55 46 48 51 43 51 58 46 57 48 56 53 39 43 55 60 48 42 50 65 49 38 37 61 60 60 49 44 33 59 48 35 54 67 63 54 30 67 31 45 73 34 68 75 74 58 35 80 30 29 75 18 38 58 56 72 73 38 74 42 53 81 74 64 75 13 49 24 28 47 27 69 38 68 44 91 78 57 6 10 95 50 91 16 6 75 55 23
50 50 51 50 49 50 50 50 51 51 50 54 50 48 56 58 50 56 56 44 51 50 48 60 44 39 37 46 42 63 47 56 53 48 50 67 66 53 42 65 39 34 46 49 62 66 56 55 41 31 43 26 39 60 58 73 35 64 52 41 75 48 29 24 76 68 73 17 34 52 71 49 30 68 67 65 73 57 48 81 88 51 28 8 75 9 37 16 10 74 42 4 83 55 50 24 27 78 13 97
50 51 50 51 51 53 48 48 47 52 54 56 54 51 53 44 51 42 55 42 59 50 41 47 42 40 58 61 39 59 63 47 58 39 52 58 65 39 50 34 36 32 62 60 67 58 68 51 56 69 74 30 47 39 23 45 40 76 71 45 48 52 65 66 22 54 67 21 28 15 71 52 47 61 22 16 68 76 27 90 29 67 39 61 47 65 7 61 18 19 64 57 87 92 44 89 27 65 78 47
50 51 51 49 50 52 53 49 49 50 49 54 49 50 47 51 58 47 42 45 41 45 39 54 47 50 37 53 64 48 53 47 54 39 34 35 47 54 31 53 30 69 55 30 43 44 53 32 71 47 32 44 29 34 71 71 60 45 65 78 65 32 63 71 43 46 75 33 37 48 60 66 83 31 19 12 84 29 20 56 55 16 54 15 22 42 92 14 81 83 54 11 79 60 28 36 10 14 34 21
50 51 51 52 50 48 52 53 54 48 46 54 51 46 49 42 42 57 46 40 46 55 50 55 39 46 47 52 56 49 51 50 57 64 56 67 47 55 66 43 35 30 53 34 50 55 27 47 68 29 61 36 71 52 44 39 63 74 42 80 30 68 23 56 64 67 52 74 46 32 59 29 66 71 32 48 19 65 14 70 78 19 88 27 25 91 58 82 80 80 15 32 96 16 25 27 75 41 59 40
50 49 51 49 52 47 53 48 46 50 53 54 52 52 43 43 49 47 46 45 40 61 53 47 62 47 62 43 47 62 36 61 39 42 35 68 48 39 51 32 60 41 29 69 70 38 65 56 48 47 27 62 30 50 61 72 41 63 54 64 49 55 43 39 21 62 52 30 82 76 39 35 40 54 54 42 37 57 22 49 51 91 86 66 40 66 11 70 83 20 5 85 93 39 48 3 64 61 13 40
50 50 50 48 48 49 48 51 51 49 47 44 56 56 43 54 49 51 48 47 40 52 43 41 50 45 37 62 49 59 63 66 51 40 52 68 62 32 49 46 49 42 37 44 60 64 48 43 46 65 59 70 52 30 50 34 78 43 43 70 56 40 31 77 76 60 61 78 39 55 46 39 59 63 15 74 42 22 63 48 14 27 63 34 80 54 70 57 72 52 72 47 34 96 67 89 97 30 60 67
50 50 49 52 52 48 47 46 53 54 53 49 54 49 56 44 54 44 42 40 41 42 53 49 60 38 41 36 59 52 51 50 36 62 41 40 36 47 56 36 42 71 35 58 60 42 39 41 33 59 65 28 67 52 24 23 69 73 28 58 50 51 27 80 36 57 42 16 35 85 41 53 63 17 28 55 29 25 32 86 78 80 21 69 86 27 52 13 59 43 88 39 42 58 82 98 55 64 78 9
50 51 50 50 50 47 52 49 51 55 48 54 49 43 48 46 56 46 42 44 58 44 59 40 54 38 61 45 41 58 41 59 61 58 43 48 40 66 44 57 65 65 43 66 48 49 47 45 54 35 29 43 42 40 36 64 62 46 51 41 43 49 42 30 28 43 66 61 16 36 20 22 64 46 49 30 66 30 36 10 65 13 53 20 64 76 82 74 50 62 5 38 46 52 32 30 96 21 44 77
50 51 51 49 50 49 51 50 53 47 52 52 48 57 44 44 49 48 55 41 54 48 56 61 58 52 48 62 40 45 59 49 37 43 38 53 49 56 64 41 45 52 30 46 58 38 69 53 66 62 71 64 65 58 35 37 33 74 42 65 43 43 58 20 73 48 63 51 63 72 28 61 19 35 60 78 81 11 50 14 66 46 36 14 44 86 35 15 66 47 33 35 96 81 92 80 98 32 61 78
50 50 49 48 51 48 53 48 46 50 46 49 50 50 44 48 54 45 42 57 44 45 55 46 55 60 56 52 60 52 37 58 54 45 52 42 54 67 56 39 56 68 35 49 32 66 39 33 57 43 38 46 56 54 43 60 30 44 31 38 56 23 45 43 57 60 37 58 37 78 36 72 30 31 51 71 37 85 16 26 18 68 40 49 76 75 10 90 61 46 28 95 69 59 28 55 85 14 90 29
50 50 51 52 51 49 51 53 47 53 48 49 51 56 48 54 42 53 45 50 50 57 60 56 49 58 61 64 61 38 44 44 40 49 35 33 59 52 44 37 30 58 48 43 69 65 42 38 32 44 25 53 52 28 55 53 30 33 42 25 61 36 53 69 50 26 32 43 52 36 28 65 85 34 41 34 57 44 18 26 10 48 38 45 9 75 25 30 79 14 62 24 71 79 34 15 70 27 64 14
50 50 50 48 52 50 48 54 47 53 54 54 56 44 54 45 51 56 42 57 56 47 44 44 55 49 58 40 62 36 43 41 34 35 50 40 64 58 42 70 61 66 67 68 46 66 73 31 34 75 33 62 26 24 64 44 35 49 21 58 43 70 35 67 27 71 25 21 27 22 43 36 62 87 16 61 62 72 87 77 76 62 11 13 48 79 79 59 35 63 26 56 76 62 22 10 47 42 77 60
50 50 49 50 52 52 48 46 48 48 47 46 48 57 53 56 47 41 45 50 52 43 53 54 51 42 61 58 37 50 52 55 49 49 49 46 65 32 65 42 31 43 43 68 54 73 58 51 38 69 56 35 59 24 67 44 24 26 46 35 48 70 32 33 62 39 77 84 82 51 32 17 67 79 86 74 59 55 87 61 11 48 46 58 89 18 72 52 31 50 39 86 51 41 51 54 21 9 75 30
