50 49 50 48 50 48 49 54 47 52 52 53 50 49 50 57 45 49 53 54 44 46 54 62 50 57 46 59 46 55 62 36 55 36 38 51 39 60 49 65 45 58 33 59 49 46 68 64 42 63 57 56 54 62 33 50 40 64 42 77 80 54 57 24 78 21 39 74 70 62 82 82 82 82 19 41 87 49 27 50 76 88 49 89 89 47 48 77 57 52 73 59 34 21 54 88 88 18 13 99
50 50 50 50 52 52 52 52 46 53 54 45 56 51 56 50 42 45 50 56 48 54 53 48 38 59 52 58 48 62 55 50 65 57 38 34 49 56 62 66 67 56 46 70 44 50 54 29 51 64 42 72 49 50 25 66 35 65 58 36 31 20 72 24 59 33 41 20 68 52 15 24 35 45 15 71 26 49 46 10 73 68 35 26 83 33 11 56 35 9 55 53 59 74 90 30 42 1 34 65
50 51 50 48 52 51 52 46 53 55 54 49 47 48 49 42 47 44 42 43 41 45 51 56 55 62 61 57 37 51 64 65 65 37 53 33 33 36 43 45 49 51 52 34 44 49 46 53 29 32 65 52 30 40 45 77 78 55 64 21 49 59 74 18 74 19 64 17 47 69 30 77 27 73 70 56 14 88 46 66 38 32 91 26 91 79 56 92 72 24 16 86 88 41 36 83 29 90 19 52
50 49 50 52 52 53 48 49 53 52 52 45 44 54 44 43 45 56 42 40 46 47 50 41 56 63 62 36 54 59 63 34 55 49 64 35 63 32 32 69 40 62 60 33 41 27 45 45 72 41 47 67 40 63 66 33 25 36 70 76 40 28 70 74 52 69 73 50 21 33 79 51 31 79 51 77 76 19 30 87 40 67 59 9 67 14 23 66 7 9 67 4 68 28 29 14 83 9 18 18
50 51 50 52 52 51 50 46 52 47 45 56 49 51 55 47 52 52 44 49 51 43 49 60 62 41 56 58 53 59 55 49 42 46 50 40 62 50 49 62 69 41 66 52 56 33 65 49 54 51 68 32 75 76 76 22 46 39 77 56 25 27 58 81 75 35 40 29 18 71 38 43 19 85 39 63 56 63 59 28 47 35 73 57 16 39 32 25 58 44 93 20 40 76 70 92 35 81 81 53
50 49 49 48 49 48 52 51 50 54 49 52 45 56 53 57 56 50 42 53 48 54 56 39 42 59 53 64 51 41 36 37 54 51 42 45 47 34 59 46 63 41 57 68 52 66 42 49 64 56 30 51 62 57 37 25 49 78 70 38 22 47 25 71 26 82 29 61 18 67 46 62 44 70 71 64 25 55 66 29 64 84 42 87 22 22 49 12 88 89 79 77 55 82 46 13 20 37 44 7
50 50 51 50 52 47 53 48 48 50 49 51 47 50 57 46 43 54 45 55 49 46 56 49 53 59 50 46 49 40 50 43 34 33 34 36 62 38 62 38 46 34 30 67 48 39 40 59 34 47 41 35 36 33 42 36 25 48 78 68 62 60 40 81 43 17 37 65 66 79 60 21 66 64 38 19 52 80 22 89 36 85 54 45 75 26 75 12 13 12 47 57 10 8 16 57 43 14 38 65
50 51 50 50 48 49 49 49 49 47 50 53 50 45 56 49 57 55 43 55 60 52 53 51 61 59 61 59 58 39 43 34 37 40 59 55 60 62 33 31 58 47 48 44 43 40 56 66 39 63 56 45 66 57 40 24 67 51 38 61 55 31 78 34 82 51 39 74 27 21 77 85 42 38 15 43 63 50 81 32 19 79 23 17 68 29 82 74 60 40 24 11 94 36 48 87 9 48 60 57
50 51 50 52 48 49 48 47 48 50 51 44 56 43 47 56 57 49 42 50 58 56 43 52 62 37 49 58 55 55 48 60 39 64 60 59 50 46 33 32 64 30 46 48 68 37 28 27 44 30 44 29 41 23 76 74 46 48 40 71 76 49 47 64 31 35 42 80 65 73 33 45 44 62 76 70 73 28 28 87 88 13 53 56 22 90 26 80 10 5 57 58 60 10 35 64 18 39 86 36
50 51 49 51 50 49 52 52 51 49 47 51 51 49 49 42 46 44 55 46 53 44 54 50 50 54 48 55 47 35 64 60 62 44 61 33 54 65 57 44 32 70 30 35 43 36 64 46 28 40 63 26 56 53 66 64 44 35 75 54 39 48 67 19 38 40 28 78 19 40 48 26 56 25 41 19 57 43 13 35 56 78 86 27 57 7 77 73 41 18 20 82 69 85 43 86 4 30 5 7
50 50 51 50 50 50 48 47 53 51 52 53 44 50 57 56 58 41 44 47 44 41 50 60 53 40 40 55 63 50 58 65 62 49 41 39 62 49 61 67 45 56 53 55 62 73 40 33 37 50 57 62 45 39 26 39 35 26 61 43 63 53 49 50 41 35 25 43 81 30 52 41 25 24 82 74 19 70 66 51 78 41 45 64 31 49 90 85 50 27 26 78 61 76 56 92 18 29 20 34
50 50 49 51 49 52 50 49 52 45 52 52 48 53 49 49 58 51 58 43 48 48 60 60 52 45 55 52 39 61 54 65 51 65 53 56 32 63 54 69 68 70 38 52 72 48 49 64 27 58 39 26 44 31 31 34 52 49 49 78 66 81 69 63 71 77 43 33 63 74 61 49 85 36 48 51 41 73 74 40 22 83 58 14 17 54 17 91 66 80 5 23 10 17 90 26 94 35 50 96
50 51 50 52 50 52 52 54 53 46 54 44 47 57 54 44 47 57 52 41 42 44 53 44 62 37 62 59 61 43 51 58 38 65 48 67 57 43 44 67 56 54 47 31 65 30 68 28 43 75 26 50 54 29 51 65 70 77 45 49 26 33 56 20 81 81 30 50 31 69 43 40 41 38 42 36 23 66 55 68 32 84 27 71 29 49 31 76 39 76 6 9 70 86 80 95 18 16 47 50
50 51 50 50 50 50 49 46 50 45 51 56 54 53 49 57 53 49 55 55 51 60 55 57 58 45 53 40 50 53 39 50 51 34 41 44 38 64 51 40 51 65 61 69 65 41 44 38 72 52 38 72 32 47 65 57 41 37 60 33 76 31 48 56 68 46 71 19 65 33 50 55 73 55 41 55 21 57 78 72 20 35 78 12 84 63 42 16 39 91 81 7 86 66 82 70 83 50 61 22
50 49 50 49 50 52 49 49 49 53 45 48 47 56 51 43 51 43 42 50 42 57 55 58 45 41 55 60 42 57 48 44 42 39 52 43 43 38 44 56 64 44 51 37 50 56 69 70 35 70 72 27 65 53 26 36 23 22 25 78 79 62 55 80 80 57 23 59 42 57 80 27 25 22 27 54 13 69 80 13 13 52 60 49 19 88 14 30 50 45 93 43 15 62 44 40 56 80 61 16
50 51 50 51 51 49 50 51 46 47 47 56 45 54 52 49 55 42 46 46 47 39 43 44 54 51 53 37 59 61 47 45 59 40 67 47 35 43 44 37 40 42 59 64 54 62 37 32 38 70 62 48 75 43 47 63 37 63 72 70 35 58 57 25 49 80 64 47 83 78 60 69 51 40 44 82 86 67 29 87 46 64 89 43 69 30 26 22 51 14 13 82 87 16 83 60 62 17 30 9
50 50 50 48 51 50 49 52 52 45 49 45 47 46 43 46 49 53 54 52 48 49 41 58 42 57 42 46 49 47 62 54 35 56 57 49 40 36 42 37 44 57 41 69 56 64 31 56 37 35 71 25 49 23 61 33 29 64 37 78 64 56 75 18 52 55 49 17 56 37 29 58 23 21 82 41 45 14 87 24 44 59 41 66 52 7 17 92 9 47 89 92 76 47 11 16 54 84 17 25
50 49 50 50 49 52 49 49 48 49 47 49 52 57 52 43 56 55 54 60 43 45 41 48 56 63 59 50 46 47 61 53 56 58 50 43 57 48 32 45 33 55 53 72 30 48 51 72 54 68 26 58 59 38 45 72 32 30 28 40 80 48 20 32 52 41 39 67 56 38 78 47 35 29 30 86 68 75 12 79 63 39 78 24 59 26 54 55 80 45 84 12 77 16 97 83 69 29 32 44
50 51 49 48 48 52 53 54 49 48 50 55 44 43 53 47 42 53 46 52 52 41 51 45 54 50 61 63 44 47 41 39 43 35 46 36 34 64 48 32 47 67 60 61 65 38 38 41 54 38 44 73 25 51 35 68 65 66 47 71 26 49 26 36 82 53 62 84 54 24 53 56 52 81 82 82 61 89 61 71 23 39 16 91 52 71 29 34 92 51 95 16 6 55 16 63 47 94 54 67
50 51 49 51 50 47 53 48 48 54 53 53 50 45 48 44 53 44 56 56 51 53 42 49 60 62 62 41 59 52 41 49 57 53 57 34 61 58 57 46 41 66 30 52 30 67 42 50 51 74 57 71 50 45 32 54 45 56 64 60 58 79 76 29 47 64 42 24 81 27 58 22 36 13 75 48 74 44 63 71 25 49 39 31 34 7 82 36 39 83 79 18 66 29 48 12 62 83 81 16
50 50 49 48 51 51 49 50 48 47 50 51 55 43 53 50 57 49 54 57 50 43 55 59 45 44 63 43 53 40 56 51 63 46 37 55 32 55 56 66 63 63 54 55 63 48 58 53 45 27 62 65 55 76 27 63 60 62 60 32 26 58 20 81 41 26 46 33 46 31 41 26 79 16 71 82 14 38 44 12 84 28 57 35 33 67 13 68 74 45 67 13 37 16 22 42 16 12 69 96
50 51 50 52 48 52 48 53 48 48 50 49 45 53 50 58 57 49 58 58 55 57 50 53 50 40 39 51 62 47 63 35 47 41 51 39 55 66 61 65 55 48 71 39 47 27 50 73 67 58 58 67 60 62 61 38 73 66 45 43 77 68 46 75 70 68 72 30 33 47 18 16 69 55 53 70 48 35 28 23 70 85 27 9 61 81 91 77 81 84 41 40 25 84 97 15 13 65 90 53
50 49 51 51 48 49 52 46 51 55 46 44 44 48 47 57 56 58 51 60 46 44 43 44 38 50 63 43 49 38 47 41 41 67 45 45 48 55 63 36 62 54 31 62 34 57 57 69 35 64 53 44 37 59 70 23 43 33 69 54 63 42 52 25 59 54 52 81 76 42 20 29 61 55 40 48 61 70 42 61 28 76 47 77 30 82 69 65 26 5 95 51 12 75 10 73 30 5 91 48
50 50 51 49 51 53 47 54 47 55 47 50 50 56 52 50 56 50 42 59 41 40 39 42 40 57 37 39 49 44 40 56 46 61 54 60 36 36 63 37 42 69 69 35 56 67 59 62 51 26 68 54 29 65 57 50 69 30 28 69 23 53 50 23 28 29 28 26 61 35 65 32 23 59 51 23 23 74 57 72 62 64 37 75 22 74 15 11 23 75 63 43 94 40 57 17 75 56 62 29
50 51 50 50 52 50 47 49 47 52 47 44 49 52 44 54 56 43 55 42 51 48 43 41 54 44 50 53 36 39 39 64 52 51 52 42 47 58 34 31 50 30 64 60 62 57 30 64 57 37 61 39 61 23 46 38 42 33 30 58 22 47 43 57 56 44 58 46 70 70 51 61 71 83 45 85 22 60 37 85 61 68 90 41 88 21 71 59 55 47 74 79 20 87 74 56 96 62 64 92
50 50 50 51 51 47 52 52 51 48 48 48 51 43 55 58 58 54 50 58 45 60 55 57 57 50 61 45 36 49 50 45 45 45 67 34 62 31 52 41 49 53 30 31 34 58 52 29 70 65 68 45 76 40 61 35 40 29 48 46 21 44 72 78 51 64 21 28 78 17 21 47 19 46 33 74 72 12 30 54 35 82 87 15 84 8 73 32 10 20 13 93 86 89 90 85 2 29 42 1
50 49 50 48 50 47 49 51 53 51 47 56 54 54 48 56 52 42 59 49 40 53 49 46 49 52 45 52 57 59 35 43 60 58 55 46 42 41 59 54 44 46 47 60 59 47 44 53 58 73 69 54 72 71 44 73 41 75 30 43 56 19 44 38 49 38 21 22 22 19 37 25 40 38 21 26 37 13 75 60 67 26 11 49 73 12 84 54 25 73 22 47 91 51 25 77 50 2 90 63
50 51 50 50 49 53 47 54 46 46 48 44 56 50 47 46 47 51 49 45 47 44 50 44 53 59 37 40 45 50 55 52 60 55 67 60 56 38 40 69 39 51 33 45 38 37 42 63 48 37 68 39 44 35 71 40 60 66 34 46 57 21 47 54 39 63 23 74 84 53 39 79 37 38 44 82 41 40 29 89 82 29 50 77 12 47 93 30 21 88 66 89 53 19 86 40 65 79 66 99
50 51 50 50 50 49 48 47 51 50 55 45 52 53 47 57 51 54 41 40 59 43 47 55 57 44 48 57 52 50 55 45 45 55 57 48 33 57 58 61 54 33 60 50 56 51 68 56 49 72 37 57 44 24 63 37 68 68 44 36 26 77 45 32 38 51 28 38 63 80 49 19 22 53 49 47 79 86 21 63 62 44 30 46 10 75 85 42 13 52 37 34 34 51 87 69 93 15 97 88
50 49 51 48 51 47 49 50 54 48 46 45 56 44 57 47 48 59 56 57 58 39 51 62 49 42 52 42 45 48 43 53 40 63 53 32 56 69 55 34 67 63 52 41 62 41 52 57 45 65 67 76 35 44 64 51 26 29 64 70 27 60 49 62 53 41 71 65 76 84 75 81 52 52 53 32 16 70 43 20 45 13 65 18 46 24 46 44 80 11 19 71 19 7 89 67 73 21 70 87
50 51 50 52 51 48 53 50 49 54 52 51 53 54 52 50 53 45 51 48 44 49 59 49 57 43 63 48 42 56 58 61 49 52 49 39 35 34 35 30 70 32 71 63 47 44 66 73 61 50 33 28 57 47 32 64 62 42 66 68 52 44 35 44 46 61 66 30 78 46 57 63 78 64 36 58 46 89 57 86 89 35 13 28 38 49 19 65 63 50 18 94 57 87 19 82 48 45 74 2
50 50 49 49 51 49 47 49 52 48 52 48 46 54 56 44 43 45 41 48 52 40 39 40 43 54 50 41 48 39 62 56 48 66 38 55 66 58 42 35 49 35 36 71 43 49 72 47 49 66 40 63 29 23 28 27 47 30 35 31 70 47 62 64 54 77 49 21 45 57 21 56 21 41 67 88 66 29 52 90 70 37 31 11 54 48 63 6 57 52 83 36 42 30 24 2 15 9 39 49
50 50 50 51 49 53 49 47 54 45 49 53 52 56 56 51 52 49 54 47 46 53 45 44 45 57 61 52 61 47 60 52 34 40 47 58 50 52 49 49 61 50 48 61 36 32 29 73 45 53 62 72 69 31 67 46 47 39 56 80 35 61 46 62 42 51 21 84 62 66 18 22 17 82 47 64 35 33 56 81 41 21 73 82 74 84 78 29 84 12 57 4 83 28 41 60 7 35 83 44
50 49 51 49 50 47 51 48 50 54 46 48 51 49 50 53 46 59 45 51 46 58 40 49 45 62 62 56 48 43 55 47 40 33 60 49 56 67 49 44 69 58 51 39 71 57 46 26 58 68 38 44 63 59 31 41 57 79 63 21 70 27 39 18 50 32 69 79 23 85 25 62 73 55 43 70 27 42 51 31 14 43 88 49 38 27 65 29 51 18 75 35 17 39 50 27 39 42 71 15
50 51 49 51 50 51 49 49 51 48 45 46 44 50 43 51 48 56 49 60 54 42 53 58 62 38 54 44 47 43 59 62 63 46 58 57 47 68 38 59 45 65 50 30 57 28 68 60 31 54 37 45 35 28 71 52 35 77 24 78 58 54 33 73 60 58 24 56 42 40 16 24 53 67 21 56 31 58 56 15 27 67 64 78 74 87 46 40 34 40 40 25 45 36 5 91 14 76 81 22
50 51 51 52 52 51 51 48 50 54 46 56 53 52 52 56 47 50 47 52 51 43 59 57 60 42 46 39 39 39 37 53 40 44 42 66 61 48 41 52 46 68 51 69 57 37 52 59 53 53 56 55 44 24 62 58 26 42 59 37 74 47 26 64 22 25 72 48 73 22 75 70 28 85 24 29 23 14 13 41 72 73 47 62 22 84 32 15 64 10 23 37 26 82 22 30 66 35 21 56
50 51 51 51 48 50 47 50 53 46 53 51 44 45 53 52 48 52 47 42 44 59 39 50 52 42 63 61 56 60 46 45 42 39 66 50 32 37 64 62 48 47 58 61 63 67 52 59 74 28 58 50 38 31 77 41 35 56 66 51 32 74 47 18 46 57 31 65 44 23 79 52 66 20 41 63 25 40 83 24 23 10 17 26 71 51 30 39 21 42 28 49 13 52 78 94 55 6 94 71
50 49 51 51 49 50 51 49 47 45 50 53 44 52 56 47 48 49 45 56 47 39 41 46 55 53 48 51 51 46 37 37 62 42 52 43 64 61 63 47 34 69 65 31 35 59 40 56 48 71 60 51 30 48 69 49 41 66 35 49 35 61 67 18 63 57 17 51 59 51 28 65 66 50 20 33 24 28 29 51 49 76 41 74 71 54 27 44 75 79 48 59 38 35 9 32 19 44 10 28
50 51 50 52 51 47 49 54 46 48 50 53 48 57 55 48 48 57 51 49 42 49 57 52 38 57 48 63 48 52 40 40 55 62 61 67 64 61 64 43 41 29 45 60 31 33 41 49 43 61 30 33 46 70 25 66 72 61 62 73 21 50 74 31 76 42 57 45 19 40 64 22 35 45 42 27 36 17 74 88 39 84 26 75 88 59 60 36 94 29 11 15 54 52 41 19 23 40 75 26
50 49 51 52 49 49 52 52 47 50 46 47 51 44 50 58 58 47 59 51 40 59 42 47 50 46 55 48 64 65 62 66 46 34 45 51 47 68 54 59 32 46 46 53 39 27 46 39 29 31 56 24 53 47 53 71 53 40 71 21 47 36 69 58 79 75 52 24 20 39 73 20 16 15 81 14 88 83 76 34 70 44 37 49 15 24 42 16 80 72 34 79 76 91 29 69 6 69 44 80
50 50 51 52 48 47 52 49 46 47 49 45 44 50 49 55 49 53 42 45 57 61 41 43 46 57 42 39 36 60 65 62 58 65 46 57 59 62 53 46 39 53 48 46 47 64 58 60 34 75 35 72 74 66 61 68 66 27 30 46 68 44 41 35 42 57 25 25 66 69 15 77 55 82 26 79 61 69 77 18 85 26 33 42 25 13 39 85 77 78 85 41 58 41 81 17 35 7 7 58
50 49 49 50 52 51 51 46 52 51 47 47 44 50 51 54 42 56 59 49 50 45 58 52 39 38 45 39 43 39 54 44 45 44 34 61 51 62 31 35 54 30 34 42 44 44 69 68 62 54 27 36 55 47 31 24 23 44 26 66 46 19 78 81 60 22 43 42 35 44 64 72 80 62 57 82 58 46 46 67 41 80 50 85 86 61 90 38 9 55 67 85 4 40 94 65 48 63 44 83
50 49 51 51 52 49 47 54 49 46 48 48 56 52 45 53 56 57 57 48 45 39 42 44 40 49 43 57 62 45 57 43 39 47 61 53 66 43 51 49 59 57 61 45 41 61 58 39 38 30 64 71 46 60 58 24 51 78 45 72 58 55 21 18 70 17 46 40 29 33 58 66 24 49 72 51 66 81 23 11 46 52 50 28 81 40 61 75 67 93 15 85 24 84 64 33 73 70 9 92
50 50 51 49 50 51 52 46 52 46 50 50 46 56 47 42 51 46 58 51 59 57 59 56 53 44 46 51 47 46 51 61 50 61 36 56 54 58 61 63 42 62 60 50 48 73 71 27 58 72 34 62 62 57 61 58 64 53 56 55 70 31 65 72 57 41 36 67 82 19 47 82 66 65 63 75 23 12 30 18 33 30 16 76 15 18 25 81 89 5 78 15 52 26 46 13 3 30 14 77
50 49 49 51 49 52 52 50 46 45 54 47 52 45 53 55 44 45 55 53 49 57 58 57 50 46 38 49 41 36 51 59 47 51 54 53 64 68 60 56 63 71 66 56 44 40 45 73 36 68 39 51 64 29 76 68 57 78 54 75 39 64 22 30 24 79 43 60 17 68 29 24 29 36 57 70 77 62 86 52 28 13 13 9 60 89 44 71 58 27 47 78 6 67 17 75 86 41 30 60
50 49 49 50 50 47 48 47 48 54 55 52 53 51 44 54 51 53 59 44 41 40 59 42 56 61 47 53 41 46 52 47 50 65 66 55 36 49 43 65 34 42 30 60 49 46 39 31 53 71 35 24 66 41 24 44 64 40 59 79 41 41 75 56 38 23 55 29 74 76 43 24 85 74 81 75 32 59 31 47 34 90 10 36 28 48 30 33 63 28 28 41 62 16 71 26 69 19 62 41
50 49 50 48 49 52 52 50 52 55 55 49 55 45 49 42 44 47 44 51 45 47 41 47 50 44 37 53 56 38 42 63 47 49 46 49 46 63 54 70 37 47 62 49 41 33 64 74 62 66 31 29 71 42 73 57 38 64 22 72 63 57 29 31 18 39 20 73 84 57 79 56 48 75 13 53 83 67 23 76 29 64 65 60 73 92 83 14 22 28 55 19 57 30 62 80 25 94 76 52
50 51 49 49 48 49 48 46 49 52 49 54 47 57 44 58 49 53 50 46 47 43 46 53 38 45 50 53 57 51 65 60 53 65 60 46 33 68 53 66 53 60 50 34 54 45 34 42 56 61 25 37 38 41 72 61 77 37 52 43 63 64 58 42 51 57 23 61 46 20 36 86 54 36 32 31 55 32 13 42 77 42 32 13 77 12 77 59 75 25 65 25 14 48 42 39 42 75 17 56
50 50 51 48 48 52 52 50 52 55 52 53 45 45 49 49 42 42 44 53 40 51 55 39 61 40 48 55 45 63 47 36 46 44 57 55 41 60 52 50 63 62 54 29 59 42 40 72 56 37 54 48 27 77 60 56 69 48 78 47 31 27 50 43 66 74 51 49 31 79 68 50 48 60 48 60 56 41 61 31 74 56 56 17 13 36 86 11 26 67 25 91 68 91 69 63 73 30 61 34
50 49 50 50 50 49 53 47 46 55 52 46 53 51 57 42 48 53 47 40 42 53 53 46 60 40 58 60 49 58 42 48 61 55 65 55 39 51 40 60 56 62 42 50 34 63 42 32 45 72 60 75 43 46 27 34 61 33 61 62 79 75 20 46 65 74 67 17 30 40 70 73 45 22 34 22 76 44 33 43 89 12 74 18 65 15 52 51 29 58 38 41 64 74 37 40 47 42 43 27
50 51 49 51 51 50 49 49 51 50 47 56 51 46 51 51 56 46 54 44 44 48 58 38 53 57 58 46 56 41 49 53 53 63 53 58 51 34 56 30 58 31 45 67 38 54 30 36 39 47 64 35 51 30 73 67 65 78 49 77 33 63 21 42 70 52 52 66 73 82 40 17 37 32 79 51 50 45 78 34 14 71 40 65 79 91 26 76 39 55 30 28 32 24 8 23 53 7 4 35
50 51 51 50 51 50 51 52 54 47 50 48 50 57 56 55 44 47 41 55 48 42 46 59 53 43 40 49 43 62 51 58 55 60 64 66 61 31 69 41 36 33 43 33 38 36 39 73 73 53 47 59 49 28 43 57 76 42 69 50 42 39 41 38 40 74 72 23 37 38 55 27 84 37 67 32 73 59 66 49 90 50 36 80 19 38 46 42 77 38 31 7 73 9 29 39 11 40 84 50
50 49 51 50 52 49 47 49 53 48 55 53 46 43 44 43 57 53 56 54 40 48 61 45 52 50 63 47 52 57 45 59 50 61 33 32 36 64 60 65 49 46 58 43 33 45 50 54 53 56 34 51 70 72 55 44 37 51 47 63 77 24 64 46 78 56 25 55 36 35 42 26 19 17 15 54 42 18 70 51 78 50 50 9 91 36 10 78 84 30 57 32 32 69 83 21 56 52 26 76
50 50 49 51 52 47 47 46 54 49 55 52 45 46 49 47 51 51 46 45 49 48 61 53 39 63 42 37 61 56 58 60 38 64 37 32 67 32 45 31 38 41 54 30 63 38 69 62 36 33 74 31 51 72 48 37 25 47 22 49 41 36 68 74 41 30 35 19 37 82 65 14 27 44 48 23 81 67 64 81 35 80 27 15 17 28 9 50 76 26 6 25 12 61 16 92 22 91 84 79
50 50 49 52 49 51 52 46 46 47 48 54 46 54 45 45 44 58 59 46 45 50 61 54 51 60 52 50 53 49 46 58 64 41 36 49 33 36 36 65 59 42 63 42 68 73 34 34 46 51 51 43 59 45 29 46 50 36 58 42 73 54 22 75 74 49 79 46 27 54 28 50 86 64 86 74 68 78 36 85 68 29 32 52 15 53 25 34 33 58 29 51 47 81 52 64 53 94 36 88
50 49 51 49 48 49 50 47 47 52 54 46 47 46 57 57 47 51 59 50 47 48 59 56 44 49 57 61 48 65 53 52 48 36 35 59 61 62 47 38 36 43 32 51 54 58 69 72 30 42 42 63 40 33 51 38 61 35 22 66 52 31 34 82 70 22 70 25 19 33 56 80 74 63 18 78 59 78 46 61 87 90 66 9 56 11 45 90 75 83 41 94 71 69 76 5 84 25 94 86
50 51 50 51 50 49 49 53 54 51 53 49 44 53 47 44 50 58 47 56 55 40 59 53 62 57 59 40 46 38 46 51 53 52 52 33 47 39 42 66 33 40 39 33 67 28 68 45 66 51 25 25 64 48 46 61 46 77 39 60 74 77 69 32 20 39 28 24 69 78 15 48 81 63 80 31 22 19 36 70 10 48 58 69 11 91 49 75 9 38 64 67 94 50 16 72 59 88 91 83
50 50 50 51 51 53 47 48 52 46 51 55 48 52 57 43 43 42 51 42 53 49 54 55 42 53 39 53 36 44 46 47 35 33 67 58 54 62 34 57 67 39 33 56 52 33 68 44 42 68 70 75 29 45 34 71 56 64 60 67 33 32 53 47 53 47 67 58 74 56 63 48 73 64 44 87 72 58 38 69 72 35 51 10 43 9 68 73 94 6 42 67 21 26 50 84 91 15 7 56
50 50 51 48 49 47 49 54 48 46 51 48 55 48 47 54 58 41 41 40 57 55 61 40 60 39 57 56 36 56 58 62 47 55 39 59 52 44 53 54 64 61 71 58 63 45 30 45 52 68 26 62 49 44 27 44 69 55 41 26 42 50 20 63 29 52 39 56 27 82 29 84 59 52 30 62 44 88 71 56 43 68 85 12 19 43 42 42 56 20 36 13 11 5 15 36 75 35 33 42
50 50 50 48 48 52 49 46 48 48 52 50 45 44 50 50 44 55 56 50 43 59 56 38 56 47 59 63 42 62 63 40 45 48 39 58 46 59 65 59 49 61 57 51 72 45 58 34 64 34 72 48 54 31 25 69 32 79 41 42 38 38 58 42 46 17 77 34 25 15 37 60 68 86 66 52 67 32 73 29 15 52 61 45 56 53 12 22 26 92 55 85 35 38 9 92 61 87 41 51
50 50 50 51 51 49 48 48 50 54 45 48 44 47 50 58 46 56 55 60 49 48 50 44 56 47 41 47 37 58 59 65 66 57 66 47 59 64 67 53 36 57 48 64 28 39 56 47 73 32 30 42 36 48 56 35 39 41 29 32 72 20 55 48 39 66 70 53 30 36 48 18 25 24 44 77 74 20 48 32 64 54 74 79 35 16 93 23 11 33 80 55 86 70 6 61 28 99 71 36
50 49 51 52 51 50 47 50 54 53 45 45 51 57 45 51 50 46 41 52 48 60 51 43 44 57 38 63 57 39 55 53 44 64 64 35 45 53 64 56 64 57 40 48 49 29 54 55 45 26 67 26 71 36 57 42 58 44 51 68 20 52 45 60 81 44 61 40 74 72 80 64 25 82 40 16 59 69 28 38 82 44 42 13 39 27 50 85 8 30 21 86 56 44 33 47 24 37 6 85
50 51 51 50 49 53 47 47 49 52 53 53 48 50 45 55 50 57 56 52 41 45 53 49 39 41 60 51 39 37 56 52 52 64 45 39 68 58 34 61 64 34 58 29 58 33 32 63 59 50 58 60 37 28 29 74 61 47 65 20 66 69 76 72 59 47 76 56 30 23 40 51 39 42 44 46 58 74 54 59 29 57 68 55 8 14 89 43 58 56 56 84 40 9 95 96 9 41 25 28
50 49 49 50 52 51 50 48 51 52 49 47 49 57 47 44 47 43 45 49 57 57 55 38 43 58 63 48 39 49 42 60 50 54 56 56 58 35 68 32 58 40 34 45 36 27 61 47 55 58 50 38 25 54 52 46 71 56 23 55 70 35 52 47 73 69 59 62 18 31 70 82 36 63 33 63 36 88 62 77 41 86 11 50 45 48 63 87 78 87 65 5 53 38 54 41 72 43 27 87
50 50 51 51 51 47 52 52 54 50 46 46 44 45 54 45 58 44 54 43 43 42 39 58 44 55 44 50 42 56 51 41 39 59 46 45 58 31 59 57 63 56 46 37 70 36 63 61 67 29 51 70 63 39 72 73 52 40 63 35 28 73 55 35 47 47 45 39 41 75 22 77 75 57 80 60 70 16 81 39 11 23 10 92 44 45 25 60 30 53 86 90 56 71 75 71 10 31 1 8
50 50 50 51 52 52 47 49 53 46 55 56 50 55 55 45 53 46 41 49 50 47 43 59 58 59 50 54 61 48 56 49 53 54 45 40 34 60 58 44 39 64 47 70 60 34 27 56 41 38 54 70 43 32 45 30 55 23 55 29 73 55 66 36 64 48 34 76 48 33 35 57 66 60 63 78 59 63 51 42 86 55 31 64 11 82 62 70 27 20 74 48 67 5 76 87 9 32 30 32
50 51 51 48 51 48 48 51 52 55 47 56 52 55 44 51 57 42 54 60 55 50 49 47 46 51 58 45 37 53 44 57 60 64 45 68 67 53 55 50 39 65 47 30 36 30 45 73 68 43 41 28 60 76 56 48 47 52 65 62 39 49 31 73 53 62 71 40 66 42 62 86 15 34 60 30 62 88 72 34 55 47 66 73 62 51 21 52 90 38 19 38 86 84 83 89 21 37 47 83
50 50 50 49 50 47 47 48 54 49 45 51 49 44 48 42 48 53 54 56 56 55 52 38 53 58 55 41 42 38 61 57 63 39 61 41 59 54 38 50 57 55 62 68 67 72 34 47 48 63 29 28 61 66 33 25 36 42 60 28 52 71 52 64 27 41 71 18 43 31 57 77 59 47 19 76 42 19 19 19 80 77 10 67 55 80 49 75 86 35 16 56 73 40 19 50 46 48 46 20
50 51 49 52 52 47 51 54 52 49 53 52 44 44 48 52 47 46 42 57 43 61 49 54 38 48 59 43 63 62 42 57 64 43 41 57 62 51 32 67 63 52 53 34 40 64 66 40 50 32 51 49 27 46 50 43 66 45 50 29 56 27 57 24 47 21 49 60 46 85 40 14 70 24 49 88 70 33 86 55 67 58 89 73 30 87 21 86 39 88 12 10 58 59 37 93 73 19 45 0
50 50 50 49 50 53 50 50 52 55 48 46 51 56 49 44 55 44 47 60 58 59 57 51 53 47 63 51 46 59 53 35 63 47 63 58 63 53 57 49 35 59 68 69 36 41 59 72 58 74 71 45 26 51 77 54 50 50 27 65 71 26 66 25 26 83 76 82 60 48 30 15 18 30 21 76 75 85 74 60 47 56 32 91 78 91 90 69 14 77 19 64 37 22 42 61 78 37 25 59
50 50 50 52 52 50 48 50 52 51 55 52 47 48 45 48 49 52 45 56 45 44 50 57 38 51 51 38 43 52 54 46 52 36 67 41 36 37 49 61 69 53 49 52 35 39 37 39 34 75 59 70 42 45 55 35 22 78 24 24 45 42 27 46 62 42 47 49 33 72 40 25 45 71 52 13 53 16 24 73 26 22 43 53 19 59 39 68 85 13 39 78 92 56 85 69 70 93 18 49
50 51 51 48 52 50 48 53 52 51 52 56 53 47 50 45 44 56 52 43 51 45 58 44 54 59 53 39 46 36 53 38 57 52 47 63 55 57 56 30 56 39 58 46 49 45 44 53 43 32 66 56 57 50 34 44 77 67 74 65 49 63 52 70 31 35 67 81 44 17 46 38 46 26 26 51 38 41 67 26 28 59 86 40 11 66 80 28 40 69 31 46 82 41 28 65 18 89 4 90
50 50 51 51 52 48 50 53 49 50 47 53 44 45 56 55 50 45 52 50 41 49 52 43 59 59 53 55 37 48 52 46 41 41 34 66 65 60 36 38 34 36 51 51 59 49 53 63 74 53 38 37 73 62 38 44 26 25 61 80 76 48 32 20 26 17 70 75 37 72 40 45 77 68 14 63 19 20 83 15 85 15 30 68 66 59 90 85 30 47 71 78 16 54 28 28 8 58 84 97
50 49 51 48 52 50 48 53 49 53 53 54 52 49 48 55 50 44 55 58 45 42 57 48 62 42 53 58 39 64 56 53 42 59 39 33 58 46 39 70 45 59 67 33 52 32 39 42 31 71 67 45 32 72 34 39 52 60 42 59 48 44 50 38 26 74 22 75 75 73 19 21 49 57 66 45 43 65 30 17 65 25 76 85 49 74 61 86 52 38 24 37 18 21 76 55 23 83 15 96
50 50 50 49 50 49 53 47 46 46 49 46 49 52 51 57 57 52 56 56 58 59 41 40 54 41 38 51 54 36 49 39 37 46 48 39 41 58 53 49 64 66 59 62 35 48 46 36 39 72 35 29 34 63 69 46 69 69 70 66 52 32 39 80 60 34 24 74 54 83 21 26 74 43 86 83 30 76 71 71 15 33 64 25 92 91 59 15 64 79 30 47 28 3 70 85 51 6 5 59
50 49 49 49 48 47 47 53 54 45 49 54 51 55 52 50 47 44 57 44 40 61 49 62 41 59 50 54 44 64 65 40 51 49 35 39 53 33 53 36 46 57 33 69 51 64 45 67 40 56 68 56 67 46 70 51 33 67 26 21 33 57 23 60 33 22 49 69 57 66 67 19 21 24 48 32 68 83 26 74 87 84 82 16 82 50 43 87 8 5 74 65 63 37 18 43 84 82 28 80
50 51 51 49 48 50 50 54 48 51 52 51 51 57 52 43 44 53 45 53 51 56 59 55 47 56 47 60 43 60 39 55 59 46 50 33 35 36 37 48 52 43 44 71 64 31 46 43 71 65 68 69 26 28 72 29 32 27 70 79 51 53 81 80 20 25 24 34 82 40 74 58 59 30 38 73 53 29 50 88 10 35 66 73 38 38 23 66 23 14 10 93 24 6 31 95 93 9 29 11
50 50 51 52 49 47 52 46 46 55 50 49 45 44 47 45 56 41 51 55 53 54 46 40 48 62 56 37 38 65 62 56 62 65 44 32 66 44 33 63 48 67 51 63 40 51 59 45 59 65 63 31 32 31 27 46 53 38 27 52 60 38 25 55 18 61 63 83 49 32 54 19 81 17 39 66 21 70 46 75 56 61 20 77 14 38 47 82 33 85 50 62 71 34 9 52 5 60 27 2
50 50 49 48 52 52 50 48 49 55 54 55 51 46 54 47 58 41 54 52 50 52 56 44 50 47 53 50 46 44 37 36 50 65 38 57 48 46 47 40 35 38 58 55 50 32 53 42 43 30 48 40 64 36 25 77 72 63 67 39 44 51 39 45 66 32 34 22 21 64 80 72 41 79 60 38 70 65 15 39 33 57 80 81 28 54 38 45 54 16 90 32 40 94 9 93 36 41 91 22
50 51 49 52 52 52 51 47 51 52 47 53 53 51 52 51 50 52 50 50 42 45 43 42 50 46 48 40 38 51 47 66 50 56 44 67 62 52 63 41 54 68 37 41 72 54 63 51 58 26 30 71 36 59 54 62 68 64 46 54 47 67 57 29 67 42 63 64 40 30 20 77 73 84 38 42 76 62 72 73 38 56 43 24 33 41 75 12 68 58 12 8 9 36 34 40 47 4 1 66
50 51 49 50 49 53 50 50 53 47 51 47 48 49 57 50 46 48 50 60 51 61 41 39 40 43 39 50 39 55 50 50 40 61 63 58 32 68 66 54 64 44 40 61 46 33 43 71 54 62 43 24 55 66 76 76 54 47 66 42 71 67 33 35 69 23 66 40 51 16 39 17 61 53 61 32 33 26 79 82 55 27 21 29 33 72 34 28 17 68 61 16 16 60 80 33 36 17 5 63
50 50 51 51 50 52 53 48 50 48 45 45 56 48 50 54 45 46 44 46 48 59 52 40 47 57 46 54 41 46 46 60 38 63 49 33 39 65 42 38 30 69 54 59 36 29 38 65 26 56 72 57 63 28 39 42 59 61 65 44 42 39 26 18 38 74 30 72 59 50 18 62 82 28 52 15 63 34 24 32 37 53 19 46 56 76 20 72 64 11 16 86 92 13 28 86 11 21 9 78
50 51 50 51 51 51 47 46 48 49 47 52 47 44 57 46 45 47 54 58 55 47 42 49 46 54 38 37 58 48 56 45 41 65 34 60 33 46 65 56 43 42 34 33 72 30 48 40 71 38 71 65 64 38 42 30 39 46 61 22 68 54 48 63 58 60 47 43 37 82 80 31 23 14 52 63 54 44 89 33 19 64 11 78 13 63 52 82 66 85 36 79 35 28 68 26 21 34 85 78
50 51 51 51 50 49 53 52 51 46 45 49 48 45 50 49 58 45 51 56 40 50 56 54 55 55 53 47 36 57 40 57 51 67 46 66 45 53 33 45 44 55 29 53 32 72 46 34 67 31 46 62 28 61 42 32 56 70 59 24 27 49 59 19 71 39 56 77 48 79 21 17 37 44 72 21 65 82 12 47 54 62 77 81 85 76 13 54 8 58 74 86 43 85 41 69 58 6 33 83
50 49 49 50 52 47 53 50 51 48 47 48 54 45 43 47 51 44 50 47 46 58 42 38 49 40 49 42 47 59 53 43 50 37 43 40 67 62 55 60 36 62 49 44 31 56 55 36 62 37 67 30 69 40 53 51 57 31 65 76 65 34 62 21 37 27 81 19 70 47 17 71 84 18 73 67 78 22 40 68 87 35 10 34 90 40 51 46 89 60 64 33 86 23 30 80 89 24 27 43
50 50 50 50 49 51 53 53 54 47 48 56 48 49 51 49 52 51 42 56 58 41 39 59 39 53 42 64 57 65 58 51 42 42 36 57 44 39 40 57 55 29 43 43 72 42 62 45 35 47 30 45 75 56 69 61 35 60 25 42 62 53 71 18 53 44 52 16 31 18 65 81 76 57 49 71 37 51 43 27 34 17 37 60 31 51 93 56 76 42 18 25 67 33 6 21 53 22 37 20
50 51 50 48 49 50 51 50 47 52 53 46 44 53 53 51 45 41 44 43 45 53 46 40 52 53 63 45 39 63 42 34 44 47 61 62 56 61 45 70 35 54 59 46 47 43 55 57 26 31 73 32 64 46 43 56 49 66 55 69 39 62 40 53 20 19 24 31 76 55 55 41 67 54 87 57 87 35 19 20 65 44 64 91 63 59 91 55 42 71 38 7 42 95 3 34 61 49 97 24
50 49 49 51 52 52 53 53 47 53 47 56 45 54 55 44 53 48 51 56 58 54 52 51 55 48 46 60 64 62 47 64 64 42 64 55 48 53 41 54 52 39 64 29 49 67 69 31 68 27 73 54 46 44 58 45 58 31 30 40 74 51 55 25 37 34 29 25 50 61 29 16 15 38 60 80 33 40 83 69 78 69 26 61 18 17 85 22 41 35 93 77 12 53 78 76 62 3 94 92
50 50 49 51 52 53 47 47 54 54 51 53 45 47 57 55 44 41 51 46 60 54 48 54 55 50 39 43 59 58 42 40 51 35 54 53 36 42 59 55 67 34 71 63 72 66 45 46 60 72 43 54 73 61 76 22 78 59 35 40 52 69 66 82 21 36 25 40 46 30 46 30 22 66 82 55 50 28 43 80 31 80 40 50 83 35 17 25 83 71 63 78 44 14 36 21 74 18 29 23
50 50 51 51 48 47 52 51 46 55 55 53 45 53 45 51 49 45 58 55 46 49 41 48 57 62 43 45 47 62 41 36 50 57 42 46 61 61 35 43 32 59 47 32 31 44 54 35 39 68 74 58 60 30 60 22 28 79 64 52 20 49 60 80 29 45 64 36 44 78 15 53 66 68 47 30 55 50 11 76 51 63 67 27 56 70 91 17 21 65 25 26 89 36 10 54 67 60 15 96
50 49 51 48 49 47 53 48 47 55 48 56 46 47 45 43 51 47 54 56 58 44 59 45 58 55 56 41 47 36 54 35 41 60 56 66 46 35 48 66 43 46 37 64 61 60 64 34 72 25 56 60 59 48 38 59 70 22 66 77 24 39 80 49 29 64 68 47 25 31 32 68 78 70 60 36 19 38 73 81 28 75 69 87 83 14 27 40 43 30 49 29 22 58 30 92 56 39 1 64
50 51 49 52 51 47 47 50 53 45 54 54 54 45 49 46 48 44 42 57 55 47 47 50 41 44 53 40 53 54 65 57 36 60 61 48 40 59 67 30 34 48 31 58 53 27 42 54 40 72 36 50 53 33 38 34 60 70 61 24 26 29 56 40 33 57 81 38 61 74 62 32 40 39 63 35 26 20 20 12 17 25 34 9 53 74 77 53 86 63 68 63 5 8 82 2 35 89 85 13
50 49 51 48 52 51 53 54 52 47 50 52 45 45 48 53 43 44 50 57 45 54 49 54 49 39 58 64 60 56 61 50 48 40 67 48 49 58 63 32 53 39 41 72 48 45 36 32 35 68 33 46 49 33 55 71 69 71 22 37 42 35 57 49 69 27 33 69 65 20 60 41 85 14 73 42 22 46 81 11 63 71 86 72 13 38 68 11 41 93 19 96 68 67 46 74 66 95 46 42
50 49 49 52 52 49 47 52 54 54 51 52 47 44 48 47 43 43 49 44 46 59 50 54 57 45 62 39 48 44 65 58 55 39 41 52 34 65 57 32 65 68 60 33 40 54 27 71 55 35 47 69 47 54 60 33 33 30 27 60 78 72 49 79 82 25 52 37 35 60 69 14 47 84 21 54 34 88 73 14 24 9 37 31 86 31 91 91 73 66 66 13 45 83 9 58 97 16 75 90
50 50 51 50 50 51 50 48 54 47 49 54 53 53 52 51 50 51 49 50 56 48 55 44 61 37 57 49 40 38 51 64 48 46 61 35 68 67 52 43 56 40 65 38 43 51 71 35 57 57 42 72 55 45 70 65 58 68 71 68 69 66 57 81 59 51 37 53 21 70 73 41 80 44 21 61 57 11 29 65 23 74 10 89 10 87 46 7 73 44 13 19 42 89 47 55 50 24 38 52
50 51 49 48 51 53 53 53 50 45 49 52 45 45 48 47 45 44 41 47 42 49 60 57 46 59 37 46 56 42 46 48 47 37 65 40 37 59 69 33 54 30 33 51 63 59 30 58 43 58 58 55 41 61 45 47 61 36 77 54 24 48 58 18 74 64 82 19 63 83 65 30 54 86 83 60 21 63 86 83 12 10 29 52 30 12 71 23 15 12 5 11 96 75 74 53 25 38 54 44
50 50 50 49 48 47 49 51 53 46 50 44 55 50 49 49 58 43 54 54 60 50 47 44 44 38 53 47 51 64 36 61 57 35 41 62 62 44 53 40 43 31 65 66 51 52 66 70 38 54 58 69 42 66 74 28 43 73 78 63 37 30 51 27 72 50 80 61 57 81 36 22 22 81 86 86 13 27 38 27 19 79 44 39 38 13 83 66 46 26 49 84 79 55 12 60 91 98 24 15
50 50 49 52 52 53 47 52 49 52 55 54 44 54 46 47 45 47 44 52 49 61 49 39 49 45 37 47 42 60 44 65 57 49 54 53 50 33 64 38 68 64 68 54 60 69 46 36 34 34 62 34 24 46 32 42 30 49 62 53 47 69 27 81 80 49 68 30 27 31 70 26 33 20 56 84 69 64 29 64 19 72 52 34 83 19 60 54 52 59 30 24 22 26 72 85 86 63 37 5
50 49 50 52 50 48 52 47 51 53 53 47 56 56 50 49 42 41 59 51 45 56 48 48 62 46 47 61 45 57 55 47 66 39 57 68 66 41 40 60 32 36 48 64 30 41 68 42 30 40 56 30 33 47 70 24 45 27 53 36 50 19 66 81 34 32 66 77 30 29 29 18 27 52 26 31 62 22 33 20 15 29 70 83 29 79 85 67 37 58 63 83 23 23 90 82 48 44 54 37
50 49 51 48 52 53 52 49 51 48 49 55 50 46 55 57 50 56 47 50 51 46 40 58 57 61 61 43 55 61 59 51 37 62 45 50 40 51 35 69 53 29 38 49 51 70 57 35 46 33 74 67 71 74 56 63 75 50 49 62 27 56 63 27 64 33 65 55 26 26 62 78 85 59 75 75 43 13 18 43 39 21 19 8 70 19 89 21 21 59 35 46 38 16 43 68 33 34 38 41
