50 49 51 50 52 49 51 50 46 46 47 51 49 55 47 48 45 48 44 60 56 48 55 50 51 60 47 60 42 47 62 56 38 39 34 63 61 37 65 41 51 71 62 40 59 41 71 47 36 72 69 54 52 30 46 56 60 64 60 39 36 48 77 28 68 77 72 33 58 53 64 54 81 37 41 29 46 37 76 78 45 42 89 40 18 20 77 66 17 64 53 19 93 65 94 71 32 94 69 42
50 50 49 49 50 50 51 46 48 52 53 55 51 48 50 57 57 53 41 54 52 58 50 44 51 48 58 51 37 59 53 35 50 58 35 47 42 67 36 66 68 34 69 30 28 70 52 73 62 48 25 47 68 31 25 53 37 63 23 52 75 61 57 40 61 83 29 74 18 55 77 59 63 65 37 18 25 47 87 48 43 10 43 58 42 43 13 35 63 59 9 85 27 38 16 39 81 71 87 58
50 50 50 50 51 53 51 50 47 48 52 51 47 46 54 47 49 47 58 53 58 53 60 61 53 40 51 58 45 64 36 63 35 57 64 63 36 63 32 53 41 56 53 33 51 30 47 74 44 75 52 71 74 62 36 40 46 63 43 49 54 36 48 53 72 45 57 74 67 70 46 36 67 84 63 67 54 45 59 85 51 24 9 36 49 16 76 26 52 60 12 56 53 3 42 75 53 86 99 71
50 49 50 52 50 50 49 49 48 52 45 49 54 53 50 51 53 54 45 45 46 55 53 44 39 56 52 40 48 46 63 59 62 33 60 65 44 67 47 37 47 45 64 52 56 50 53 39 41 27 32 66 34 44 52 40 23 50 66 51 60 58 63 80 50 20 19 46 80 56 37 57 54 81 18 44 25 63 20 41 86 12 15 68 17 72 65 64 94 58 67 92 56 10 34 26 59 63 40 10
50 51 50 52 50 47 47 48 52 45 53 49 49 54 54 42 54 41 45 47 59 61 41 52 40 43 59 64 40 47 48 39 57 48 41 36 51 62 34 40 44 70 48 53 61 64 53 65 47 62 33 69 31 33 36 27 35 42 41 66 37 27 65 75 52 29 61 51 48 55 22 70 58 86 17 65 28 82 63 26 54 11 50 57 19 56 37 19 34 86 49 95 76 82 7 83 52 25 13 96
50 51 49 50 49 53 52 50 47 52 45 53 51 47 56 47 45 53 58 44 60 50 58 40 55 63 44 53 60 39 40 39 57 43 52 48 47 64 38 41 62 56 58 72 37 44 32 40 33 72 60 53 75 72 30 30 38 64 70 67 23 58 64 22 30 55 65 17 67 15 32 45 46 68 64 52 77 65 47 80 19 74 90 18 11 79 77 72 90 93 51 45 68 41 14 58 28 49 86 2
50 50 49 50 50 49 49 53 52 47 47 48 45 47 49 58 52 41 54 54 48 52 52 52 45 58 45 58 50 49 39 35 44 50 47 47 56 41 39 34 38 65 60 71 31 69 63 33 65 37 58 60 64 52 31 61 52 50 31 65 71 51 33 42 57 57 36 68 66 77 65 83 46 35 43 21 54 11 51 75 41 11 46 90 79 21 92 75 79 61 82 67 30 95 21 55 87 88 67 55
50 49 50 48 51 51 52 54 47 46 49 44 52 51 57 50 54 53 48 43 57 53 58 51 43 55 45 53 49 36 53 47 44 36 47 63 53 62 32 40 37 66 39 30 69 67 65 73 48 29 36 39 48 65 64 32 56 58 42 48 57 23 70 49 53 61 58 23 46 54 79 65 75 46 45 28 50 61 75 28 60 91 44 61 20 44 55 32 52 42 56 60 17 7 74 82 7 86 29 64
50 51 49 48 49 52 52 54 53 53 55 49 53 48 51 46 49 44 52 46 60 56 41 50 52 49 57 50 61 59 44 44 44 33 36 64 38 48 40 48 49 71 30 71 37 71 46 42 58 60 69 29 56 73 53 42 61 23 77 34 64 24 48 65 43 82 62 69 55 61 36 52 59 42 77 21 24 67 23 58 31 13 17 14 52 62 53 72 47 84 30 20 33 5 25 23 22 53 15 49
50 49 49 51 51 53 51 48 54 49 51 50 52 47 53 44 45 49 52 59 43 57 47 49 47 47 50 52 40 53 55 50 57 47 33 65 46 46 40 49 51 68 39 28 62 41 52 46 73 48 69 52 72 60 33 35 72 68 38 22 63 21 30 36 31 32 67 27 76 59 18 80 68 34 45 75 45 85 42 56 57 21 89 67 35 80 28 52 66 90 88 81 11 26 87 62 27 14 20 32
50 49 50 51 48 48 51 46 52 53 50 55 52 46 55 57 46 42 50 46 40 41 41 48 57 52 59 51 63 35 54 42 60 46 65 36 46 35 51 48 67 44 46 42 53 58 73 67 28 26 73 39 26 37 60 57 75 76 27 72 33 70 29 39 35 78 77 63 70 52 26 26 40 70 58 14 65 59 12 41 29 51 56 44 83 82 30 65 77 52 85 18 21 36 91 98 7 3 5 59
50 50 49 52 48 48 48 53 48 45 46 45 45 52 49 44 46 49 55 49 57 51 56 42 61 58 44 45 52 44 43 40 44 54 50 66 58 39 38 53 66 50 33 50 34 41 40 59 28 34 34 71 74 52 48 56 33 28 30 47 67 68 30 75 33 51 22 34 43 84 25 33 28 56 16 48 61 24 46 45 26 31 65 24 48 20 17 51 6 9 65 67 69 44 12 74 55 67 93 33
50 50 51 51 49 47 49 50 48 52 49 44 50 49 46 52 48 45 57 53 49 44 40 45 47 48 39 42 47 48 65 61 50 41 66 58 53 59 47 38 52 47 53 36 51 73 72 42 73 45 57 50 67 26 25 71 34 31 78 66 38 23 50 44 64 41 63 77 76 58 53 49 62 48 31 32 19 19 51 38 87 9 10 75 19 32 16 84 93 48 95 75 37 6 45 81 69 82 34 8
50 49 50 48 48 51 51 52 48 47 55 54 47 54 48 42 43 49 58 45 44 46 57 53 60 56 53 49 38 48 36 60 52 42 42 60 37 31 31 62 32 65 36 67 71 56 30 34 62 39 30 68 75 31 62 29 37 64 74 22 61 43 68 33 32 59 50 34 64 31 49 25 64 15 31 81 24 33 29 38 61 76 51 43 64 58 72 81 10 19 52 59 62 52 37 92 65 27 99 19
50 51 49 52 48 49 47 49 47 55 45 44 52 52 56 44 51 53 54 48 46 52 57 52 38 61 59 44 46 52 42 55 64 47 57 57 46 46 47 54 50 64 55 51 60 62 39 30 73 41 60 75 60 65 33 32 56 23 40 22 58 57 79 78 28 66 71 25 24 78 40 34 19 83 19 68 69 86 33 18 32 52 66 48 31 89 57 43 21 45 35 64 22 66 62 56 76 58 50 49
50 49 50 50 50 47 49 52 53 53 45 46 49 49 44 46 46 44 43 48 49 54 54 58 51 61 57 47 51 55 60 43 42 34 66 50 57 39 67 39 54 46 32 71 34 31 61 29 59 46 47 68 63 52 38 63 23 67 66 61 55 44 51 73 60 52 53 45 23 21 83 36 38 77 54 24 31 26 40 72 77 13 45 30 12 37 44 66 6 40 8 87 5 55 41 14 38 29 83 94
50 50 49 48 49 52 47 50 53 52 48 51 56 45 46 50 58 50 48 57 60 41 48 42 39 44 57 47 40 36 42 47 45 43 65 56 58 46 65 36 65 35 38 56 32 34 28 26 30 36 56 39 38 57 61 55 72 49 79 80 48 46 46 23 36 77 62 37 60 69 22 22 18 72 13 76 73 89 77 56 11 82 80 45 84 58 42 91 93 30 64 30 93 81 54 77 50 25 86 26
50 50 50 52 49 52 51 48 47 51 51 52 54 46 46 52 43 49 46 44 41 52 57 59 43 37 53 38 49 35 38 49 49 40 39 61 41 42 33 40 63 37 69 56 52 64 31 42 32 64 62 55 73 57 46 50 41 47 59 67 46 48 75 73 25 62 60 24 76 52 34 66 74 63 79 39 54 23 12 43 30 35 69 30 90 66 33 45 41 68 65 67 10 23 68 57 67 79 27 96
50 51 49 50 50 48 51 49 47 51 50 46 55 47 51 48 43 48 50 53 46 39 48 45 52 37 61 49 43 45 35 59 55 47 45 52 52 58 54 36 56 60 40 49 52 73 49 69 57 27 41 62 48 77 44 27 68 71 57 53 52 76 80 23 62 54 59 18 46 54 16 53 67 25 79 17 48 24 64 82 46 15 68 86 27 17 14 45 54 22 46 10 16 93 19 82 8 7 12 34
50 50 51 49 52 51 52 50 49 54 48 52 53 53 53 58 58 45 44 54 51 52 55 51 50 43 45 64 59 44 50 43 62 61 46 55 68 54 40 58 49 49 44 35 54 59 53 59 60 38 31 70 67 54 77 71 73 54 42 50 53 26 40 21 46 57 33 23 66 61 40 80 47 85 21 55 14 45 35 19 71 60 9 22 77 50 7 58 17 76 22 55 31 34 82 46 58 40 94 6
50 49 50 51 50 53 48 53 49 55 50 50 54 51 49 55 57 53 53 48 56 51 53 48 58 54 58 49 52 47 44 60 34 62 62 33 44 53 50 57 53 69 37 36 31 63 30 45 52 63 51 25 32 75 44 36 57 57 29 67 50 35 80 46 38 29 71 73 28 27 40 61 27 53 30 69 12 47 38 22 64 84 55 86 40 67 79 72 43 7 53 67 9 66 62 14 78 54 67 51
50 49 50 49 49 48 53 48 48 50 45 49 48 53 53 53 45 48 57 57 58 49 47 52 39 51 61 50 44 50 53 60 56 40 62 51 52 41 33 59 56 44 47 56 46 73 52 73 49 45 29 57 43 39 64 31 40 47 43 30 21 58 43 23 53 55 61 41 79 29 34 44 35 51 51 33 84 85 81 53 63 37 17 89 56 9 36 66 53 38 6 68 21 27 86 15 94 37 54 36
50 50 51 50 49 49 51 50 52 51 47 46 44 46 52 48 52 45 41 55 58 61 50 48 62 44 52 64 36 64 41 62 59 35 58 50 36 44 52 69 56 63 47 30 36 40 47 74 28 29 59 44 75 48 70 46 78 71 43 66 77 22 43 71 21 26 80 62 49 32 44 59 62 17 73 84 46 87 80 61 81 78 20 15 11 71 47 51 26 33 7 64 67 24 81 26 73 80 97 94
50 51 51 50 50 53 53 48 53 50 48 44 49 46 47 58 44 47 52 50 51 51 47 44 48 44 60 38 60 56 62 40 37 39 64 45 38 43 45 67 36 41 37 50 43 33 32 59 54 59 40 38 76 40 59 22 66 37 50 55 57 42 46 58 53 17 51 27 41 82 45 14 57 43 46 47 87 49 22 30 17 61 86 49 87 50 7 82 78 58 57 6 40 57 79 52 16 40 16 1
50 51 51 50 50 50 51 48 46 45 48 44 55 56 45 54 50 47 42 40 53 44 55 47 58 60 38 60 36 35 49 65 53 40 37 32 44 32 39 42 51 46 42 42 67 30 63 28 44 25 64 75 52 42 46 23 75 42 55 26 38 40 34 22 52 25 61 63 55 59 42 72 60 15 22 67 45 76 66 66 74 72 82 25 28 20 81 84 16 93 32 35 72 13 44 32 68 57 77 73
50 51 51 52 49 52 47 49 51 52 47 48 49 51 57 49 47 57 46 46 43 60 47 43 62 39 53 50 41 54 36 41 47 59 60 33 67 66 55 49 53 60 58 39 54 44 58 47 31 38 70 40 46 46 52 52 74 47 53 31 27 54 26 27 23 65 44 49 65 39 22 69 81 51 21 67 41 85 80 26 42 47 80 42 83 80 8 31 24 87 47 94 38 39 81 15 26 66 80 66
50 51 49 51 48 51 52 47 52 50 53 54 46 53 47 57 50 47 44 54 56 56 39 43 50 56 60 44 52 57 59 35 35 51 36 39 66 48 61 33 30 36 41 57 53 53 69 50 50 30 34 69 49 39 70 28 55 54 52 31 64 66 24 57 35 73 35 63 72 38 84 43 72 43 32 19 14 83 12 34 45 38 42 35 88 48 23 41 65 66 41 70 28 54 29 23 73 96 29 71
50 51 51 52 50 53 53 51 54 54 54 44 51 44 46 43 45 59 58 45 59 56 39 43 58 39 39 40 64 35 41 65 52 65 55 67 32 51 37 31 33 61 51 60 57 59 38 45 38 47 68 34 24 67 76 54 57 50 40 65 80 48 81 58 22 65 75 16 73 57 78 33 64 27 37 40 44 31 63 23 61 63 39 82 69 7 22 53 84 70 45 67 16 53 77 74 84 70 63 68
50 50 51 52 48 52 52 49 50 46 47 48 47 50 53 44 58 44 43 48 41 57 55 54 41 40 50 41 36 42 41 46 59 58 67 66 63 33 37 45 36 35 55 46 47 47 52 58 40 75 51 56 32 59 41 64 49 43 67 24 26 70 56 24 42 59 58 60 51 74 21 77 49 46 63 27 74 19 14 38 34 18 25 66 28 92 84 33 30 20 33 12 23 85 76 83 36 96 10 0
50 49 51 51 50 49 52 51 49 53 52 48 56 47 49 43 48 50 47 42 41 41 44 55 44 39 44 36 42 62 63 62 65 58 54 60 53 59 48 47 54 37 64 33 28 44 29 55 35 72 66 47 30 74 61 23 23 28 67 70 40 55 24 22 26 81 19 75 45 40 76 64 47 62 15 63 54 76 60 67 58 14 12 80 59 45 66 57 73 71 7 26 44 79 20 26 18 74 91 16
50 51 49 48 50 47 47 47 48 45 47 55 55 44 51 55 53 57 49 56 51 41 51 42 54 51 47 40 43 38 50 39 36 66 60 46 37 36 32 50 38 62 44 37 53 33 71 64 38 45 59 49 73 77 72 30 41 32 50 72 62 44 70 65 72 55 44 65 38 54 69 69 76 81 56 21 41 79 60 44 14 55 39 29 37 19 90 50 9 65 48 40 39 14 68 57 16 18 58 69
50 50 50 51 51 50 48 46 53 46 48 51 45 47 49 47 50 52 59 40 40 39 54 50 51 53 54 62 64 39 44 35 54 64 60 34 43 37 39 59 42 56 68 54 43 40 29 58 51 69 68 40 57 74 31 44 75 60 45 40 72 78 40 31 24 80 38 69 69 21 51 19 67 85 85 24 58 35 53 74 76 24 37 45 65 33 26 69 52 8 14 21 89 84 49 61 34 66 73 14
50 49 51 48 50 49 50 49 54 47 49 56 54 44 56 45 50 53 45 52 58 59 40 62 61 49 37 40 62 58 47 66 50 41 51 57 43 42 49 60 49 63 67 41 65 67 48 26 74 44 45 45 57 52 53 44 63 36 58 45 53 75 29 42 78 48 65 72 29 78 41 38 26 61 80 68 79 22 37 70 24 15 16 54 81 84 92 54 91 79 33 81 15 68 83 82 11 3 76 49
50 49 50 50 48 49 50 49 53 52 50 50 56 48 49 54 47 59 52 53 54 48 50 60 57 61 47 59 38 60 36 47 52 52 65 33 50 41 63 64 55 34 62 72 55 32 49 72 59 55 36 65 48 34 54 25 28 36 41 24 72 56 42 81 68 63 77 65 43 31 61 71 32 61 36 52 72 54 75 21 31 60 49 36 56 12 55 74 91 84 88 90 90 81 66 30 93 52 42 93
50 51 49 49 52 49 49 49 53 50 45 47 54 46 45 57 44 41 49 60 59 47 49 42 55 38 60 59 37 56 40 55 59 42 62 32 68 62 39 50 64 67 44 48 41 63 59 53 61 51 46 57 46 51 34 61 55 38 62 72 23 58 76 48 47 66 47 47 83 66 68 73 17 57 18 23 76 63 73 46 85 83 54 45 76 47 55 35 55 42 63 87 8 52 44 13 56 73 59 22
50 50 51 52 49 53 48 50 51 54 54 55 44 51 49 43 58 54 52 41 53 57 52 58 61 48 60 45 46 63 37 55 53 50 64 57 55 41 47 70 53 54 29 62 44 55 30 62 31 37 41 45 48 31 56 37 52 60 56 60 71 65 47 51 30 26 24 43 65 24 52 39 60 37 63 84 55 65 61 39 53 24 87 71 76 40 9 89 31 36 20 70 12 20 33 58 2 48 75 53
50 50 49 51 51 52 49 51 51 49 49 46 45 53 48 42 47 41 43 43 56 47 51 43 43 55 38 46 49 41 37 57 44 36 41 60 53 58 34 64 54 61 39 61 38 54 39 66 61 53 38 73 70 51 51 64 34 38 53 28 35 44 75 23 27 60 79 39 79 50 73 18 24 60 43 37 70 64 22 40 56 34 71 75 34 12 74 59 40 36 24 27 33 32 31 21 84 58 38 32
50 51 51 48 48 52 51 47 54 49 50 48 46 57 50 49 42 59 57 50 57 51 57 57 55 56 54 43 37 40 37 39 45 59 54 51 41 55 34 60 57 32 67 30 30 61 51 26 51 61 56 39 34 75 76 65 78 54 78 33 71 63 71 42 31 42 66 78 67 32 82 27 38 80 57 24 38 67 57 25 81 83 58 22 56 86 59 78 91 15 91 31 60 4 13 85 39 46 59 99
50 49 49 48 50 53 47 54 51 46 47 44 54 45 47 42 44 52 49 57 59 58 50 61 54 46 40 61 51 61 42 47 45 53 44 46 59 48 55 33 52 51 69 41 45 54 41 72 55 48 61 31 48 77 37 29 24 67 25 42 41 35 56 27 31 52 28 56 32 62 21 34 45 79 37 66 33 49 58 80 44 53 49 77 92 58 27 86 75 31 63 37 39 57 32 39 36 1 33 82
50 51 49 48 48 48 47 52 47 53 50 55 50 44 52 54 53 45 59 59 58 58 55 53 45 55 63 43 52 58 65 53 35 55 34 47 46 53 37 57 44 44 52 71 54 55 36 58 35 32 54 52 42 53 59 37 58 74 34 46 64 32 32 45 50 22 42 75 64 59 77 21 70 84 22 45 44 75 12 71 63 66 10 69 65 26 7 22 41 49 38 63 9 22 6 4 3 21 19 40
50 50 50 51 49 51 48 53 52 55 50 55 52 47 49 44 57 58 46 54 58 47 47 62 41 42 43 47 57 50 43 60 42 38 53 33 68 31 62 54 59 51 41 44 47 32 66 47 29 68 41 73 58 73 39 31 36 70 59 26 77 35 52 77 61 79 19 47 35 24 28 17 19 20 44 20 52 81 14 42 26 36 10 12 9 64 8 74 35 85 46 40 32 66 69 68 88 29 52 85
50 50 50 51 51 52 50 51 46 49 45 49 54 48 50 58 57 58 45 50 41 48 54 46 59 37 53 38 52 50 65 55 46 64 34 52 65 64 31 50 43 43 31 40 70 60 49 62 33 62 26 47 73 59 47 25 73 48 70 39 42 80 26 71 71 27 38 43 18 67 54 61 39 76 27 57 62 74 54 54 45 91 40 39 28 18 63 32 34 29 65 44 54 47 91 24 48 41 73 5
50 51 50 52 52 49 47 48 50 55 45 44 45 49 49 53 49 52 50 45 47 41 41 47 61 39 46 36 43 43 49 56 39 34 47 41 41 48 43 57 57 50 32 48 52 49 67 29 51 46 55 32 67 75 60 74 52 30 54 23 53 73 63 54 40 47 83 75 36 60 24 45 74 76 14 66 52 70 11 61 72 37 54 60 42 13 8 36 89 7 78 92 88 57 64 20 14 34 10 21
50 49 51 48 49 52 52 53 51 50 47 45 48 46 45 42 53 46 48 51 52 40 60 40 60 38 50 57 41 57 42 39 39 54 55 32 34 32 65 63 64 38 70 70 32 70 66 62 72 47 26 37 69 54 60 78 62 79 26 67 57 48 37 29 68 31 69 49 63 33 36 63 56 71 26 57 80 80 19 80 23 82 18 32 30 37 62 76 24 71 17 39 33 7 69 77 95 42 76 4
50 50 49 52 52 51 52 51 49 51 53 54 54 54 50 42 45 53 48 59 40 44 41 59 56 59 45 55 57 65 43 64 38 33 39 41 57 50 54 66 68 54 33 63 55 59 59 57 31 50 49 75 30 65 50 67 46 65 30 29 36 27 74 68 22 41 81 67 55 74 47 16 67 20 30 57 78 83 16 29 54 89 59 58 68 49 17 16 36 47 24 32 26 17 88 20 12 42 19 36
50 49 50 48 52 47 49 46 49 45 53 55 55 47 56 44 44 53 56 40 46 56 45 56 50 53 49 43 48 49 59 51 62 59 53 32 55 34 53 31 55 50 61 49 64 35 28 64 63 25 29 75 39 74 33 47 27 47 36 52 75 36 54 48 60 33 37 73 50 48 77 57 84 85 27 53 25 61 82 74 54 31 72 40 68 75 46 33 83 15 16 78 79 79 89 10 8 31 18 12
50 49 49 49 49 51 51 47 54 49 52 46 48 46 51 57 52 54 59 47 56 49 39 40 38 51 40 63 43 39 52 45 59 62 44 53 50 69 43 33 58 34 60 51 35 45 37 66 47 48 67 67 39 29 47 56 78 54 56 67 45 75 24 58 20 61 31 31 29 81 18 82 42 27 71 88 41 63 40 51 29 85 11 11 54 40 33 46 67 7 66 19 73 33 83 93 50 93 81 64
50 50 50 48 52 52 48 52 51 46 50 47 55 55 52 45 48 51 53 53 41 52 53 45 56 37 59 64 37 35 65 62 50 63 43 51 50 55 36 33 68 34 36 64 61 33 38 27 37 63 39 57 63 46 58 43 32 32 78 33 79 42 44 57 37 78 37 19 17 83 60 26 34 52 59 68 79 40 68 67 73 13 77 66 27 23 35 49 24 57 81 25 10 45 7 52 61 74 59 27
50 51 50 48 49 53 50 47 53 53 51 55 52 57 57 51 49 58 46 40 47 48 49 56 54 40 39 57 39 59 55 34 34 46 38 37 58 39 54 32 44 52 51 38 34 57 60 34 62 67 34 65 35 28 66 43 22 30 61 21 23 56 53 34 23 33 21 20 24 68 37 73 44 16 67 76 71 43 68 62 48 26 47 21 83 57 56 16 85 88 77 76 60 48 66 84 96 54 42 77
50 50 49 51 48 50 51 47 47 48 47 55 56 56 53 52 47 44 57 47 45 45 56 54 41 38 53 63 63 44 47 51 62 46 42 32 61 34 41 62 63 43 51 67 48 71 45 50 28 61 75 47 46 35 39 66 26 59 73 75 68 31 47 27 36 34 62 33 59 53 40 63 72 73 48 13 66 68 64 22 32 76 81 38 62 51 15 50 84 22 10 49 33 78 15 7 12 73 75 98
50 49 50 51 50 53 52 46 54 51 48 47 49 49 50 55 52 43 45 53 57 46 60 55 39 61 57 61 61 53 43 58 53 45 48 46 61 37 35 49 34 37 32 46 48 56 71 65 70 58 58 62 48 37 65 27 66 40 48 78 76 54 49 18 73 29 27 76 84 19 45 65 37 32 56 35 73 46 58 17 27 22 78 39 42 85 68 64 16 49 5 37 18 65 10 70 75 74 45 86
50 50 49 49 48 49 51 47 48 55 50 50 54 50 55 46 45 46 52 56 43 47 55 44 47 54 58 48 52 62 65 64 46 40 46 36 68 42 54 35 33 49 45 40 33 53 33 41 64 59 27 33 58 33 43 47 31 44 59 35 74 54 79 78 24 29 45 48 67 64 62 29 71 82 59 23 58 19 27 89 87 89 79 21 35 83 73 53 75 39 7 72 11 23 61 97 48 17 40 8
50 49 50 48 49 49 48 46 54 45 49 48 49 54 49 55 55 49 58 45 43 49 54 53 58 60 59 38 42 53 55 38 44 44 45 57 38 63 34 60 62 66 62 67 63 32 42 57 55 68 53 28 63 48 44 64 72 29 67 21 72 19 48 33 20 58 21 48 63 41 58 83 63 62 18 54 84 70 88 44 64 26 17 88 55 47 59 8 56 25 54 73 23 45 47 15 94 93 31 67
50 50 50 50 50 53 52 53 54 49 48 48 47 51 46 51 43 55 56 45 48 53 54 54 59 48 60 52 49 60 52 54 34 36 61 60 33 51 56 49 38 50 59 51 37 56 54 46 30 40 38 56 47 73 57 64 42 37 79 80 57 62 50 58 37 70 66 22 20 48 39 26 37 50 59 30 49 21 37 57 49 22 91 76 25 51 18 57 52 68 30 93 71 87 74 4 62 41 61 94
50 51 51 48 50 52 47 52 53 51 54 46 54 52 56 43 45 54 46 59 47 54 41 54 55 40 62 46 51 52 55 55 41 41 37 59 53 39 49 30 51 30 38 68 50 43 43 63 44 34 53 63 38 72 75 50 24 72 64 22 78 53 35 38 25 55 63 42 56 38 71 58 61 35 28 65 56 83 27 37 43 86 9 21 11 72 71 38 25 89 72 4 82 8 76 12 54 58 57 53
50 49 50 48 48 52 47 48 54 47 55 46 53 49 52 47 53 56 55 57 51 48 40 56 62 57 62 48 62 51 53 56 37 41 57 43 55 43 39 48 40 46 57 31 55 30 48 30 50 53 46 53 58 47 44 30 67 32 48 52 74 80 38 59 68 54 57 58 27 43 74 22 51 76 68 68 60 89 64 42 39 91 31 61 36 79 79 67 26 6 28 17 25 46 76 16 70 76 47 61
50 51 49 51 52 49 49 51 54 53 54 51 44 44 47 53 44 46 57 54 48 47 46 57 45 52 53 41 62 36 60 34 35 41 62 62 67 48 33 68 66 71 45 35 58 29 55 49 46 62 37 35 32 75 42 58 61 57 63 53 65 49 40 59 49 58 34 43 31 51 81 72 25 80 18 78 52 64 79 15 55 9 50 35 29 25 70 51 6 75 90 21 6 79 70 36 59 61 84 28
50 50 49 50 49 49 49 48 52 50 51 45 48 56 43 43 53 42 45 53 57 40 43 49 59 40 60 56 39 65 52 65 51 48 41 51 64 50 69 58 57 51 39 65 32 56 31 49 63 68 28 49 68 73 71 32 30 31 57 38 66 41 42 72 67 81 77 77 79 43 62 86 54 50 27 25 54 86 65 38 82 64 76 87 26 39 17 15 13 38 82 52 20 77 65 28 34 34 81 9
50 49 49 52 49 50 50 47 53 45 48 53 54 47 49 45 46 58 53 42 59 39 46 52 43 47 55 53 61 38 48 60 40 46 41 51 57 54 61 56 45 62 32 64 54 59 44 72 27 63 65 34 44 57 43 34 47 28 73 77 78 49 24 44 60 26 65 63 56 66 51 52 59 80 41 40 36 58 45 50 61 12 62 57 12 80 36 9 72 88 27 19 75 37 54 43 71 17 14 88
50 50 49 48 48 53 50 47 53 47 46 45 49 44 55 42 57 56 45 48 49 40 59 54 49 38 58 36 60 62 56 54 51 66 50 40 49 65 37 60 40 67 54 56 68 39 61 65 30 34 46 58 59 53 31 53 36 47 59 57 68 59 80 76 22 19 73 74 17 25 68 46 78 40 49 85 48 72 25 83 69 63 89 17 72 73 32 69 14 85 5 58 63 68 87 8 34 47 33 40
50 51 51 48 50 51 51 47 54 48 53 51 44 53 53 44 50 51 43 43 51 55 39 55 55 55 61 46 55 54 40 39 59 58 52 43 47 37 46 30 45 61 31 64 47 33 57 34 63 71 61 72 68 64 54 70 53 58 71 78 38 23 68 77 69 47 56 51 61 27 74 83 67 61 38 82 65 21 36 77 66 31 28 23 89 24 36 8 40 15 55 42 90 40 19 46 94 1 93 59
50 51 49 50 49 53 49 46 51 45 50 52 47 51 54 58 49 57 53 50 60 46 57 38 54 63 53 41 58 39 64 47 62 35 38 50 43 61 36 65 45 33 67 54 51 60 50 48 65 65 42 35 42 55 65 32 54 22 57 67 65 69 56 71 73 82 26 31 28 70 83 54 55 74 87 12 78 66 46 53 20 38 18 15 45 82 19 62 69 73 87 51 45 70 79 73 34 74 45 69
50 50 49 52 50 49 47 50 49 53 45 56 47 55 43 51 51 43 56 45 58 44 49 54 61 51 47 60 56 43 63 54 47 63 50 67 55 32 58 45 30 47 54 38 44 36 45 61 50 53 74 45 30 54 31 55 62 71 50 30 60 44 45 35 54 48 73 27 40 60 75 44 78 87 14 60 19 85 83 46 87 57 85 59 23 37 23 40 86 81 88 24 86 80 93 27 68 46 16 36
50 50 49 49 48 53 49 53 46 53 51 47 56 57 52 45 49 46 49 60 52 46 43 61 49 40 53 50 64 56 64 43 63 36 67 65 37 58 66 70 45 63 36 70 67 44 33 69 54 65 48 45 70 37 38 66 41 63 75 28 21 65 41 43 50 65 75 34 24 28 52 58 58 73 35 69 36 55 66 12 20 57 67 20 62 84 80 12 88 8 89 20 71 24 70 50 44 95 72 48
50 51 51 48 50 49 49 50 52 47 50 48 50 50 47 45 51 44 53 51 41 49 45 45 57 47 63 51 38 51 46 61 51 45 40 52 63 62 68 55 36 54 45 67 41 40 71 57 26 25 61 24 40 45 74 24 63 38 36 20 65 29 32 53 33 75 79 73 30 82 29 24 44 56 57 86 75 44 13 90 53 23 86 51 37 43 73 76 87 82 44 29 31 40 40 63 76 63 73 93
50 51 50 48 48 50 53 48 51 55 50 54 53 47 56 54 46 48 47 48 57 54 46 53 55 59 40 41 54 60 65 37 41 51 43 40 51 40 56 30 36 39 58 51 40 68 67 59 36 64 33 50 57 70 53 66 67 61 75 52 41 49 36 19 82 21 28 38 28 53 68 62 57 29 33 77 22 82 19 48 45 40 16 51 33 10 20 74 12 83 81 80 5 61 90 87 30 11 58 67
50 51 51 51 52 49 47 53 53 45 51 53 51 43 47 42 45 57 59 49 55 52 43 42 40 56 42 61 58 46 65 60 48 35 52 46 57 65 53 66 66 33 49 32 41 69 72 56 42 52 53 67 75 39 49 39 67 63 67 59 36 43 78 34 38 68 39 29 53 60 24 84 56 86 19 55 57 21 15 32 54 38 36 9 73 53 73 33 70 86 37 90 63 14 88 72 90 51 75 30
50 50 49 48 48 49 51 50 51 54 55 49 55 50 54 46 53 44 53 57 49 44 45 56 45 53 61 61 44 41 44 44 57 41 39 54 58 49 47 42 44 42 49 35 34 63 70 68 44 70 56 59 29 51 31 78 55 34 51 54 67 39 80 73 42 55 72 23 43 42 78 86 62 15 75 50 13 13 25 28 33 50 37 92 11 65 77 25 66 9 48 82 6 77 72 19 83 45 93 94
50 49 51 49 50 51 48 52 48 51 55 47 44 47 54 50 49 41 47 56 42 54 50 58 55 57 48 51 40 59 64 42 35 56 66 46 43 63 61 52 32 41 65 65 62 41 52 34 70 60 42 27 59 26 31 58 66 42 70 50 66 57 70 57 31 17 59 61 41 43 50 80 45 35 34 63 62 11 82 60 10 44 27 91 34 42 75 14 90 45 48 18 64 65 8 43 75 39 82 48
50 51 50 51 49 52 53 47 46 48 47 49 53 51 52 51 55 56 53 51 52 60 40 53 44 42 55 46 42 55 35 41 35 35 35 60 66 51 51 65 45 36 39 59 63 56 69 29 68 44 48 27 50 71 50 36 39 43 72 22 53 42 70 25 43 63 46 65 25 20 20 22 20 67 33 13 29 48 20 46 57 47 48 88 89 71 80 36 70 41 60 66 32 36 90 22 15 23 64 26
50 49 51 48 48 52 50 49 47 50 46 52 50 44 56 49 49 45 42 44 55 56 56 55 52 51 39 51 49 49 49 62 43 65 53 38 60 50 34 69 63 69 71 52 69 51 50 58 69 67 25 24 51 50 46 30 48 34 63 60 63 45 38 31 19 82 62 37 79 66 57 33 72 43 26 35 69 56 24 64 67 39 13 81 61 83 59 9 45 36 92 57 60 81 9 47 71 27 17 84
50 49 50 49 50 51 48 46 53 52 49 53 55 46 56 49 47 55 53 43 42 40 45 50 55 54 60 49 53 45 52 40 59 42 67 46 32 33 63 65 60 43 51 56 44 61 39 68 47 35 62 68 70 30 34 64 75 70 67 34 45 44 61 80 48 44 73 77 32 39 83 14 42 56 60 75 44 34 31 38 17 83 71 71 56 86 59 26 64 33 73 77 86 76 41 79 56 7 56 97
50 51 49 49 50 49 48 49 52 49 46 45 56 54 53 45 46 53 56 58 59 56 61 62 51 59 57 51 49 64 43 40 58 42 65 52 50 46 69 52 43 45 43 34 62 45 30 57 59 61 61 71 25 42 71 56 74 30 66 65 73 25 34 20 38 62 67 58 40 78 19 69 28 81 35 29 68 52 79 69 22 55 11 62 81 29 82 40 77 6 86 92 13 22 68 35 55 88 48 52
50 50 51 51 50 48 53 49 50 51 46 49 51 54 45 48 53 42 58 55 41 48 61 49 52 42 62 63 57 51 37 57 60 63 62 33 44 64 68 42 58 55 61 61 31 47 69 69 48 55 37 73 56 36 62 73 36 29 24 56 60 48 29 58 79 81 39 45 59 61 61 48 22 46 49 67 64 12 27 54 76 37 43 79 58 19 51 32 23 71 23 85 64 7 35 71 89 13 63 92
50 49 49 50 51 48 53 51 52 54 50 46 49 57 55 54 53 53 58 57 55 59 45 47 41 51 48 51 42 36 56 43 58 40 64 41 58 53 53 43 65 38 37 44 65 53 41 34 39 29 56 49 36 72 59 41 33 70 28 59 54 37 37 74 22 44 20 38 82 42 16 17 33 75 72 27 33 44 81 11 34 72 47 15 79 86 54 81 15 49 20 25 21 56 36 86 48 2 2 44
50 51 51 50 52 48 52 52 50 52 52 55 51 43 54 47 45 58 51 47 43 48 54 38 56 61 43 54 51 62 59 43 53 34 41 56 59 34 58 56 44 65 32 39 43 46 68 52 37 63 67 75 51 42 49 68 23 65 62 29 24 48 60 26 44 35 22 23 63 82 69 83 21 25 15 74 57 73 85 77 23 78 19 12 15 37 76 54 86 82 64 51 28 29 72 71 64 32 25 17
50 49 50 52 51 48 50 50 50 49 48 52 53 48 48 48 48 56 59 40 54 41 41 43 59 40 57 62 41 48 43 54 54 47 35 68 61 66 62 65 47 63 43 39 54 66 47 50 39 34 62 57 60 29 69 42 44 77 58 52 34 61 68 28 31 35 44 16 45 24 28 69 20 69 61 86 58 59 16 58 14 37 20 89 86 80 16 8 76 43 72 77 72 85 22 13 79 72 89 94
50 51 51 52 49 53 53 54 51 45 54 52 45 47 56 48 56 41 44 43 49 49 42 47 58 50 58 47 58 43 57 65 45 51 57 36 36 56 64 52 47 34 70 58 33 40 40 46 73 39 40 70 47 46 71 47 56 27 53 25 57 78 58 33 47 55 56 50 80 80 46 47 80 87 62 15 61 58 81 60 25 62 88 87 60 76 42 56 60 48 35 31 8 77 30 35 89 46 35 65
50 51 50 51 48 48 49 51 47 47 45 51 52 54 56 57 44 53 43 44 55 50 42 38 59 44 59 40 59 41 50 47 49 43 59 66 68 45 34 57 32 31 52 32 64 51 30 38 58 57 25 43 27 26 51 72 27 51 58 54 40 60 47 29 27 77 48 63 61 61 46 85 65 20 22 79 22 83 61 65 81 61 90 92 65 14 33 13 29 59 20 56 49 94 74 28 64 31 26 49
50 49 49 48 51 49 53 54 49 50 48 44 48 55 44 52 54 48 42 49 59 41 54 48 61 61 49 37 61 37 46 36 53 36 47 39 48 34 31 70 47 45 60 44 63 39 50 26 51 25 36 54 59 69 36 71 49 72 23 34 23 26 36 46 22 32 49 59 57 62 65 18 62 37 22 59 88 53 27 41 73 88 77 50 22 62 71 71 6 40 90 5 75 73 13 11 89 47 63 60
50 51 50 49 51 47 49 47 46 52 51 54 55 52 44 58 55 45 54 54 42 40 53 54 62 49 48 63 42 65 40 59 45 59 62 55 47 35 61 54 52 42 29 56 69 61 52 72 70 30 54 55 38 39 40 76 72 67 30 23 48 69 54 68 57 40 51 84 27 62 25 17 70 32 59 51 38 34 43 35 81 29 52 77 79 29 56 74 67 64 84 16 52 45 51 58 54 96 56 21
50 50 50 49 50 52 50 46 49 52 45 52 47 46 43 46 53 57 57 45 55 56 45 61 57 46 57 46 52 42 38 47 57 40 39 39 48 42 58 64 53 43 57 45 65 43 35 65 47 47 44 65 25 61 39 67 55 45 73 44 35 52 20 24 32 71 28 29 83 49 59 53 65 37 81 79 43 29 49 77 46 64 37 92 28 14 45 41 34 39 50 91 28 55 46 85 52 12 10 78
50 50 51 52 49 48 52 50 48 47 46 50 56 47 49 45 50 49 48 51 52 49 49 38 57 47 48 47 49 49 39 52 47 57 48 37 56 32 35 46 38 60 47 58 33 57 67 51 31 37 70 70 35 24 73 63 37 36 38 56 62 47 21 57 76 81 17 43 56 54 71 83 18 27 70 12 28 25 58 48 60 9 62 50 12 31 76 37 32 37 60 39 61 68 31 15 98 49 53 26
50 50 51 48 50 47 51 47 51 53 53 45 52 51 44 57 42 43 55 41 42 45 59 59 50 42 59 57 42 50 40 49 53 62 39 50 62 31 41 47 60 47 65 47 70 57 72 52 40 47 38 24 25 47 26 25 24 64 58 60 51 51 52 78 24 35 63 50 23 25 44 64 58 67 65 88 59 32 36 10 30 27 47 27 49 27 40 48 93 30 6 20 46 34 93 45 66 91 31 91
50 49 50 48 51 53 51 51 47 45 49 50 51 54 57 53 56 48 41 55 51 39 40 52 54 54 42 43 52 58 59 66 62 52 57 36 51 61 55 62 67 60 61 58 42 41 47 52 68 66 42 64 64 53 45 52 23 77 55 47 23 81 34 56 63 78 32 52 71 20 42 60 64 48 73 25 41 24 73 46 73 36 84 13 57 83 92 76 38 30 37 4 56 82 47 45 32 43 50 39
50 50 50 50 52 47 52 46 49 51 55 45 49 47 48 52 48 57 59 53 40 59 57 48 44 43 50 38 60 51 56 59 51 56 61 60 36 59 35 39 55 32 34 32 67 62 55 70 26 36 29 57 43 28 53 26 51 70 63 62 53 68 32 82 52 24 29 42 74 55 56 51 79 57 30 47 17 84 71 33 21 45 59 30 29 86 86 22 25 8 16 61 94 23 46 13 69 65 89 98
50 51 49 52 48 53 52 52 49 55 47 46 47 50 53 52 53 51 46 44 46 47 43 46 59 39 42 48 40 48 58 43 55 61 56 61 41 46 33 58 61 70 48 62 63 42 40 29 57 69 41 43 74 45 42 52 76 35 58 60 40 43 66 81 21 36 43 35 18 28 43 14 57 29 27 21 74 82 81 63 14 13 45 63 22 88 16 93 57 21 5 88 96 28 22 72 2 83 91 39
50 49 49 49 50 51 52 47 46 47 54 50 47 44 51 44 50 54 47 43 45 42 41 40 39 50 51 44 59 61 55 53 55 53 37 51 54 54 31 62 35 30 51 71 61 39 46 48 51 44 35 42 26 72 29 55 25 37 67 42 65 71 62 18 56 38 37 69 55 50 56 82 66 40 68 75 46 42 65 58 63 41 57 26 42 92 26 42 72 8 25 22 73 85 48 67 85 52 54 78
50 50 49 50 49 47 48 53 47 45 54 47 51 46 53 46 45 44 50 53 58 56 41 57 59 45 63 62 56 55 61 65 47 63 41 49 63 33 50 64 37 59 43 32 34 28 51 61 31 56 59 57 40 71 67 48 41 40 46 40 32 44 52 69 44 74 65 72 37 72 53 56 71 51 64 13 31 41 25 39 47 38 56 21 36 89 91 58 86 76 52 68 85 36 54 83 58 12 50 71
50 51 50 52 52 50 53 51 53 55 53 46 55 47 57 57 56 47 56 55 43 61 44 56 49 62 62 56 64 51 37 37 63 48 43 44 65 32 31 60 69 61 49 41 72 69 51 41 30 65 68 56 57 48 26 63 30 39 61 36 24 23 79 72 46 18 26 56 43 20 20 51 56 19 48 80 51 16 63 73 45 18 46 15 90 72 54 71 14 29 92 28 91 48 32 93 35 8 15 35
50 49 51 50 50 49 53 51 54 55 52 48 44 56 50 42 52 43 46 46 53 44 51 53 44 63 42 49 43 63 55 63 63 45 63 41 42 49 39 44 58 69 57 39 64 53 56 37 33 60 38 25 24 29 43 39 57 23 51 28 52 60 45 62 26 61 81 68 70 76 54 78 37 35 46 42 64 12 70 89 62 70 9 31 57 43 65 23 49 26 84 11 51 35 46 57 85 72 43 24
50 50 50 52 52 47 49 51 51 47 46 52 45 56 45 52 48 44 53 53 44 40 42 51 42 37 44 63 42 59 48 35 37 43 53 50 55 48 39 65 50 50 68 35 41 34 54 62 70 25 47 46 70 65 64 78 59 58 41 40 71 23 49 38 22 58 60 61 19 23 71 80 86 73 14 39 86 49 70 63 78 28 24 48 13 87 39 94 39 12 78 20 95 19 16 13 89 15 32 98
50 49 51 51 52 53 47 50 51 49 47 50 46 50 52 58 51 46 55 42 57 51 45 38 54 41 62 55 62 60 56 43 63 50 57 62 66 65 49 66 48 53 65 48 57 66 68 67 39 42 59 58 59 66 52 53 22 64 46 41 24 39 55 54 76 79 55 49 34 74 21 24 42 72 50 43 59 73 69 37 37 66 42 59 73 45 93 58 7 79 16 88 88 89 13 93 69 58 18 75
50 51 50 52 50 53 48 46 54 50 54 53 50 52 45 53 50 45 57 48 52 60 52 54 39 53 60 41 42 36 65 53 62 37 63 63 37 50 61 45 60 33 35 61 64 37 68 35 48 73 75 33 38 55 44 57 34 72 67 79 39 79 44 78 61 22 18 84 17 77 41 16 79 24 51 45 13 73 65 52 11 52 52 66 82 30 84 66 87 12 51 7 41 41 72 27 56 29 82 86
50 49 51 49 50 50 47 50 50 45 46 44 52 50 47 49 45 52 48 51 40 49 41 52 51 60 58 54 60 49 41 65 63 60 45 49 63 46 68 67 48 40 49 39 38 30 31 69 55 72 56 54 60 25 40 47 57 32 59 25 65 81 47 67 23 74 35 57 35 67 64 33 23 47 83 13 49 41 31 15 21 35 35 73 9 9 80 28 49 92 59 88 31 61 83 70 66 7 81 70
50 51 50 50 50 52 50 52 46 52 45 54 45 52 47 49 42 56 56 48 57 53 56 54 39 53 53 39 37 41 49 50 61 39 40 61 50 55 52 60 32 32 29 30 54 70 46 61 26 30 67 71 27 55 26 72 35 76 60 23 55 38 55 27 64 38 60 35 23 23 24 48 46 58 59 19 56 59 40 22 52 67 66 11 30 52 83 58 58 40 54 38 32 12 35 65 86 16 19 62
50 49 51 50 48 49 49 52 49 49 45 50 48 51 47 42 56 56 46 46 48 57 45 56 61 50 61 47 42 36 46 36 50 65 58 51 40 40 48 64 68 50 51 49 53 31 34 63 32 68 54 63 31 63 37 64 70 61 36 63 41 23 30 56 47 73 56 74 67 37 72 49 79 60 66 76 16 65 77 34 28 26 38 84 65 17 33 81 76 29 77 90 84 21 55 24 21 36 30 81
50 50 51 50 49 48 51 52 49 55 50 55 47 43 52 55 44 46 53 59 50 39 52 42 50 43 47 45 43 47 60 51 37 35 66 45 35 65 35 45 47 52 42 46 36 34 58 58 45 46 59 47 35 45 66 76 40 40 47 62 72 64 60 46 32 25 69 36 29 60 21 45 65 71 30 49 86 51 52 25 48 12 82 40 78 84 71 81 52 38 85 12 38 66 50 18 69 76 5 83
50 51 51 51 52 48 53 54 49 52 46 46 51 53 45 43 57 58 54 57 59 56 59 47 56 56 37 45 52 50 37 37 66 67 49 58 51 50 62 45 59 43 43 36 67 36 41 70 40 70 36 34 55 50 39 75 30 78 66 67 46 65 30 46 68 65 32 52 21 44 55 65 22 41 86 64 84 79 22 55 81 89 91 76 54 46 31 64 54 79 91 47 86 72 90 69 16 17 5 77
50 49 49 49 48 48 48 47 47 51 46 51 45 47 47 56 52 45 47 52 47 59 58 55 41 53 41 51 61 65 45 62 42 33 40 53 43 57 62 51 41 36 67 70 53 68 59 45 70 32 29 32 67 28 35 26 65 30 62 49 21 33 80 39 18 21 51 19 63 68 80 40 15 22 35 56 31 26 67 37 38 42 48 84 55 84 12 35 76 41 27 32 38 94 59 45 62 40 30 64
