41 51 59 42 38 75 26 51 17 83 80 1 23 39 30 8 5 29 11 31 68 93 38 14 0 14 66 97 26 38 45 90 70 4 92 46 66 52 11 18 71 73 16 57 79 37 23 59 37 90 38 46 28 52 81 53 7 88 12 42 43 55 98 66 44 94 72 2 94 96 75 83 44 28 63 87 27 43 82 71 19 35 99 87 8 66 44 72 66 11 62 32 71 59 43 99 61 55 60 50
48 77 86 7 67 83 66 9 8 46 86 60 4 48 19 87 2 50 37 18 69 20 89 30 33 33 45 24 21 61 43 51 74 40 22 83 95 99 51 65 8 37 24 45 22 40 59 55 94 19 17 64 55 33 41 99 55 96 89 66 3 36 100 56 96 74 16 68 10 16 62 3 89 65 63 26 85 17 88 4 42 24 73 3 76 14 26 79 78 36 4 52 30 33 13 2 60 68 56 44
74 75 42 8 67 60 66 76 91 77 55 52 20 46 62 66 76 12 19 92 17 39 95 91 25 29 95 36 96 8 44 45 86 44 1 60 88 56 42 79 30 38 43 35 98 99 78 27 13 56 19 7 9 78 81 12 38 84 83 14 4 36 14 19 78 11 44 14 58 20 24 49 99 45 62 28 100 10 98 84 50 46 68 86 46 73 69 4 73 68 62 31 93 79 10 51 46 74 24 8
86 38 33 70 4 89 42 32 15 43 38 100 67 72 29 23 10 80 72 64 27 73 72 79 85 70 15 30 29 20 61 60 50 83 92 96 95 93 22 89 13 73 84 77 90 22 36 100 72 28 51 71 52 46 22 24 35 99 36 31 3 3 61 60 45 51 88 9 1 83 67 80 34 68 79 22 43 82 86 52 9 39 69 40 12 68 94 18 1 58 90 42 100 5 40 47 86 33 24 79
46 33 4 74 61 52 86 100 79 17 40 100 74 59 89 12 65 8 50 12 51 31 34 23 93 84 7 91 84 60 79 22 67 29 69 2 64 1 52 43 92 53 11 29 71 62 99 1 52 94 62 74 74 59 53 79 21 59 97 62 53 91 27 58 74 45 22 90 74 43 39 21 28 88 80 92 11 23 43 17 5 39 79 35 1 35 100 18 62 30 67 23 98 61 78 38 54 61 2 60
78 4 62 24 40 90 73 0 17 55 60 97 75 67 59 19 79 30 3 46 100 89 4 72 14 78 78 42 83 48 63 33 41 2 96 41 52 100 73 91 8 25 31 5 5 3 83 20 57 70 73 53 45 30 53 15 33 51 80 65 53 57 18 56 16 45 56 83 20 49 58 100 48 63 33 34 5 83 92 10 50 3 34 16 66 61 91 82 51 79 12 60 87 49 4 28 52 57 60 69
18 25 92 73 90 76 80 66 36 69 84 97 65 38 61 8 54 51 83 41 94 10 76 26 22 56 10 85 22 70 30 79 71 20 72 41 68 78 40 82 41 73 9 6 52 43 22 92 3 25 24 97 96 24 96 56 14 86 6 55 9 2 33 89 57 14 3 43 11 51 16 43 0 85 98 70 34 67 69 54 60 37 55 44 17 2 76 8 53 36 20 20 39 65 4 31 32 91 35 66
11 45 4 77 58 66 90 41 11 56 33 96 60 63 49 73 43 97 27 91 78 51 11 27 69 28 81 17 59 86 87 42 22 76 12 94 25 62 18 79 28 47 0 43 32 10 5 70 36 11 80 89 54 49 3 95 69 85 59 25 40 71 36 98 2 46 94 91 53 28 0 78 53 7 24 89 36 88 56 70 20 78 64 33 95 31 88 58 77 54 61 32 11 67 25 4 62 91 80 16
10 17 86 9 85 50 70 79 8 19 18 57 67 54 25 79 69 76 91 29 40 36 96 17 95 2 64 66 37 6 7 98 88 71 100 1 83 5 98 89 82 97 71 8 48 1 0 49 8 94 76 86 41 49 16 67 94 32 37 76 7 43 39 53 7 90 74 31 86 39 28 93 66 46 3 29 48 0 92 66 49 11 19 1 66 73 36 1 33 41 82 83 17 88 92 81 55 83 79 56
52 21 20 10 42 46 30 8 26 99 85 80 97 18 87 60 68 9 42 71 21 52 88 48 87 15 3 29 19 98 56 39 79 12 30 36 36 81 46 61 72 81 35 72 21 56 45 51 54 94 59 9 12 58 2 55 46 82 1 46 50 12 81 65 73 79 84 81 57 77 1 69 29 3 92 95 94 91 25 5 96 36 58 28 55 9 27 6 70 15 31 93 25 4 16 14 45 75 97 39
52 2 73 92 0 14 92 24 73 80 32 12 96 66 38 83 52 65 99 87 86 58 51 50 97 91 81 100 53 65 23 1 34 0 86 52 2 74 57 23 38 92 52 59 21 9 98 71 71 34 44 58 12 24 21 79 31 75 19 68 73 23 60 59 86 23 28 89 66 53 35 4 83 15 18 50 74 86 8 22 15 83 87 99 83 73 33 50 24 42 52 50 51 21 24 8 17 55 66 41
75 8 5 71 52 99 76 30 69 46 31 98 55 62 29 75 96 1 39 72 45 31 62 19 97 92 79 43 56 60 22 88 81 21 82 3 51 42 40 46 52 30 54 46 78 17 65 15 4 97 31 31 48 73 54 52 80 31 54 54 64 98 77 10 58 53 86 73 22 90 8 100 65 51 27 94 93 77 77 71 70 37 81 97 25 70 17 82 23 86 11 5 80 54 93 39 39 3 24 52
88 42 74 17 38 39 40 61 2 62 84 15 71 84 18 34 2 52 86 26 83 84 92 55 3 100 34 5 50 79 73 99 63 79 71 23 7 6 18 28 97 81 44 11 50 86 65 20 35 93 29 11 24 81 98 33 12 76 61 40 49 86 55 5 90 60 90 88 18 15 77 71 8 13 75 77 99 69 81 99 69 34 70 41 98 29 90 83 71 37 3 1 32 10 70 89 49 17 77 58
33 21 71 5 47 100 64 55 62 100 94 77 29 0 20 97 54 88 53 43 29 87 99 65 96 43 45 41 48 84 36 55 15 14 74 87 40 18 77 86 61 91 35 31 12 65 54 26 97 24 19 78 98 62 21 94 64 98 22 79 79 94 77 51 65 3 52 88 93 89 26 98 5 77 50 97 1 5 16 2 97 69 10 63 7 16 36 88 58 4 76 39 38 35 21 94 26 70 18 76
31 68 86 16 75 67 7 39 41 99 36 6 50 74 41 63 89 44 94 65 24 36 12 0 58 43 18 94 96 36 7 11 19 13 26 85 23 52 38 9 98 99 95 5 65 20 12 60 61 18 65 64 30 52 63 33 100 84 38 18 47 88 18 68 13 48 11 28 0 82 53 56 29 20 12 28 100 2 98 94 50 4 59 31 76 73 38 63 92 21 13 43 77 49 37 60 93 89 30 37
12 13 60 6 67 100 12 73 9 70 44 73 4 43 49 13 4 91 91 94 79 45 7 94 89 79 85 82 16 9 67 19 100 75 25 2 44 48 10 34 41 19 53 38 35 53 12 23 11 42 60 78 52 32 68 53 2 60 46 37 55 84 96 24 25 35 49 19 65 87 20 35 70 30 46 51 96 100 6 61 72 63 17 70 51 78 5 92 84 4 65 33 52 81 30 5 74 0 17 91
49 49 68 30 67 36 84 99 26 86 4 35 86 82 48 31 92 56 67 73 89 6 35 0 76 82 13 31 90 5 57 36 59 4 42 83 83 54 49 35 84 27 10 25 93 83 94 76 38 67 9 0 19 69 57 48 72 78 5 64 9 91 80 72 100 58 35 25 74 55 23 93 11 82 82 98 100 67 99 84 48 19 35 44 0 3 42 34 69 95 53 75 65 26 98 98 4 69 38 16
29 64 14 100 19 78 85 6 46 34 12 63 53 42 19 27 74 27 23 82 78 72 42 39 58 68 75 30 96 95 24 79 30 49 82 75 83 40 99 89 93 82 50 49 67 26 31 100 70 27 64 13 74 61 37 11 51 65 59 39 84 75 25 22 50 7 6 44 52 21 41 1 64 4 20 50 47 69 40 91 44 15 26 96 55 2 73 11 32 31 100 54 35 16 54 9 26 72 27 14
89 13 24 53 49 10 99 60 51 67 34 1 60 48 75 92 65 92 63 4 99 85 15 50 78 47 12 89 63 4 33 93 76 52 96 31 82 9 40 70 26 75 96 14 90 3 49 6 22 50 15 2 95 34 88 86 93 29 65 71 27 59 41 72 85 33 95 55 12 62 14 60 16 32 89 41 50 34 3 43 61 76 5 80 29 22 96 91 32 7 67 11 91 94 70 8 85 48 4 95
92 8 59 40 43 87 2 74 42 79 68 67 67 61 48 34 36 96 87 75 45 66 91 79 36 36 57 85 34 50 44 27 53 54 48 6 65 60 62 65 90 56 67 34 40 39 52 24 77 46 62 43 60 38 88 28 97 34 21 66 40 100 93 87 46 3 31 82 34 85 13 99 53 25 77 12 67 71 90 85 74 51 35 0 63 97 15 62 24 12 24 4 43 75 50 11 6 72 100 1
72 0 65 33 50 13 86 43 19 89 36 17 43 5 8 12 21 28 40 51 86 41 66 49 89 98 46 51 13 25 35 29 74 55 65 44 79 86 41 45 14 68 10 40 38 65 10 19 6 30 81 29 48 73 21 88 8 3 71 7 88 51 78 24 90 73 70 87 14 20 31 82 78 90 91 50 3 98 76 12 30 12 89 55 94 23 44 57 21 73 87 67 20 48 99 48 28 60 30 17
58 24 65 1 57 33 38 69 83 71 5 80 41 24 64 86 67 51 44 7 100 96 80 12 58 75 22 57 93 10 52 71 21 3 1 31 75 47 80 12 45 26 49 17 87 86 55 29 75 64 15 69 90 84 40 65 66 71 79 6 66 57 95 55 75 64 9 13 66 78 24 96 35 96 99 77 72 23 72 100 58 16 20 45 26 0 49 48 97 51 62 73 16 97 40 23 23 0 70 41
7 22 8 32 27 17 44 32 17 15 83 90 80 25 12 52 70 59 81 72 97 54 26 76 31 79 63 74 31 72 35 24 53 96 34 16 95 54 100 23 24 56 33 68 91 37 7 88 67 79 45 17 29 64 27 36 32 22 30 29 62 20 56 13 67 13 83 85 17 78 59 53 100 99 89 83 3 6 38 48 62 53 87 80 85 69 68 91 73 55 94 42 58 26 33 68 9 67 56 5
51 92 92 39 10 61 73 44 40 51 25 92 36 56 85 81 89 64 50 72 99 19 60 91 85 100 25 90 27 48 17 31 12 92 28 15 29 88 7 71 13 91 33 0 60 47 75 48 99 88 50 36 53 83 38 54 52 79 15 41 10 6 43 1 62 43 31 51 1 48 19 37 31 86 29 29 53 76 73 56 66 76 26 28 39 29 62 10 74 71 23 81 6 35 28 94 53 13 65 49
21 25 57 2 63 52 62 12 8 70 95 30 59 76 40 48 79 78 73 53 29 96 23 62 14 5 27 37 50 68 89 89 54 69 58 47 2 32 53 39 85 78 27 66 91 47 45 54 54 67 30 15 2 13 65 5 37 92 0 1 28 84 90 43 28 37 30 52 81 50 61 73 5 65 40 51 96 18 44 42 28 18 76 6 36 62 66 80 96 72 63 57 56 96 31 24 62 25 85 9
93 13 19 8 6 53 34 46 30 99 46 76 39 23 13 92 55 69 63 85 40 49 70 0 62 31 70 87 1 81 57 88 85 92 52 100 39 7 20 67 80 84 45 86 35 44 52 99 72 43 64 7 67 32 85 56 14 1 93 59 73 24 71 95 22 51 57 46 47 56 22 25 80 79 51 29 40 80 84 76 97 24 5 46 32 41 24 47 20 24 75 62 88 56 99 3 21 8 26 79
1 92 61 17 88 77 80 52 43 77 97 60 25 79 57 0 13 3 20 59 2 91 1 48 64 58 1 99 67 42 73 23 77 73 98 58 29 96 11 80 16 20 66 57 85 75 82 32 81 80 78 51 43 84 8 76 55 80 61 74 62 38 59 42 28 58 75 2 1 51 66 37 98 78 83 55 99 3 96 58 87 42 98 54 39 68 51 22 75 76 19 44 90 42 45 55 38 43 87 17
58 4 95 30 22 82 36 56 65 87 51 72 49 59 52 80 2 25 57 21 62 91 71 47 13 86 86 62 36 36 23 79 99 67 95 83 94 74 88 1 22 0 97 27 1 76 28 33 3 46 57 39 5 49 33 71 85 19 43 74 42 84 0 7 44 23 86 23 63 72 6 3 56 69 1 14 95 64 72 50 3 89 76 44 2 99 26 99 67 39 30 79 100 36 52 44 20 63 40 67
94 98 72 1 62 83 61 79 71 83 83 62 25 92 1 23 76 84 5 42 83 71 19 91 62 55 25 63 11 13 22 12 66 66 3 79 61 19 40 36 17 0 38 55 89 47 44 57 88 23 25 100 89 60 20 52 43 61 21 55 82 25 55 57 33 82 96 36 73 3 1 58 53 61 24 73 99 37 68 77 63 5 13 25 56 58 47 29 56 31 42 15 39 10 46 42 53 13 37 23
31 12 51 38 45 78 50 26 29 27 29 92 35 66 92 22 98 87 95 25 26 46 47 55 83 26 63 32 98 19 94 29 20 90 32 1 61 11 53 60 9 25 2 45 11 56 59 82 54 30 70 6 15 37 23 1 75 46 23 48 6 95 2 57 17 84 71 63 39 67 1 15 9 28 4 9 46 24 56 51 14 92 42 52 65 84 69 59 14 25 35 95 63 35 23 12 74 75 68 19
8 43 40 60 93 14 48 4 71 18 61 85 76 22 100 40 43 81 86 48 22 65 43 18 85 25 2 7 100 85 26 66 19 34 91 45 52 73 0 93 19 9 84 33 28 93 75 31 73 99 3 25 58 75 35 43 36 73 93 76 74 20 16 42 39 47 87 46 89 83 2 28 56 46 85 35 48 60 80 56 69 19 34 87 96 90 81 77 16 25 87 33 57 23 13 56 72 100 88 41
75 45 39 28 29 97 68 0 13 53 79 8 22 21 65 10 45 58 0 100 47 30 75 22 60 84 31 91 33 94 5 62 17 35 35 55 21 45 13 27 73 82 49 25 6 24 83 22 35 45 90 32 69 12 69 60 78 79 71 67 74 57 0 58 24 86 22 22 9 63 68 39 41 19 2 96 81 30 69 68 8 98 59 82 71 27 90 85 43 57 40 12 51 83 10 59 50 32 76 10
31 87 75 55 44 47 27 14 87 13 62 31 31 4 85 21 8 86 77 71 62 58 92 15 2 8 29 96 69 20 28 72 64 13 60 37 57 54 5 9 83 11 12 27 73 70 69 0 67 3 97 77 67 46 23 80 3 55 82 81 54 33 23 26 52 1 83 61 8 30 37 54 9 48 21 53 83 33 98 75 34 99 62 32 24 61 61 84 86 88 9 92 95 68 8 29 6 54 0 72
80 98 36 46 18 28 0 12 86 89 23 26 86 1 64 68 71 54 82 93 84 0 61 18 98 50 89 63 74 77 63 63 57 63 93 71 50 59 89 20 55 89 36 50 34 92 15 72 94 81 34 96 14 5 96 28 43 25 0 47 4 74 97 3 58 10 48 96 78 92 35 100 66 29 94 55 52 73 98 21 44 55 53 46 67 3 54 64 87 91 93 79 76 10 0 58 47 84 77 14
11 65 34 1 55 57 24 71 81 42 34 30 93 73 45 47 3 77 50 66 72 40 78 11 35 26 35 78 24 80 69 23 76 6 65 68 67 36 40 53 73 44 39 29 70 76 54 56 5 97 20 84 28 88 30 48 79 66 25 14 68 93 57 78 26 16 85 87 27 33 77 66 49 21 11 86 92 9 74 41 99 10 6 23 40 92 57 89 23 90 0 83 3 2 38 33 0 39 99 72
69 100 96 99 44 83 11 1 12 42 91 75 35 80 38 70 66 2 30 91 55 53 44 1 79 53 71 20 89 67 88 37 40 33 81 51 81 3 58 29 28 21 93 31 80 86 31 31 16 81 64 65 20 43 50 19 47 21 35 51 45 72 62 82 92 32 69 85 22 55 40 49 49 12 64 60 53 65 96 61 50 30 90 56 25 100 1 58 2 17 75 37 47 99 10 28 27 90 7 18
100 52 54 50 27 58 14 9 4 63 97 34 16 40 13 5 74 81 4 36 35 47 59 76 69 39 12 16 95 68 74 97 97 31 47 92 23 12 8 80 30 94 50 4 58 36 11 57 27 37 43 78 38 90 37 13 3 20 57 88 88 78 58 78 66 80 24 61 32 70 12 43 10 43 96 80 27 96 53 92 55 38 12 26 63 5 96 96 97 10 56 24 85 21 5 32 16 27 49 93
26 12 50 98 76 13 41 92 32 96 14 2 96 100 32 46 6 44 40 75 19 33 49 62 47 90 24 32 7 16 45 99 28 45 97 62 38 50 59 66 97 94 0 16 54 55 87 33 3 37 37 45 53 85 82 23 51 24 91 18 30 91 23 59 92 100 59 95 60 79 40 10 42 35 19 70 25 5 96 73 20 38 50 10 45 9 88 71 54 47 82 22 21 84 31 11 35 22 54 99
69 10 97 81 73 35 41 41 2 12 59 9 93 32 61 44 51 71 48 46 21 78 21 45 91 88 68 91 63 44 91 2 72 55 83 62 72 15 58 62 60 85 77 71 29 23 10 34 92 91 10 20 90 72 49 64 44 86 85 8 48 60 99 60 48 25 57 49 74 68 76 31 21 77 32 62 88 92 40 69 14 93 55 18 94 14 47 56 28 1 76 86 59 36 34 3 29 58 9 81
3 79 70 8 97 54 28 34 18 41 9 61 54 67 43 6 98 39 11 82 67 72 25 97 38 16 52 70 8 96 31 60 26 93 37 91 20 83 66 58 99 71 95 42 78 47 50 78 32 18 9 81 25 47 84 14 57 3 42 53 15 5 16 88 26 9 27 3 65 85 24 30 26 62 61 63 98 62 92 62 33 11 93 7 40 74 23 20 12 15 35 68 8 60 87 55 19 24 92 16
33 23 5 60 45 61 3 10 36 46 48 58 64 60 69 100 5 40 51 51 99 62 39 30 84 71 48 64 61 0 18 42 2 2 66 64 16 0 18 66 91 19 79 45 22 31 91 58 22 18 45 91 89 17 89 3 60 51 97 51 53 78 87 91 55 54 92 43 9 17 21 50 75 27 33 20 14 9 25 49 51 95 66 45 28 6 42 22 52 54 82 90 52 10 55 25 44 74 42 95
2 66 8 87 24 97 50 74 51 59 57 1 12 94 75 72 66 83 49 82 32 42 37 2 55 64 95 41 36 12 72 60 40 31 16 37 19 32 45 22 96 17 5 66 6 58 95 54 15 73 50 56 63 36 45 29 63 63 33 48 100 51 59 81 91 70 56 50 76 26 45 1 87 27 100 14 77 93 36 5 48 60 60 60 88 14 28 77 74 62 5 60 21 43 95 90 60 18 80 36
95 62 42 55 33 19 98 72 27 35 5 42 93 85 63 68 74 48 75 59 68 4 7 45 93 93 92 12 96 43 4 31 71 85 70 12 63 89 56 48 73 13 81 97 44 47 44 40 68 28 3 2 75 33 15 43 50 46 79 67 9 14 98 71 81 70 24 39 36 96 15 13 81 84 52 95 84 73 37 48 40 16 72 36 16 26 71 19 83 66 70 30 77 44 62 6 63 98 84 1
17 38 26 14 49 34 53 43 21 5 85 64 86 88 8 15 33 97 20 98 98 31 84 91 67 35 33 35 85 13 14 48 39 69 12 19 83 37 35 57 60 71 33 16 5 99 37 52 31 55 37 64 88 45 96 81 47 16 47 42 36 66 93 21 73 2 31 28 4 91 91 4 34 9 44 85 95 58 82 75 92 97 33 54 15 38 36 1 56 5 35 1 86 69 8 49 43 47 89 31
61 94 16 74 48 67 69 29 31 71 43 23 8 27 15 53 70 16 79 77 38 96 8 33 93 61 72 63 26 72 61 12 64 22 90 19 88 67 33 89 19 23 90 81 76 8 9 66 61 44 72 89 34 70 82 17 22 54 40 14 46 98 6 38 72 43 3 98 34 11 18 15 97 84 12 48 47 69 46 46 9 50 96 96 47 83 17 37 31 76 3 52 24 6 28 6 92 21 82 18
44 81 6 46 78 16 1 47 93 78 2 11 34 8 43 50 54 37 86 43 90 61 24 84 52 86 43 27 33 88 71 53 73 21 67 61 52 71 77 90 23 76 59 0 56 15 78 47 99 86 87 22 66 58 85 97 1 33 54 80 43 78 72 54 17 54 75 65 63 24 18 65 59 12 90 8 51 79 46 44 38 15 49 61 72 47 49 16 57 42 61 61 12 81 7 59 96 84 37 55
97 34 51 38 21 70 64 67 15 93 27 35 16 13 89 9 25 46 23 0 49 16 65 7 72 89 39 60 40 60 86 13 81 29 47 63 59 53 38 8 36 98 49 8 7 77 26 49 81 74 62 90 67 39 46 20 6 20 84 63 25 41 87 94 69 2 30 21 5 21 52 10 38 80 31 28 20 83 13 84 3 80 55 80 6 95 64 76 67 43 15 5 40 71 52 31 76 68 54 93
20 9 44 41 75 63 19 15 33 40 43 70 10 4 42 80 61 59 6 45 85 22 44 19 68 9 86 2 61 85 86 34 44 85 63 55 35 20 16 78 44 69 9 91 22 35 56 55 76 34 92 83 45 86 96 9 69 3 95 47 14 70 13 7 72 47 99 47 67 97 82 57 12 78 61 78 15 38 68 85 26 99 61 68 66 75 51 65 73 43 86 40 35 95 12 13 48 76 15 31
94 79 80 9 46 52 18 84 87 5 55 45 43 12 82 11 42 28 88 72 67 43 97 48 1 73 93 74 4 28 89 46 57 50 75 1 48 45 72 3 89 43 70 89 14 38 12 91 80 23 49 9 2 76 84 89 66 17 31 61 18 51 20 90 20 30 7 67 52 27 50 97 22 4 92 49 92 30 38 54 65 39 97 48 95 9 67 60 90 32 7 78 63 80 31 66 69 37 95 77
82 36 90 60 88 59 24 34 96 9 96 66 79 36 23 62 40 12 69 8 89 74 4 1 91 38 68 39 21 67 37 26 3 6 22 24 87 36 62 37 74 76 61 64 85 60 42 47 97 30 55 86 31 94 16 21 28 65 79 66 90 63 69 61 98 13 68 2 1 61 49 64 45 51 79 76 70 95 70 79 48 23 74 25 11 20 51 87 82 76 76 43 93 11 77 84 96 8 41 73
1 45 41 50 74 54 90 16 2 29 21 77 86 90 88 14 90 65 36 77 12 86 83 67 76 66 9 44 74 19 63 75 39 28 65 97 57 36 70 74 10 35 96 63 41 14 47 36 73 18 7 32 25 95 33 55 77 100 45 82 94 70 96 2 44 70 31 67 18 19 67 16 53 46 14 24 24 82 34 58 11 59 1 94 98 95 93 36 96 2 4 16 57 96 86 88 73 81 95 47
34 88 83 35 33 74 74 34 59 38 28 89 16 76 16 1 16 34 56 74 21 90 43 96 38 68 3 89 45 94 62 2 45 44 27 3 6 37 88 2 52 16 72 23 34 33 51 97 45 94 52 18 97 84 69 35 57 85 88 65 79 55 35 64 15 15 30 8 8 1 58 5 34 28 71 8 43 13 6 70 68 22 41 37 19 22 7 30 18 93 17 58 12 79 57 42 44 28 55 86
67 17 14 91 73 25 74 11 42 84 81 83 54 52 92 95 89 49 86 0 24 18 45 0 5 23 18 71 88 27 10 64 55 33 24 63 15 26 43 97 77 80 93 17 41 83 94 54 87 95 24 56 87 16 19 34 39 16 100 44 37 80 45 93 8 33 84 53 33 45 57 96 100 90 10 8 34 68 19 29 87 40 37 96 54 47 18 94 57 35 94 12 88 25 86 85 56 41 9 99
18 56 25 62 88 57 83 56 41 58 12 23 75 62 59 69 52 95 23 34 22 83 9 25 1 96 1 46 24 44 7 60 81 16 52 79 47 15 13 54 99 29 67 39 92 84 99 28 7 79 7 21 1 49 64 77 66 26 56 99 11 59 59 67 93 11 93 91 89 65 100 6 53 25 50 71 9 36 74 59 62 1 61 87 89 93 55 69 90 79 98 14 26 4 28 75 11 54 63 63
64 38 39 24 49 30 63 50 95 73 45 76 61 34 4 44 61 78 73 87 96 23 60 13 25 90 57 10 62 53 48 8 75 23 98 69 70 56 56 3 37 38 73 86 93 26 52 24 13 80 36 49 65 45 88 24 58 67 90 24 29 63 76 24 88 95 95 6 93 1 70 23 21 75 91 28 4 63 62 28 92 14 17 49 31 50 38 23 61 77 29 90 85 79 8 90 63 4 26 39
41 35 19 63 42 93 37 68 37 77 82 78 82 93 70 75 28 93 30 2 60 56 28 13 18 64 43 41 67 24 39 19 100 43 69 86 70 65 74 52 78 65 98 13 69 93 54 32 7 19 72 33 20 99 77 86 79 48 28 63 71 49 55 62 51 70 39 21 64 26 72 83 30 13 74 90 71 10 52 66 79 79 46 89 43 48 60 36 25 77 31 2 95 97 65 90 83 30 19 28
84 93 2 98 65 94 6 86 89 32 48 62 90 33 4 61 80 52 49 77 72 20 77 38 51 35 77 60 36 14 92 66 58 8 37 45 83 17 84 27 82 89 57 77 67 98 56 21 62 89 98 100 56 30 37 28 87 15 92 31 82 92 65 50 77 83 90 70 40 60 42 83 41 57 68 50 6 85 59 11 8 25 53 14 62 82 12 22 54 29 92 93 62 61 88 92 47 19 48 76
78 10 59 40 27 84 67 30 11 85 52 93 7 73 49 26 36 1 72 99 17 89 35 79 10 26 49 77 99 34 78 97 48 38 60 48 63 83 60 94 75 94 74 85 46 97 71 47 41 50 23 5 62 96 45 75 92 13 39 42 85 98 54 59 98 64 59 30 73 0 67 76 0 80 81 54 21 4 42 51 51 19 18 94 7 45 51 18 37 25 80 49 86 84 38 13 16 86 73 5
12 57 92 79 12 97 8 41 61 33 36 74 65 47 93 5 5 16 89 54 63 52 30 22 55 93 39 91 64 72 95 17 84 53 75 6 56 93 63 31 61 37 12 83 48 50 79 54 89 50 7 18 95 71 77 3 2 59 48 65 84 0 100 57 16 77 76 98 93 58 73 32 1 92 29 33 66 93 52 46 14 90 81 95 93 30 99 78 55 20 28 43 26 84 100 30 3 79 48 20
47 71 26 87 79 65 40 3 90 43 57 62 66 79 83 96 52 99 4 14 7 28 31 19 100 31 65 17 76 64 82 6 14 35 58 31 43 11 25 89 84 48 84 81 29 16 30 20 26 41 86 49 16 20 98 69 1 3 71 72 11 42 40 3 95 2 75 42 30 19 79 32 72 70 71 27 5 41 59 11 25 75 15 80 43 28 1 9 60 12 5 38 77 63 10 83 24 17 90 34
65 44 20 43 20 28 94 99 81 67 57 46 52 64 93 66 84 14 71 41 69 15 43 95 54 100 80 38 16 80 46 24 53 30 38 13 92 83 37 3 92 57 38 42 56 53 59 31 8 62 5 85 34 30 20 83 19 99 15 33 79 87 19 23 19 86 6 94 5 41 83 31 9 39 15 34 53 23 27 97 24 4 5 68 31 34 52 99 8 92 81 23 8 83 20 8 67 58 25 17
61 59 63 51 26 53 2 10 88 13 92 83 3 84 69 96 46 94 70 53 27 5 36 64 95 60 87 18 64 58 4 86 56 21 16 1 36 22 34 7 100 27 13 6 8 3 81 97 92 52 61 99 10 6 27 5 50 51 100 96 25 18 91 100 62 28 47 61 30 53 31 70 11 61 10 97 36 98 88 12 78 19 8 12 44 91 86 29 63 69 41 7 15 53 45 80 69 77 55 99
49 100 67 10 29 11 5 11 76 14 36 13 30 0 72 33 15 98 9 90 94 4 73 74 72 21 18 78 90 49 82 22 89 83 92 47 58 94 77 69 8 64 18 20 28 33 3 6 52 33 12 87 91 43 75 83 25 3 28 57 69 28 70 21 24 37 10 98 40 41 20 21 25 33 67 30 89 89 48 41 43 56 84 13 57 39 31 30 75 5 1 60 48 32 69 97 30 29 82 48
17 96 34 19 41 19 2 82 70 18 34 85 54 15 4 27 37 57 29 28 62 96 73 38 27 29 62 87 46 50 100 66 84 59 11 60 22 2 7 15 95 20 74 76 61 26 96 23 55 77 80 11 4 78 58 20 20 68 2 100 27 56 70 27 58 74 57 42 36 3 93 17 33 33 72 87 13 79 42 18 53 96 10 93 9 87 6 60 58 3 13 6 3 92 70 48 68 51 17 32
3 65 49 55 13 16 87 30 64 17 23 30 51 2 8 56 9 80 45 5 84 94 40 54 46 95 82 56 21 17 46 91 92 75 4 20 73 95 40 31 7 75 16 65 57 0 17 83 26 94 0 37 79 29 98 49 3 62 36 19 67 98 65 58 70 81 34 80 35 33 6 98 50 0 3 60 90 91 12 32 63 86 94 27 54 100 57 5 70 60 10 60 41 0 32 34 2 70 92 17
93 56 64 77 25 7 69 79 97 66 30 0 46 2 95 21 91 18 21 18 15 11 97 8 87 23 16 19 10 23 5 95 5 16 17 2 99 59 10 39 24 28 18 3 75 2 74 56 30 78 23 16 21 38 49 27 10 94 92 77 82 36 60 79 56 32 24 47 41 85 23 54 85 68 57 24 89 12 10 81 22 89 35 92 93 61 87 74 71 1 41 21 90 6 40 58 52 91 49 64
1 57 93 37 20 83 15 95 4 54 96 83 10 11 48 85 54 59 53 67 32 1 93 36 40 54 56 91 88 61 100 1 44 15 8 10 83 38 4 44 13 94 76 44 14 42 50 59 82 62 76 37 87 51 41 88 14 5 2 55 46 73 11 81 24 96 89 96 3 91 43 83 79 86 90 61 77 43 30 71 19 20 31 60 8 28 63 61 20 33 22 14 33 49 77 19 27 64 11 28
59 49 57 13 55 39 4 40 41 73 99 54 61 30 57 52 64 24 22 4 70 30 91 38 60 19 44 55 62 83 4 40 75 70 76 75 56 43 96 19 49 81 37 66 47 32 86 26 28 86 91 19 79 28 24 35 60 48 63 22 0 83 51 51 80 7 82 94 60 76 93 100 5 81 53 78 70 43 41 49 50 35 51 63 27 18 48 79 15 35 1 37 97 4 17 12 9 40 75 84
15 34 93 14 95 76 25 81 55 26 72 11 11 70 51 92 94 94 12 14 46 83 71 96 48 80 92 81 96 8 71 93 10 26 78 54 83 76 33 11 59 19 18 22 65 85 79 49 43 45 33 77 60 93 50 82 28 67 91 1 28 75 39 10 92 78 1 29 65 53 31 73 45 39 93 99 91 82 52 93 75 16 53 17 11 12 14 20 16 80 90 22 65 72 82 77 21 94 0 17
95 65 89 52 38 93 54 72 12 95 22 64 32 9 100 84 7 81 73 88 31 14 80 34 65 37 22 19 20 23 17 19 50 43 93 35 54 71 7 14 83 66 78 41 20 26 49 49 15 4 70 41 16 50 1 79 19 64 63 28 60 30 58 97 37 51 91 12 38 32 36 23 96 6 14 85 18 94 97 25 22 4 35 71 2 26 89 60 40 52 66 2 64 6 75 17 40 69 9 44
4 71 93 83 52 20 50 18 2 46 11 92 29 6 28 96 21 11 21 39 35 84 91 4 47 76 100 83 98 85 49 68 41 24 13 17 56 39 52 95 22 84 26 95 41 32 29 66 33 48 14 62 55 65 31 33 28 3 61 33 35 62 78 91 35 26 94 23 8 9 64 65 59 54 84 44 31 22 40 47 23 4 77 94 100 35 74 19 54 12 82 15 33 30 47 40 85 30 74 61
17 5 88 100 30 53 17 48 25 93 38 92 50 94 96 5 85 75 2 58 44 5 100 16 46 91 87 42 85 57 43 73 39 42 34 31 77 34 39 97 12 4 58 17 72 63 2 42 40 92 56 71 93 0 51 4 13 72 51 47 70 1 80 72 50 9 42 39 16 53 51 76 66 16 1 57 59 28 35 13 12 39 82 68 83 15 14 100 16 61 81 0 90 27 25 63 9 67 22 88
17 33 48 68 50 18 56 82 88 89 13 9 99 26 84 84 22 13 30 68 49 17 49 23 53 89 76 63 8 85 28 29 52 97 96 69 58 25 44 77 30 72 77 91 64 90 88 80 59 92 44 24 89 40 23 32 15 72 74 11 21 12 79 56 17 45 98 82 85 7 2 14 45 79 45 57 44 11 65 85 12 33 75 97 22 78 34 26 65 54 67 8 11 15 40 82 69 14 68 1
57 85 64 39 35 60 34 52 77 59 17 69 6 77 81 18 7 80 4 76 86 71 67 96 79 32 15 32 95 40 57 28 7 35 65 12 4 60 19 98 80 69 7 72 100 24 29 54 64 98 55 51 46 53 3 6 33 43 46 35 25 66 16 66 16 46 32 29 88 35 73 73 10 7 96 86 100 13 26 87 59 6 39 98 24 0 88 85 72 30 88 87 72 56 27 85 12 74 75 97
3 88 2 52 93 15 46 89 91 11 86 1 82 80 92 44 52 44 89 74 5 12 34 57 80 76 51 78 9 38 17 51 1 40 99 4 53 74 45 87 21 55 97 46 30 88 24 95 22 44 70 22 100 2 86 66 36 92 35 31 20 75 0 79 93 24 99 13 66 53 99 12 86 21 26 14 79 52 24 44 61 78 42 92 85 1 33 6 42 0 36 60 22 15 97 53 58 5 100 58
89 93 11 71 15 93 79 10 12 54 8 18 85 44 10 2 81 19 26 14 8 32 66 12 44 50 60 31 36 51 46 39 64 66 71 68 73 17 40 68 97 97 72 15 73 88 91 53 59 17 64 100 78 29 91 25 74 46 90 62 49 18 86 13 14 54 83 53 54 64 82 48 88 25 32 15 0 63 8 89 50 51 93 31 81 2 74 72 25 12 97 72 71 87 37 39 45 40 96 97
96 21 68 35 1 41 7 7 13 19 31 0 50 68 73 35 97 37 6 71 21 2 52 17 35 68 28 3 90 85 4 68 58 40 16 28 99 55 26 1 18 42 85 61 28 34 6 94 72 14 85 71 97 89 58 58 61 18 80 91 68 0 45 53 19 36 71 87 53 34 79 96 94 40 12 58 82 86 78 20 13 81 6 45 26 100 1 1 85 26 25 21 35 48 91 74 30 2 1 1
97 63 91 22 63 23 10 2 15 3 12 66 82 56 4 51 37 43 62 28 13 59 60 100 28 57 93 15 51 35 86 85 24 98 31 36 61 34 18 15 17 53 26 24 23 44 78 55 55 67 10 75 63 61 15 69 63 57 98 85 56 89 85 31 90 12 100 21 85 78 22 52 74 67 6 17 82 77 29 43 10 91 38 83 85 54 65 50 87 88 30 28 62 44 7 24 73 96 61 34
63 90 68 80 33 67 87 85 91 68 6 99 33 22 86 90 85 93 38 37 72 42 82 75 10 29 71 63 66 100 36 3 80 53 93 26 48 52 44 35 47 25 47 87 6 51 87 11 44 55 57 35 31 68 54 87 53 78 11 76 69 10 7 25 77 10 70 40 68 100 78 14 3 94 85 20 19 91 77 74 39 36 45 16 26 16 77 69 76 5 87 23 68 91 0 92 54 30 31 93
66 30 36 99 42 88 29 60 82 81 80 88 70 98 49 50 91 46 35 34 55 63 80 79 96 67 97 6 0 67 11 15 44 12 59 27 0 95 51 13 92 18 12 36 75 32 55 40 77 39 11 95 96 49 95 52 78 64 26 47 98 72 73 12 37 23 93 36 83 50 32 68 5 24 13 59 85 96 58 10 17 90 82 68 76 51 31 32 100 43 64 96 56 38 67 31 17 36 75 20
19 95 89 37 96 69 62 4 40 15 98 80 62 88 96 66 23 43 52 89 34 49 34 44 7 95 87 53 62 24 11 19 4 62 27 91 69 72 20 68 14 6 34 50 79 65 83 30 68 48 91 96 85 76 32 77 96 7 11 51 41 20 83 75 79 3 68 72 1 15 16 56 14 41 19 88 96 85 49 84 16 34 4 96 12 75 40 0 21 65 77 44 89 96 58 28 94 66 89 76
1 25 24 61 47 66 72 47 46 1 69 36 43 65 75 5 58 17 56 73 51 78 41 50 14 68 69 46 19 33 89 15 40 50 26 63 78 59 83 6 35 93 2 59 56 50 94 37 49 85 56 80 37 64 90 40 53 73 28 71 16 1 48 61 36 44 25 45 25 66 56 33 39 77 41 48 27 95 49 63 51 52 64 72 15 84 58 12 71 66 82 99 29 60 3 12 59 51 34 14
50 86 34 42 95 83 0 68 43 12 14 27 31 49 30 100 28 26 15 34 2 40 78 16 80 53 96 64 47 1 89 41 49 69 8 3 36 68 11 17 69 80 22 37 70 38 50 0 29 50 57 77 8 16 100 90 63 27 48 36 57 90 5 49 91 83 90 38 5 34 29 22 71 66 31 93 46 91 62 6 98 3 42 19 18 35 78 79 83 88 30 60 85 16 18 4 96 57 91 74
91 27 73 29 66 0 45 44 1 60 23 46 92 91 42 66 6 48 83 80 87 39 17 28 10 4 80 83 13 10 79 56 73 85 22 64 48 16 17 61 41 3 0 15 57 84 45 85 75 92 85 61 40 6 39 55 37 12 62 63 86 6 15 8 56 23 5 23 56 10 7 98 22 15 33 75 70 85 71 67 28 51 27 96 96 14 80 86 7 40 16 17 53 92 52 41 50 82 18 66
21 91 39 100 31 54 55 47 90 42 23 39 89 45 68 72 45 53 75 71 49 21 83 25 0 63 80 6 64 24 89 49 18 0 41 39 61 28 53 54 74 78 45 67 9 56 100 75 46 71 18 13 29 36 76 58 17 86 55 28 30 8 100 27 14 65 57 18 70 27 63 8 13 65 34 82 39 38 40 18 8 63 74 61 68 43 1 100 35 76 54 82 39 26 70 36 45 11 53 64
10 44 30 19 73 67 16 12 2 16 43 41 11 11 30 40 29 84 50 89 95 76 33 67 100 71 60 79 70 21 80 36 32 71 2 62 21 95 37 46 94 85 25 18 9 72 35 80 82 33 62 38 27 8 64 12 97 32 36 31 71 71 50 71 37 71 33 88 23 9 0 30 38 63 35 33 38 4 83 47 95 83 16 54 67 42 18 83 7 47 17 97 41 90 16 12 16 29 77 3
14 76 35 0 72 96 62 57 13 49 25 4 27 70 46 48 8 84 18 28 19 28 82 24 91 48 91 91 18 98 71 3 43 94 94 54 49 82 49 48 73 26 11 50 67 72 67 37 96 10 34 10 31 65 89 4 6 17 45 96 37 61 42 47 62 29 8 8 64 89 20 32 54 51 29 67 88 28 57 57 18 42 64 29 43 59 50 10 37 11 87 99 80 20 92 32 2 57 51 79
54 66 67 76 51 74 93 78 86 86 23 49 34 100 70 99 28 71 7 41 33 100 6 52 75 18 33 7 84 53 95 33 63 47 49 83 55 15 43 77 61 96 51 27 83 93 75 33 16 7 0 51 80 74 41 92 32 67 96 34 67 14 18 3 25 20 7 35 100 91 75 68 68 84 90 57 73 14 59 67 22 50 63 15 75 3 72 22 95 43 55 95 20 11 22 92 40 28 13 73
41 11 23 60 69 25 71 72 59 82 58 13 77 13 45 35 17 97 96 79 76 0 52 85 87 65 3 24 38 62 49 47 95 99 90 15 63 22 10 100 7 88 38 38 65 89 32 0 96 77 68 12 58 44 95 6 14 48 96 64 32 80 2 50 99 83 66 58 4 68 38 43 58 72 51 55 54 94 77 91 53 48 81 45 73 3 87 46 28 12 68 67 28 49 92 44 36 43 23 15
49 73 44 89 55 91 7 40 24 38 31 80 10 72 75 30 42 45 7 19 100 94 17 51 31 27 39 93 16 75 36 58 15 26 2 6 86 85 83 9 69 70 3 80 51 11 64 63 10 75 5 4 41 61 9 1 10 57 15 35 77 57 26 41 7 35 37 50 83 95 96 8 52 5 21 95 40 74 63 69 41 30 73 28 70 76 44 18 61 11 78 85 30 73 99 47 37 14 15 4
67 10 11 20 49 34 7 65 14 51 10 42 80 36 76 49 22 53 78 62 1 60 4 39 23 77 12 34 85 3 7 53 90 33 14 67 77 69 39 51 54 95 48 100 89 51 51 51 57 17 18 19 31 43 69 41 52 72 31 14 23 8 9 83 11 76 17 78 55 89 87 3 27 8 19 96 15 99 8 44 71 100 4 80 85 83 56 48 55 32 57 61 1 6 84 11 31 93 37 49
98 26 18 57 64 71 32 67 56 77 60 92 53 35 44 1 44 73 86 34 70 49 44 9 85 58 18 56 76 13 23 20 91 55 31 19 82 78 14 56 3 70 79 34 92 15 4 93 74 50 44 71 11 60 91 88 78 48 28 68 88 44 60 0 34 40 72 18 40 46 37 98 40 86 35 53 88 5 44 75 61 8 65 57 22 30 70 20 67 28 69 3 27 50 68 70 22 2 89 90
27 8 10 45 33 33 88 52 57 86 19 80 95 74 28 50 59 75 36 31 11 92 59 11 86 31 0 65 8 45 67 12 76 94 72 26 10 8 76 65 13 92 19 21 3 73 10 91 53 15 41 28 90 14 44 52 68 5 7 45 33 26 24 91 79 52 13 83 99 3 63 52 57 65 15 93 36 30 87 12 12 61 29 14 62 12 29 10 37 60 27 36 47 97 70 27 69 79 47 36
3 11 99 68 76 89 62 21 22 74 27 100 22 21 85 23 19 18 71 92 97 87 53 93 27 86 100 8 69 60 31 67 92 8 29 45 34 44 74 100 24 18 50 100 57 33 94 68 8 69 80 19 73 59 9 67 93 83 67 69 61 37 38 7 1 75 23 21 100 22 100 96 64 61 85 63 58 48 34 33 95 82 72 92 92 4 100 23 62 15 59 1 8 68 100 56 24 37 87 91
35 65 24 96 20 33 32 6 23 22 68 82 28 3 37 36 78 6 86 96 43 24 84 43 28 47 30 92 1 23 21 78 43 94 39 24 78 84 82 32 93 57 98 59 58 59 67 9 28 60 32 26 77 90 34 17 38 5 22 68 90 30 81 82 62 41 86 32 91 67 64 89 12 45 37 96 7 73 31 71 32 16 82 11 95 88 27 100 37 84 87 61 78 77 41 40 65 29 29 4
36 54 25 53 23 3 58 46 94 2 43 27 51 12 65 75 17 30 0 15 85 76 3 42 14 90 79 5 27 55 75 47 74 74 92 94 27 76 54 41 72 25 1 75 42 83 13 69 88 34 49 2 26 36 53 95 27 54 98 81 65 67 16 93 44 31 9 36 61 34 70 74 49 20 62 32 25 98 0 57 78 15 79 53 41 99 81 24 6 33 57 74 59 12 46 85 94 41 39 88
89 99 21 19 28 54 27 18 79 57 63 43 6 25 27 93 20 10 28 59 97 81 51 47 94 19 29 16 94 41 20 3 79 86 78 29 58 49 94 35 57 47 59 80 37 100 33 31 18 29 74 17 30 37 2 18 84 26 75 90 53 13 46 79 33 32 25 36 70 34 38 22 1 33 56 67 55 24 48 73 90 69 19 14 26 97 72 83 8 21 9 77 3 54 95 61 32 72 1 3
67 12 81 87 93 42 78 51 52 22 54 54 31 34 31 81 2 55 65 26 59 45 8 77 21 55 60 77 31 4 3 76 51 1 82 24 51 19 83 62 85 19 5 7 42 76 40 36 71 1 93 14 45 54 37 13 61 46 44 19 19 48 63 72 41 92 80 8 58 22 89 54 32 92 10 89 100 59 8 28 35 55 68 70 2 86 25 61 0 35 68 30 47 83 26 73 64 10 22 94
39 3 48 44 50 90 39 86 37 97 72 77 26 51 7 84 53 34 58 8 48 36 83 1 41 87 91 53 38 10 17 44 80 63 75 44 74 92 94 3 0 90 54 53 23 59 32 93 57 60 1 79 57 82 64 37 14 9 57 28 58 60 99 92 21 69 16 18 98 73 85 83 46 46 16 51 62 48 2 96 73 90 68 77 56 83 23 37 10 66 93 32 90 75 40 24 7 5 18 93
8 38 34 78 11 88 8 63 92 64 6 54 58 41 58 48 80 17 63 3 68 66 56 42 59 65 82 61 80 76 20 57 4 12 4 96 95 0 95 98 52 23 81 67 80 74 45 1 40 62 55 65 92 32 25 32 84 19 96 45 53 40 66 95 85 75 45 3 51 23 43 4 93 85 88 49 58 8 23 84 47 99 95 33 89 79 76 15 22 35 6 5 36 16 60 9 15 68 4 96
