14 71 35 74 15 99 48 41 20 81 99 4 6 84 43 74 58 99 7 91 33 35 92 100 79 59 38 40 20 31 74 60 78 1 89 1 51 83 9 89 66 28 80 95 22 76 99 48 56 54 22 35 36 38 77 59 50 57 97 99 15 45 23 49 56 43 98 10 11 83 92 56 44 50 34 73 52 15 49 25 5 73 89 98 2 39 16 20 58 92 96 0 90 35 0 39 30 45 73 0
65 38 59 64 12 83 89 15 47 36 53 55 59 1 72 67 81 59 10 51 25 44 17 54 3 21 54 23 48 66 41 66 47 3 81 75 57 80 35 18 27 45 83 85 97 43 78 68 100 84 22 41 45 71 58 41 70 76 29 51 21 73 8 45 48 54 81 40 81 37 85 77 10 4 59 98 14 39 92 91 75 83 75 66 31 58 26 9 33 88 40 23 67 100 96 2 12 13 22 51
66 4 99 71 3 35 87 62 5 35 25 58 86 27 51 93 7 4 87 51 91 90 8 23 26 46 70 20 99 18 95 73 84 94 8 63 30 1 74 33 0 74 56 12 48 85 14 81 43 99 58 62 77 57 34 26 77 45 0 65 45 94 66 18 49 37 80 9 39 75 11 70 4 97 3 40 85 47 27 82 65 42 65 12 86 69 98 8 28 73 88 35 25 22 78 22 24 60 89 35
36 61 59 23 80 32 54 68 82 74 69 11 46 84 8 51 81 78 87 89 10 59 24 87 6 10 52 64 48 1 76 19 17 83 41 5 96 74 11 24 2 55 98 81 37 10 73 14 37 3 52 25 21 75 75 6 1 36 93 92 97 49 10 48 85 24 90 49 55 86 57 98 30 84 22 11 99 3 63 20 11 68 49 47 97 93 17 71 79 27 64 98 65 70 79 71 60 33 24 32
10 55 50 78 88 71 10 10 15 57 4 17 59 97 38 28 7 87 59 63 46 91 0 19 41 73 79 43 52 76 98 6 8 51 81 94 4 79 44 6 13 62 60 21 95 47 5 72 1 60 21 40 98 11 40 31 96 18 61 38 66 21 79 69 45 62 0 16 67 1 8 58 51 72 3 52 59 64 83 25 51 27 13 88 77 33 69 84 28 41 2 34 50 8 29 20 11 16 43 3
74 96 31 16 10 56 10 27 9 36 73 56 38 10 30 63 98 20 54 15 20 39 2 16 87 10 56 20 92 5 62 92 100 89 43 6 21 90 10 99 90 23 83 19 56 14 11 3 16 61 14 2 61 40 34 52 24 45 61 16 8 97 6 5 32 84 51 37 79 34 7 75 1 61 22 67 47 70 54 68 26 10 50 27 53 77 65 55 78 80 2 0 72 15 86 38 26 84 81 1
14 44 93 32 83 66 35 21 56 16 80 57 66 40 3 100 48 90 24 77 66 48 36 77 69 0 48 21 52 37 91 43 29 70 21 63 66 22 47 88 16 28 41 35 21 23 36 86 76 32 74 18 17 62 39 15 84 93 78 67 39 12 48 21 50 43 30 100 36 52 7 68 6 30 96 4 36 32 96 72 1 23 94 51 78 79 38 45 4 8 3 24 18 72 53 37 47 20 30 17
45 9 98 69 75 28 98 69 86 46 3 84 95 22 4 31 47 31 92 50 27 24 65 16 54 73 93 51 100 85 41 0 87 8 25 36 11 60 57 91 41 44 53 2 36 60 64 34 45 14 13 51 41 29 13 40 32 7 52 53 50 6 98 34 67 46 69 15 47 0 48 72 69 17 20 86 54 90 81 50 72 39 7 27 10 7 24 98 87 83 96 54 66 9 67 78 78 30 5 17
92 8 52 25 9 15 73 70 49 81 95 70 4 35 11 80 69 12 88 59 55 54 26 24 10 56 52 95 27 10 56 76 93 43 47 69 56 92 21 13 6 54 51 11 66 90 27 15 5 95 9 96 39 40 30 41 39 83 74 14 61 2 54 93 60 71 93 3 41 23 88 52 78 35 71 95 16 6 20 65 34 45 96 38 92 10 87 38 81 22 68 30 2 21 81 41 1 99 74 75
91 81 18 82 18 7 80 21 37 72 70 50 42 52 56 99 46 31 48 37 67 61 84 0 44 26 18 66 86 79 96 12 48 73 76 38 33 60 52 19 77 90 84 80 92 13 37 89 45 94 13 61 18 12 87 76 30 54 60 80 0 70 97 79 15 54 34 92 86 56 31 0 5 26 23 0 50 85 60 67 2 32 37 14 93 99 81 99 20 60 12 99 89 7 9 33 93 5 52 57
82 50 73 72 98 26 14 62 48 2 55 49 93 31 2 43 54 3 85 36 63 8 47 22 33 92 75 56 80 6 65 4 35 31 53 5 11 40 97 9 93 2 25 97 83 64 55 17 86 93 5 80 37 44 78 14 64 91 53 85 11 17 34 57 49 65 2 31 22 85 36 96 65 25 69 40 17 31 97 61 91 100 98 72 9 89 8 98 32 78 66 96 88 1 53 6 25 74 20 94
20 98 75 84 73 42 12 86 97 4 62 38 84 23 60 22 84 42 40 93 87 0 54 80 93 36 41 35 74 52 74 10 18 9 17 88 46 2 81 14 18 61 9 20 51 50 10 80 37 87 85 10 62 58 21 86 78 79 24 38 40 7 39 59 40 2 66 77 71 82 78 37 72 1 23 58 51 60 45 37 2 2 38 52 60 98 38 25 15 16 77 71 42 4 14 62 90 93 76 87
28 6 3 52 40 36 61 25 29 58 91 27 57 41 32 71 69 61 25 67 80 36 98 42 90 0 34 65 35 30 93 40 18 6 1 10 69 95 64 0 43 54 41 23 21 7 64 73 24 19 16 37 98 2 90 63 21 78 52 61 49 72 7 10 71 25 73 75 44 42 54 47 41 0 67 33 38 1 64 28 82 83 45 31 7 97 35 97 98 39 31 51 43 46 46 47 76 68 3 93
47 87 5 55 45 51 44 70 84 68 58 74 70 89 25 9 0 87 33 49 15 11 12 70 78 82 73 15 84 15 18 76 5 59 9 44 93 91 31 59 90 70 88 92 0 78 21 17 45 31 8 54 56 60 99 51 72 80 19 10 33 78 28 18 83 36 33 62 29 31 1 50 58 42 26 96 19 29 60 9 77 70 10 73 3 65 8 17 2 91 35 82 92 49 5 17 4 56 31 82
65 62 27 16 17 54 5 57 92 13 98 0 13 14 66 54 21 52 24 44 2 90 43 27 89 62 19 10 17 69 1 24 35 21 13 83 44 16 4 27 95 2 30 70 28 26 98 82 18 16 6 38 74 96 50 87 85 14 56 18 23 7 48 79 45 51 22 76 81 45 94 70 48 51 34 51 79 60 73 78 94 14 12 67 88 15 93 69 69 16 74 70 83 25 82 16 75 34 89 11
76 14 94 52 1 9 94 11 10 99 97 12 79 3 14 67 21 93 81 40 81 24 27 74 46 42 96 76 41 2 12 17 97 84 56 80 20 86 96 12 60 65 72 38 66 91 92 73 10 19 89 26 67 54 43 99 87 5 63 91 80 89 25 6 60 58 2 71 71 58 87 42 7 78 49 1 30 75 1 25 21 79 81 66 81 69 31 34 39 94 85 60 48 90 73 42 85 80 11 26
56 17 19 47 40 96 18 20 61 2 92 68 15 62 89 86 30 35 56 70 83 40 37 78 93 50 10 11 37 33 92 64 18 68 41 20 44 35 34 53 16 44 68 47 72 100 47 87 55 95 34 74 82 32 10 24 40 32 12 33 59 88 17 88 66 23 12 82 1 81 87 60 91 80 28 43 93 40 8 56 36 22 48 22 18 45 69 73 96 68 15 30 28 12 34 32 53 59 26 23
28 89 4 24 59 24 1 2 54 13 93 52 46 99 87 69 41 0 29 80 39 4 7 33 2 39 70 53 43 11 58 89 32 71 41 41 6 63 74 41 86 7 54 73 78 86 97 74 82 29 77 19 35 35 65 32 39 20 13 49 40 41 18 70 4 82 81 46 99 10 38 59 7 70 48 78 70 12 39 69 16 17 30 68 87 53 46 8 97 72 86 57 36 87 42 73 85 55 20 84
33 10 64 92 79 70 34 35 65 70 42 2 96 24 57 82 41 28 73 82 42 44 7 51 67 98 66 64 73 56 53 59 96 73 47 11 75 19 71 81 90 20 54 88 51 12 12 15 46 93 100 29 6 5 3 87 32 59 41 0 45 9 24 15 62 67 81 23 69 88 13 74 38 72 87 9 38 64 86 10 61 80 16 89 16 29 83 40 10 11 100 79 8 47 42 9 61 66 8 94
11 20 75 60 62 44 77 93 37 15 46 55 48 23 83 92 79 8 95 83 63 32 17 43 7 22 81 33 64 28 21 65 94 12 50 95 11 32 84 52 22 28 21 15 80 48 30 82 64 20 25 18 85 71 26 25 87 35 52 63 37 67 73 65 74 19 40 79 21 40 69 46 2 78 56 30 86 67 32 62 57 32 90 44 28 96 48 96 9 25 39 51 64 44 43 73 7 64 51 66
84 78 9 63 26 1 77 16 68 22 91 96 100 96 38 48 56 54 35 17 76 57 94 18 36 32 61 27 8 57 1 72 53 80 88 80 42 16 99 67 18 89 100 55 3 55 33 94 68 82 34 58 28 65 15 24 50 56 96 75 89 87 42 88 82 65 43 85 86 78 78 13 81 45 15 69 72 73 62 21 31 83 79 5 64 41 37 95 38 24 37 81 2 72 86 19 7 24 85 2
2 32 69 55 27 22 62 38 81 36 14 74 1 52 97 24 23 51 63 38 28 57 72 100 8 58 10 67 0 77 64 79 89 91 69 59 15 26 0 55 11 92 67 64 78 74 95 20 24 86 36 86 46 77 72 17 88 37 57 3 55 55 46 66 96 78 56 75 50 26 4 5 26 28 37 89 4 16 99 90 51 21 67 28 28 96 18 5 11 42 22 49 38 95 36 88 95 31 51 9
68 15 86 97 12 54 72 11 27 93 40 87 37 40 33 1 10 11 100 62 63 4 26 44 76 26 72 18 87 57 16 51 91 85 6 32 49 46 81 93 41 0 91 73 35 57 81 68 86 28 25 9 15 71 79 56 9 83 20 44 92 77 41 93 56 83 95 85 42 83 64 27 57 5 19 82 23 86 86 5 95 42 33 13 63 49 55 57 98 73 94 84 63 88 76 70 42 40 55 86
34 2 65 7 43 20 38 75 42 91 36 52 32 17 6 59 73 21 68 38 61 99 84 32 99 68 28 96 59 6 44 7 26 68 12 63 20 62 7 81 38 98 58 46 61 8 66 76 83 23 68 77 5 64 34 61 78 81 48 77 31 75 74 72 68 47 69 100 85 52 33 22 61 85 5 77 50 91 67 85 100 52 48 96 68 61 16 17 92 30 16 94 36 27 79 67 42 38 41 3
40 51 67 86 45 30 55 88 80 69 53 22 4 0 27 21 56 64 17 38 97 9 92 25 36 29 84 30 62 16 77 4 42 41 10 38 26 64 16 97 96 65 85 15 79 74 99 79 80 47 10 29 44 80 75 31 14 60 17 66 76 81 96 90 22 41 13 86 75 46 19 5 66 34 68 83 24 90 0 39 97 53 27 69 81 41 68 37 29 21 59 96 24 3 52 80 37 39 90 85
62 12 16 43 3 81 48 53 29 48 36 99 44 62 73 55 11 22 14 21 100 94 46 68 64 26 7 26 57 57 65 84 45 19 1 23 59 100 12 4 23 46 69 17 13 44 66 87 34 93 63 17 48 4 16 60 74 96 42 7 81 37 11 46 86 4 20 39 89 18 62 3 9 3 75 50 40 99 21 49 89 36 65 58 78 98 22 65 60 40 7 12 44 48 59 80 9 18 7 18
48 0 70 38 95 24 50 55 7 93 53 77 51 68 64 5 82 15 61 22 0 62 96 93 78 26 76 45 97 25 82 52 81 42 78 0 2 86 79 45 5 31 56 80 34 17 37 25 34 50 73 27 53 97 11 61 100 55 60 41 83 91 82 80 8 2 100 78 37 99 36 75 27 87 54 33 57 52 2 80 98 56 43 67 13 18 18 100 45 24 56 80 49 15 41 80 20 26 30 67
17 64 75 97 16 56 100 72 78 52 96 4 82 81 69 64 46 41 7 96 99 46 57 5 97 58 48 75 93 82 54 51 71 24 96 99 24 46 35 68 79 8 21 98 58 51 56 15 68 82 6 60 89 39 54 19 2 19 37 7 24 80 88 17 67 7 36 16 18 31 23 55 14 39 22 37 61 79 73 85 55 87 29 35 82 26 7 94 15 47 87 13 67 15 92 44 91 77 9 51
51 67 82 26 97 43 55 82 89 1 40 86 92 47 96 39 49 85 63 82 67 57 72 23 58 51 16 55 62 74 5 54 100 76 60 17 39 15 63 30 77 23 1 56 41 28 42 92 100 64 5 20 92 6 56 45 60 54 73 40 24 62 13 87 44 9 90 17 25 64 27 12 78 99 47 59 74 16 43 63 10 10 54 0 20 48 98 70 40 36 81 95 28 3 67 8 55 80 95 86
34 98 28 64 40 97 0 2 37 34 56 83 28 24 56 93 33 62 3 98 30 7 48 2 52 42 5 94 43 65 11 99 47 11 5 80 8 33 61 58 96 50 92 21 16 53 31 74 79 11 98 88 17 28 51 48 37 43 7 38 74 59 97 87 22 58 42 82 61 32 59 79 26 0 6 44 72 15 20 34 3 44 0 11 34 47 43 74 64 95 53 100 66 25 40 97 20 89 51 60
60 46 0 78 32 79 24 81 55 85 42 20 17 27 47 73 5 71 95 68 18 16 35 65 16 58 31 41 58 69 45 92 46 14 4 1 73 78 55 56 5 75 6 74 7 7 68 58 66 77 70 53 73 24 60 13 99 75 17 100 60 15 46 45 96 69 88 52 33 44 48 40 87 100 80 100 33 34 32 22 87 30 2 94 18 78 93 92 97 45 74 46 87 31 74 17 53 2 20 52
22 36 69 83 57 22 21 20 63 18 61 33 40 9 54 91 88 13 40 91 44 81 83 99 75 81 70 42 22 39 70 24 77 41 8 99 65 50 4 28 78 7 49 61 88 19 37 34 18 64 75 80 35 82 15 19 50 30 42 48 98 59 48 32 3 45 82 51 52 76 78 76 62 0 89 5 19 58 12 5 78 77 96 7 99 48 70 57 74 3 40 48 12 55 12 55 31 93 63 75
28 85 10 17 5 23 25 15 14 85 7 82 18 59 7 67 14 67 18 73 98 17 25 81 89 23 59 21 25 6 44 2 57 22 56 30 11 77 21 19 35 45 45 93 24 5 78 14 9 76 41 88 15 24 83 54 52 41 41 77 18 20 17 31 49 59 39 72 98 48 82 94 70 51 65 13 10 49 42 97 16 44 96 24 54 22 46 10 37 4 13 25 5 1 4 36 14 7 98 20
22 58 1 70 84 42 35 4 19 98 70 2 76 81 61 0 81 16 31 82 62 86 49 11 77 36 36 94 71 71 26 26 51 64 84 63 17 90 16 29 70 62 12 77 23 13 46 38 85 24 54 6 4 17 20 14 56 77 29 85 44 46 7 66 48 7 22 40 75 41 30 90 90 14 83 7 77 66 26 46 14 19 29 22 34 69 32 15 86 83 51 85 42 42 9 4 92 92 53 97
5 88 8 37 2 99 59 48 97 85 74 100 100 45 75 43 58 29 34 58 92 49 97 100 24 19 62 77 56 28 11 67 91 50 39 61 72 76 4 77 27 2 64 53 62 27 52 30 54 55 42 98 13 76 86 10 76 75 48 8 100 39 66 15 74 51 63 86 2 29 54 48 42 65 85 13 66 86 97 51 38 22 95 49 46 31 7 9 74 58 3 93 22 89 2 78 100 3 62 77
8 28 21 21 62 77 83 94 87 10 57 11 68 3 2 72 96 38 46 68 77 22 40 57 27 72 15 14 17 52 59 72 42 54 80 75 84 94 30 75 57 50 69 28 62 37 6 38 38 69 55 90 81 7 6 5 0 38 39 80 13 100 15 29 31 93 64 42 65 52 19 48 84 2 36 25 73 26 40 87 63 52 21 2 56 83 35 45 55 27 32 23 27 15 90 6 98 39 11 54
87 11 47 56 77 32 69 82 25 10 77 28 9 85 71 19 8 63 11 49 24 9 35 78 63 67 47 23 19 92 64 45 60 87 39 43 54 85 4 4 37 86 55 66 98 72 10 97 59 0 29 67 75 6 1 8 18 14 9 7 84 92 7 42 70 90 33 24 35 75 83 47 5 54 75 8 7 55 88 37 62 91 14 86 28 21 77 47 75 10 20 50 62 97 70 30 87 99 19 98
92 86 79 62 21 7 27 84 2 10 18 78 11 27 52 14 65 25 60 27 32 18 71 79 30 90 76 97 53 73 65 58 93 92 0 91 54 43 43 22 33 3 66 83 100 77 48 15 45 18 11 38 19 67 79 49 49 83 56 3 78 4 0 1 23 29 71 30 34 34 53 20 58 61 7 54 91 40 12 13 10 5 61 59 94 98 43 3 27 83 62 74 90 73 59 95 6 45 64 87
5 4 76 48 92 81 30 48 91 16 78 18 34 83 11 37 36 8 51 84 34 92 4 11 18 79 19 86 94 36 11 80 97 97 88 32 71 84 79 95 58 33 61 92 54 70 36 74 12 25 79 97 35 92 67 59 84 59 89 11 10 80 41 14 84 34 31 47 27 47 3 75 7 59 85 53 92 34 32 71 53 54 77 88 99 19 42 66 35 13 17 38 36 82 58 95 17 59 18 12
69 34 28 61 61 99 32 15 57 7 0 83 61 22 98 67 5 91 85 18 9 44 55 44 70 82 19 39 36 64 55 48 38 26 59 0 98 31 71 73 94 22 69 15 24 12 37 48 51 82 81 63 87 1 65 39 80 16 9 54 62 96 77 57 35 13 1 6 40 100 4 38 15 19 23 66 29 66 85 46 70 74 62 28 12 57 64 22 4 82 27 54 81 26 27 61 26 61 92 56
37 3 48 86 24 32 96 81 20 5 64 12 86 45 3 70 93 71 1 75 26 25 78 8 52 42 87 91 52 25 71 60 90 82 0 48 78 97 68 18 97 32 30 18 72 95 76 7 74 65 11 48 19 40 22 42 100 95 37 37 58 62 18 17 79 98 71 82 60 36 98 96 24 25 9 44 87 3 57 79 5 52 73 80 74 81 44 40 13 42 0 69 2 89 1 46 88 85 4 78
57 49 54 53 9 56 0 89 59 83 35 51 48 80 32 1 36 64 20 50 51 58 38 91 17 23 46 24 72 46 65 8 83 6 7 100 20 4 88 88 83 33 2 4 15 73 98 14 100 27 70 38 6 30 38 14 83 59 66 99 4 3 98 48 76 71 53 28 31 90 92 31 96 69 56 46 83 76 84 55 36 24 21 57 57 37 46 85 27 6 67 90 90 69 14 13 47 26 75 100
32 39 22 27 49 37 37 76 79 6 54 99 90 33 96 52 40 28 75 95 65 32 96 85 15 51 94 51 91 46 2 91 26 49 54 94 82 55 65 94 18 39 58 61 59 36 3 10 20 34 29 56 54 99 64 0 53 43 66 56 39 29 81 68 67 56 13 4 66 20 63 22 36 18 43 80 58 35 87 95 24 90 50 60 29 24 18 17 39 85 16 39 21 40 0 57 69 16 67 82
64 61 81 13 18 89 47 21 91 81 29 96 18 85 76 99 1 36 9 68 97 5 38 21 73 9 57 83 65 100 77 89 100 34 64 0 98 77 83 93 38 85 25 55 46 76 77 45 13 34 3 98 59 8 28 17 19 25 49 7 52 84 76 83 25 36 15 77 64 99 87 47 1 64 99 27 31 85 100 63 45 57 49 10 20 97 81 50 37 77 33 0 25 48 97 73 6 32 94 90
85 22 22 73 47 81 22 10 26 38 77 39 46 63 99 77 98 40 30 7 11 15 86 2 24 88 97 94 23 88 66 5 26 25 34 1 63 92 72 20 81 60 25 25 48 63 33 39 79 48 24 26 19 95 67 42 67 35 84 21 77 100 100 87 15 47 57 81 30 85 21 99 48 79 26 12 27 78 40 55 73 57 44 64 55 93 13 89 16 91 84 63 45 70 63 59 95 45 81 98
31 16 60 97 49 60 60 60 24 51 47 70 55 55 68 48 91 17 45 13 15 8 24 13 72 74 77 93 91 97 4 66 68 19 97 56 20 68 40 88 82 52 51 80 96 59 26 31 27 52 1 6 26 8 87 77 19 89 53 11 30 42 55 0 36 73 95 43 43 20 60 10 43 58 8 58 52 25 19 52 92 17 80 53 74 50 86 48 17 38 9 17 17 13 15 68 80 97 64 51
89 54 61 46 92 66 89 84 71 14 90 37 19 49 67 8 27 94 55 57 93 83 25 85 100 4 73 3 91 54 56 77 17 35 38 85 56 65 51 41 34 52 43 84 57 82 56 79 41 33 71 68 54 84 19 0 66 71 81 65 62 16 98 4 50 60 94 81 37 52 24 13 86 31 7 28 5 97 90 68 44 69 93 72 90 61 26 49 26 96 87 98 1 55 94 26 20 51 13 7
41 60 82 46 52 2 42 86 33 4 0 34 56 43 68 75 88 37 6 32 72 15 20 27 90 37 85 89 27 53 26 61 31 53 28 49 69 69 94 47 86 29 58 47 16 59 71 62 45 14 53 61 94 86 43 34 15 39 54 8 91 36 12 39 80 80 94 82 28 48 2 53 98 58 3 72 39 79 71 99 5 86 80 55 7 4 26 86 76 50 24 11 38 86 92 22 7 15 71 40
34 71 97 61 3 39 29 26 53 66 77 36 26 100 89 44 7 20 65 74 37 6 30 49 5 37 64 21 56 60 97 38 3 97 21 69 86 62 2 56 41 66 99 22 87 39 64 48 79 12 48 64 85 50 99 36 15 3 17 70 20 96 51 54 78 57 31 53 39 14 83 74 28 18 78 9 54 34 97 25 42 50 80 24 67 94 10 89 81 80 73 40 19 85 99 15 32 8 67 70
10 90 28 61 46 33 56 34 12 19 3 79 80 92 43 45 63 83 75 3 73 43 55 8 26 42 73 86 27 78 57 32 52 0 26 26 0 11 8 77 24 8 54 49 77 30 70 18 97 5 65 33 91 65 11 42 34 27 60 57 93 100 94 55 21 95 77 73 32 80 92 72 25 25 68 50 28 69 55 72 82 87 16 67 7 54 35 49 57 61 6 62 8 39 92 26 41 2 42 99
89 93 72 9 17 91 92 39 97 9 29 57 23 44 82 89 39 53 38 85 89 2 11 71 67 95 80 76 56 37 60 77 20 50 52 79 33 54 92 20 70 58 7 61 11 64 42 14 100 6 0 92 36 42 1 63 0 72 34 39 48 47 89 54 85 43 76 48 99 40 33 9 45 92 86 4 91 13 15 68 0 64 4 70 18 19 85 55 66 80 62 25 20 82 45 83 41 52 4 64
94 16 22 56 38 73 18 87 60 79 12 83 45 8 20 91 1 78 45 90 34 97 73 65 40 73 1 24 27 20 38 40 41 91 52 56 79 50 62 49 29 25 72 93 34 95 93 1 18 94 27 9 60 98 2 69 61 73 30 54 70 80 36 15 17 62 100 29 50 73 16 37 98 29 5 59 2 31 16 16 58 91 42 77 16 89 10 78 52 1 7 42 11 6 72 81 64 89 65 67
28 50 49 68 48 82 1 53 81 37 42 46 59 76 68 72 25 25 78 16 94 14 81 15 67 72 41 77 75 78 27 75 72 1 35 83 24 66 42 57 44 80 3 73 38 3 36 27 77 52 4 79 96 44 16 43 18 24 15 32 98 53 44 4 5 8 2 44 35 93 81 85 51 53 8 96 90 64 86 18 69 86 78 94 19 39 96 59 20 87 40 29 52 27 57 2 37 33 41 13
34 27 87 49 76 86 43 66 21 94 67 34 54 13 79 6 42 31 24 93 51 89 30 13 23 16 85 41 24 99 50 40 63 54 13 18 29 12 35 20 39 75 77 7 11 65 50 28 44 51 84 43 12 11 22 54 44 48 8 34 36 82 87 60 17 92 58 23 4 31 16 81 73 94 9 55 22 13 49 36 27 53 22 44 84 8 47 26 19 12 2 10 49 58 60 94 0 34 91 16
63 14 22 62 46 16 22 9 30 37 3 4 20 31 88 12 19 21 46 85 96 79 73 13 35 38 38 76 10 74 99 1 84 33 42 11 39 3 37 69 53 8 45 23 46 50 82 32 77 80 46 47 39 33 92 92 61 54 63 6 9 19 67 49 16 42 65 79 4 2 23 9 38 80 82 45 34 66 90 3 39 13 99 41 17 15 5 78 79 94 62 16 97 63 12 78 6 41 36 56
57 58 80 53 90 45 34 41 4 9 69 45 24 69 11 6 49 15 77 78 54 7 90 98 42 11 64 33 25 87 78 42 57 41 25 66 99 80 56 32 25 71 93 96 39 51 82 38 27 34 90 58 80 94 28 93 8 47 4 66 45 97 17 77 86 16 64 31 97 86 51 1 61 52 81 60 41 63 21 60 93 7 53 65 34 44 28 52 21 91 69 52 77 4 53 88 31 21 29 15
72 54 40 65 77 37 17 76 4 58 72 39 31 60 99 1 35 31 55 17 49 2 21 90 48 30 29 36 28 99 91 61 57 58 18 30 83 70 13 79 21 29 20 23 48 78 71 30 14 42 4 66 88 31 26 34 36 11 76 71 71 67 0 52 54 73 34 84 35 45 26 71 95 30 18 88 23 56 5 25 78 1 74 9 31 61 33 55 85 77 89 42 71 0 61 17 29 35 49 95
21 67 71 55 42 71 82 55 34 53 50 72 34 95 26 4 30 68 17 18 46 49 11 65 89 78 37 53 57 81 51 3 97 31 62 84 12 29 61 17 45 27 42 15 84 64 20 94 89 38 56 99 0 32 78 65 31 67 54 57 13 90 25 22 55 65 80 77 49 88 21 54 52 100 35 90 77 37 50 37 34 8 39 27 52 53 29 50 68 64 28 85 24 29 3 46 33 47 37 7
64 58 20 57 66 2 43 23 44 0 64 62 52 2 37 95 1 88 53 13 65 8 48 7 100 7 93 27 27 93 56 98 18 37 90 23 39 71 46 23 50 93 9 58 98 18 42 1 86 37 76 20 49 85 36 68 59 34 2 82 40 99 84 8 19 61 13 40 25 97 31 95 34 38 46 1 72 99 100 3 75 88 30 54 9 12 40 22 61 21 1 58 47 18 61 37 15 16 89 60
89 58 98 16 9 1 55 69 93 61 46 0 90 80 42 20 37 91 16 61 42 70 45 25 74 92 25 42 61 22 99 17 19 11 11 62 97 97 56 41 47 74 100 32 64 67 1 79 81 16 44 62 35 5 64 20 64 72 29 46 0 80 85 91 49 9 35 11 16 93 68 88 24 46 66 7 1 45 30 84 87 0 7 48 4 1 79 16 73 84 2 65 86 89 17 96 64 23 24 49
22 83 4 59 23 21 28 84 11 68 10 87 65 90 69 63 50 46 55 46 65 54 16 15 60 77 32 68 65 18 51 57 88 92 68 12 42 75 7 84 23 26 39 65 17 28 17 8 99 66 80 96 61 22 12 38 85 79 11 52 90 67 50 37 81 40 20 1 27 93 77 44 16 7 69 1 76 33 20 85 28 2 72 95 89 99 94 38 57 67 94 36 93 89 73 18 54 76 16 10
38 75 14 3 99 1 70 80 16 63 91 25 23 17 86 20 88 88 32 70 44 5 76 5 93 99 94 28 83 77 92 11 60 31 26 12 31 31 51 73 69 6 36 43 11 39 83 90 34 29 10 30 44 45 89 76 23 81 81 21 3 42 16 17 47 24 15 66 95 35 94 100 28 30 72 54 43 32 48 53 48 54 58 24 73 98 50 31 96 27 34 84 46 61 3 64 19 50 9 0
48 39 56 30 75 63 52 80 93 7 63 22 0 96 80 61 16 59 56 93 16 69 30 54 6 95 38 7 62 82 98 45 39 82 88 29 32 73 55 10 29 36 87 7 15 38 12 70 52 24 20 66 74 82 92 56 84 46 82 61 20 95 12 50 85 9 97 74 39 7 49 96 35 60 80 76 19 35 8 80 17 28 90 4 32 9 26 48 47 75 7 18 20 80 46 94 47 72 62 59
26 68 52 73 79 30 78 84 73 76 72 54 27 39 98 34 17 48 37 50 25 32 52 89 97 33 90 0 7 63 17 52 8 70 99 92 9 60 41 83 23 25 54 94 43 81 85 23 92 0 60 65 99 23 28 13 54 74 0 44 11 16 13 68 74 98 58 7 61 29 41 43 28 89 3 83 89 18 16 40 79 97 88 35 32 46 13 25 18 0 29 59 56 44 19 51 85 1 74 47
21 84 4 63 63 96 13 84 50 2 54 23 13 62 94 71 14 6 25 25 71 46 46 69 33 78 27 19 93 61 9 61 99 71 34 89 17 47 19 8 49 60 90 11 18 21 71 61 47 51 84 57 50 56 66 59 89 22 76 12 4 68 15 22 16 58 48 3 15 55 32 56 95 86 3 69 71 55 54 41 57 55 11 75 10 36 57 43 8 47 72 36 23 10 54 36 22 80 89 68
95 11 37 21 21 64 63 63 68 19 61 9 19 5 57 53 12 9 38 32 1 91 93 57 23 62 94 60 94 36 71 80 34 15 18 38 24 77 63 4 19 16 58 91 1 63 36 17 55 4 35 3 24 20 80 49 49 43 67 55 46 31 96 81 70 67 80 49 24 55 56 87 93 86 99 68 57 14 73 45 3 99 77 88 87 81 78 13 48 73 98 49 34 19 35 90 54 68 25 47
7 26 59 94 5 42 46 1 52 37 40 20 45 98 45 73 60 86 31 36 82 44 19 37 29 18 5 25 55 38 20 58 15 11 20 90 38 39 17 92 79 23 97 61 83 92 27 76 100 79 46 24 61 40 21 37 16 100 61 65 14 78 93 65 52 2 94 42 28 73 9 33 53 5 87 87 28 18 10 59 32 58 12 20 48 6 53 12 97 37 36 63 3 35 34 47 73 52 91 19
51 21 83 8 65 30 78 7 95 2 19 75 96 6 18 69 53 11 58 44 98 100 58 80 69 60 10 33 35 31 73 41 1 95 57 80 34 22 45 95 88 35 47 44 11 47 73 100 68 93 3 29 21 27 75 22 52 92 78 54 39 19 60 94 80 29 77 98 66 37 11 17 1 84 67 100 42 80 62 88 48 100 85 87 10 23 83 18 34 36 42 63 15 51 37 79 71 1 90 58
21 83 11 53 34 50 93 20 94 28 39 91 89 9 56 23 58 24 37 42 64 77 83 6 12 37 23 48 21 65 62 1 20 60 73 0 9 71 15 98 10 27 16 18 58 93 71 16 70 41 27 98 82 34 94 78 70 85 77 27 64 54 56 29 32 24 80 69 25 73 88 66 80 89 77 97 17 65 14 68 55 7 81 0 25 2 5 40 13 39 30 76 79 73 28 34 41 39 19 90
78 70 11 4 91 31 67 57 12 59 62 0 64 43 27 98 61 27 18 54 3 23 79 76 50 58 61 14 99 78 33 91 69 83 5 100 38 60 77 3 56 72 76 65 2 38 76 34 80 67 32 45 100 96 91 43 53 21 64 5 97 33 32 6 72 44 98 3 53 11 59 86 1 85 94 40 54 77 92 3 93 29 82 44 73 97 11 87 95 58 85 40 0 48 37 64 14 37 64 78
71 25 36 59 10 96 42 59 71 46 88 77 47 12 13 33 49 63 43 23 25 30 45 89 37 89 62 49 13 29 59 35 47 2 19 72 55 67 41 40 62 64 45 58 18 2 33 3 92 8 33 68 81 14 77 10 30 41 31 13 13 21 23 16 46 76 55 80 80 31 70 12 25 65 32 97 70 21 7 10 79 11 53 52 88 60 45 48 34 19 48 10 14 7 15 1 12 9 41 53
4 67 53 87 99 98 100 18 93 38 45 78 2 22 17 95 92 64 54 15 99 41 47 87 71 20 40 33 27 4 93 1 9 49 0 13 83 49 39 23 55 12 76 17 92 68 67 45 21 50 27 15 21 79 47 86 75 76 71 89 68 43 90 1 35 81 21 42 12 20 49 55 2 75 60 3 58 60 89 89 35 20 38 22 89 47 46 85 26 11 63 66 82 70 72 91 18 83 57 64
62 39 21 13 4 97 42 2 13 25 21 11 43 42 2 88 20 27 33 87 99 65 46 29 66 78 84 45 42 0 33 24 46 27 55 88 43 39 97 27 72 80 98 80 49 76 75 93 52 48 60 81 85 4 65 81 39 5 95 21 1 60 1 13 26 95 64 7 36 41 6 1 33 96 86 59 99 79 96 57 46 76 91 90 31 98 85 21 28 32 9 28 53 97 27 10 46 0 82 12
99 54 12 73 39 39 100 61 17 96 68 75 52 24 98 6 47 52 13 7 94 66 70 24 1 15 83 20 99 67 16 71 57 75 75 66 40 2 3 64 33 81 24 81 97 43 24 89 31 82 96 61 15 71 87 61 38 73 2 68 82 45 72 14 74 68 23 21 2 43 19 26 95 6 26 81 69 34 42 30 80 43 55 44 50 28 55 16 66 15 66 78 34 47 30 56 42 54 61 26
99 32 82 67 84 59 55 32 20 85 90 77 23 50 59 27 96 1 27 87 92 94 32 34 99 68 72 95 30 27 26 77 6 48 27 28 87 38 75 80 74 82 83 47 18 38 81 94 13 97 81 40 59 16 98 25 4 64 9 75 0 51 16 22 67 5 88 42 55 55 6 3 96 26 32 71 19 92 26 77 24 6 9 59 22 22 10 14 17 11 93 90 19 88 6 77 16 64 90 6
42 22 86 17 83 40 18 66 84 99 12 97 34 72 73 14 6 100 37 73 38 77 64 84 12 5 70 58 45 44 34 21 32 44 32 45 10 74 42 35 5 48 31 73 63 22 42 86 43 85 62 73 55 12 89 19 93 19 44 70 90 28 16 32 63 94 33 86 20 89 80 37 34 3 40 49 38 72 20 46 57 77 28 28 72 24 34 44 100 2 31 37 90 19 38 96 80 41 80 58
100 61 9 22 53 32 21 69 2 7 88 37 89 70 66 99 24 50 73 93 75 7 55 4 5 36 98 4 66 19 92 37 50 93 44 30 28 19 97 65 15 91 86 19 48 80 38 37 65 47 74 73 37 21 94 100 2 40 86 65 62 76 84 43 1 21 19 8 17 87 94 66 64 50 19 99 78 50 44 63 47 36 76 88 19 53 82 94 28 48 18 30 76 27 46 57 5 81 13 66
95 50 5 74 30 26 61 46 75 66 30 77 15 65 41 87 96 65 44 59 1 71 24 83 16 54 6 84 45 9 56 87 40 98 42 84 36 85 82 76 39 33 37 15 17 5 69 62 2 9 53 23 30 83 88 20 73 51 43 80 93 68 61 16 63 21 66 69 17 10 83 95 97 48 72 86 8 3 75 56 56 34 71 58 78 94 41 25 73 2 84 7 83 55 100 57 71 9 99 20
35 32 99 59 84 24 10 49 68 95 75 67 19 8 50 9 67 33 42 76 36 94 47 62 91 2 10 97 66 82 66 81 24 34 38 27 29 24 7 40 62 50 51 45 7 88 51 44 52 79 49 55 17 27 82 43 63 45 8 53 61 89 94 100 73 95 44 48 85 43 71 68 58 45 65 51 6 73 83 17 6 47 76 29 86 57 27 31 88 37 23 2 59 1 0 67 71 95 90 80
79 92 38 36 25 40 65 81 54 52 55 17 56 23 1 34 20 64 82 83 84 79 73 33 0 93 68 78 21 64 97 34 25 17 52 22 28 69 98 82 21 100 46 39 91 66 83 53 96 41 97 81 34 12 16 17 84 70 31 78 47 59 21 60 68 64 80 93 73 56 83 15 14 18 80 88 81 60 71 70 40 100 21 82 88 36 90 64 28 96 30 35 72 91 57 83 99 34 45 5
89 27 57 25 87 25 36 100 60 45 99 83 29 41 33 76 52 60 57 25 53 52 33 87 18 76 38 99 2 36 66 68 65 11 57 73 82 27 59 82 77 64 37 8 31 75 88 70 58 39 0 94 70 30 42 92 27 9 37 57 28 66 29 76 3 47 40 18 82 99 78 37 2 89 77 89 85 56 0 90 23 43 11 97 46 52 76 61 4 96 12 48 81 90 99 96 15 26 30 56
44 83 42 18 83 63 71 91 73 17 6 78 8 78 61 48 91 44 66 89 88 1 23 4 8 41 25 59 30 57 0 13 12 29 98 19 58 49 71 94 10 68 67 66 38 95 32 77 41 45 46 27 35 78 97 19 50 90 81 5 74 15 43 46 53 49 3 1 39 6 59 67 91 22 31 84 87 70 82 39 3 92 37 57 45 60 79 28 1 15 85 31 8 63 83 0 21 45 55 74
76 83 94 57 54 20 72 24 91 43 11 72 66 67 82 46 32 56 57 58 10 52 81 40 21 65 23 67 98 64 38 70 83 47 20 33 34 3 17 79 81 50 85 46 15 61 62 42 78 90 84 44 18 88 37 88 49 33 37 5 94 42 79 52 4 84 70 41 28 98 35 100 85 37 25 9 31 15 39 51 38 12 31 99 30 7 97 82 82 70 47 74 49 85 68 70 50 28 27 70
56 14 75 84 76 72 69 46 46 71 80 52 44 93 30 61 77 91 61 92 69 12 34 95 89 60 35 30 91 57 51 83 1 6 46 7 38 48 83 19 4 89 18 80 24 68 68 30 20 75 82 11 84 23 96 21 28 30 74 67 8 98 96 24 8 38 61 34 55 61 11 67 71 27 30 24 96 23 50 38 35 10 76 68 22 50 45 36 64 91 65 89 46 47 59 63 88 78 60 33
48 62 43 83 63 34 48 61 59 52 22 71 31 44 94 49 76 7 33 72 51 49 54 81 0 32 48 56 84 46 40 14 92 0 50 82 20 8 75 30 10 73 33 46 12 68 66 18 66 55 16 65 88 74 30 0 17 10 60 25 28 73 88 61 93 89 26 52 34 8 93 59 45 65 10 95 45 23 91 68 98 65 71 60 92 79 70 68 35 56 61 64 88 11 24 74 74 5 97 94
2 79 6 33 39 97 32 31 47 96 65 78 27 15 88 73 77 54 65 83 14 90 18 8 0 33 48 66 84 14 33 28 69 53 51 40 47 30 33 19 70 47 52 4 88 95 9 36 88 78 76 57 86 42 79 95 6 67 40 62 57 50 64 1 1 91 56 11 99 48 49 13 83 89 65 61 75 59 66 43 51 9 59 4 92 62 83 85 40 31 26 88 74 19 61 27 5 45 96 85
58 33 67 35 51 63 22 35 59 77 68 78 14 28 39 88 83 6 91 100 74 2 12 70 19 8 53 48 45 87 94 64 99 70 13 25 71 37 37 36 58 39 23 32 11 35 22 23 21 84 100 55 35 55 14 69 24 3 59 54 71 90 51 94 95 39 46 76 29 19 38 1 24 23 33 64 97 64 99 17 93 51 49 10 23 28 99 80 20 46 46 31 44 25 85 90 69 38 25 28
80 38 50 36 22 92 95 9 0 47 88 60 95 78 20 73 61 11 26 21 5 14 42 54 23 55 46 45 98 23 52 78 12 93 96 56 47 60 49 51 1 57 64 78 72 31 32 31 63 41 71 2 42 25 77 15 81 13 97 4 19 8 43 36 43 14 79 72 56 34 63 66 9 56 18 69 38 37 79 21 12 37 34 77 40 80 48 4 80 33 29 0 91 55 65 16 69 42 24 11
83 16 74 34 28 68 71 16 38 64 34 76 18 32 1 12 25 74 72 71 20 27 45 73 20 41 73 33 49 59 52 94 82 0 19 60 16 34 83 94 2 6 1 75 13 88 46 95 63 6 43 27 94 53 99 56 30 35 75 69 66 26 63 89 49 14 49 83 72 78 65 14 97 0 44 24 66 90 63 23 22 20 68 26 13 90 21 57 74 73 10 95 50 84 81 51 97 20 85 84
22 40 100 70 63 10 27 100 3 33 89 21 35 14 58 56 22 88 20 76 40 57 20 10 14 45 85 62 83 22 82 30 27 91 15 24 33 41 52 33 77 82 66 15 81 3 21 72 63 66 84 56 61 57 0 23 12 79 44 66 93 50 99 33 75 49 76 50 95 27 9 23 42 13 32 33 43 42 67 23 46 57 76 52 76 77 36 91 85 60 89 27 87 62 76 57 48 38 6 93
4 90 88 89 79 58 65 38 51 78 10 38 56 85 34 8 71 50 13 60 39 78 59 84 37 14 21 39 75 82 65 12 45 91 19 69 20 20 15 1 57 38 57 90 34 42 27 8 45 12 67 19 31 18 91 32 86 69 10 58 52 16 84 24 92 71 20 24 79 61 46 81 61 2 68 37 43 24 49 94 24 43 95 54 33 35 6 66 32 37 71 28 35 15 10 93 57 33 34 82
71 36 53 66 13 76 81 97 37 47 73 8 37 76 74 22 17 14 80 32 26 60 7 96 36 11 13 92 57 61 34 70 26 7 5 61 29 23 77 53 69 78 22 74 28 53 12 33 63 1 76 12 21 64 81 27 35 35 19 64 100 75 30 68 33 74 70 28 41 92 23 68 75 37 84 28 62 45 68 68 58 56 40 1 92 17 70 69 76 28 61 79 71 93 31 21 44 5 94 18
80 29 6 91 8 10 49 30 93 8 17 83 80 91 11 77 71 55 28 34 28 65 93 81 1 1 93 3 43 33 69 93 26 98 59 62 75 59 44 81 1 26 34 22 69 47 37 73 33 57 12 89 57 56 41 76 35 88 61 51 15 14 100 6 81 13 86 99 30 40 73 40 77 69 20 38 78 76 83 76 10 11 60 75 33 62 67 97 49 84 29 35 72 61 62 11 3 8 46 30
60 41 87 84 2 63 7 73 5 8 3 68 72 76 26 44 34 67 67 4 45 61 27 20 14 43 70 55 36 7 70 65 85 50 48 22 71 12 23 21 6 49 87 4 77 100 14 100 41 3 79 50 19 58 87 73 63 44 39 56 95 51 32 7 55 9 1 93 60 65 60 50 14 80 21 98 31 97 39 97 87 77 59 33 55 49 92 92 87 87 97 84 32 62 50 92 29 37 86 26
50 47 19 94 81 32 59 74 19 82 71 98 30 61 67 2 100 96 89 75 22 77 0 37 82 93 78 57 45 5 40 90 33 27 69 19 4 83 26 61 70 18 2 51 23 44 48 61 2 21 39 2 98 29 77 67 62 6 69 18 30 63 28 8 60 4 62 75 25 39 78 87 97 100 8 11 56 16 100 0 50 75 93 28 2 92 4 87 18 46 9 94 58 67 13 56 84 36 3 67
36 69 90 86 92 75 5 5 40 72 19 94 52 61 96 54 11 79 8 24 54 26 28 84 53 33 46 8 61 88 12 38 73 40 63 89 73 78 43 71 98 83 10 39 55 29 4 68 20 84 45 81 63 27 53 15 83 51 4 97 68 57 85 5 34 39 13 47 97 60 22 81 30 46 36 66 12 85 62 28 42 5 83 35 86 18 68 100 61 71 83 2 20 74 11 33 4 51 69 21
15 13 6 65 86 58 22 57 10 32 10 100 0 75 37 9 6 86 32 18 59 83 53 5 47 48 62 6 37 44 88 0 93 48 46 97 19 36 21 27 50 61 98 97 95 61 74 76 30 17 54 89 71 50 50 33 93 38 20 63 10 86 8 48 31 7 31 5 46 35 89 13 27 93 28 26 74 87 71 77 99 5 41 86 72 62 93 21 77 46 50 18 41 66 94 63 1 53 27 29
87 58 38 62 91 26 25 53 11 31 55 30 86 15 74 49 37 52 97 72 38 15 18 51 39 48 74 43 25 98 7 16 16 30 99 35 1 94 80 78 40 17 95 4 54 3 80 10 17 7 35 61 73 60 29 40 5 95 60 79 0 84 26 28 54 12 21 88 12 88 76 49 11 29 24 32 46 91 99 90 54 8 50 67 78 23 87 37 19 74 52 29 9 71 68 17 42 23 41 92
82 67 19 5 93 32 31 84 12 74 65 48 89 9 83 89 47 67 78 87 83 34 66 38 69 89 26 96 74 89 27 81 45 59 16 67 44 57 91 84 32 10 22 93 55 75 92 39 5 75 90 95 23 63 85 53 66 53 5 10 52 67 12 96 32 16 8 93 32 76 20 82 17 71 82 39 94 7 42 92 91 51 17 68 14 76 37 88 66 14 13 71 49 94 20 96 68 46 91 75
98 40 57 35 67 71 31 63 67 74 96 41 12 71 33 58 31 97 7 74 38 31 35 34 29 100 7 37 20 43 22 71 95 3 45 80 73 26 56 6 10 86 44 61 30 60 60 20 11 49 41 20 66 8 12 75 60 24 85 6 44 63 89 36 76 42 57 28 91 96 73 88 86 34 11 71 99 61 78 95 99 21 4 69 8 7 43 5 74 95 94 60 10 85 70 62 94 48 10 27
