13 82 36 88 0 87 11 94 30 55 93 45 72 99 38 96 9 33 1 29 92 72 22 62 39 12 13 94 21 82 41 68 12 97 99 8 30 17 63 28 40 15 68 42 43 21 54 14 54 4 28 91 58 83 53 23 9 52 36 78 82 81 96 54 91 9 89 13 12 32 60 76 40 44 40 10 49 61 13 9 3 7 48 96 75 97 25 36 61 54 25 48 37 17 73 20 89 41 68 46
18 87 100 90 87 37 89 53 19 81 81 34 77 11 78 54 76 96 93 23 52 89 89 40 41 12 65 89 83 28 80 3 50 94 26 4 44 31 90 68 5 8 48 16 69 38 41 8 36 83 23 17 67 3 13 17 40 62 91 31 45 87 65 4 10 16 22 15 9 23 33 9 90 74 2 77 13 25 27 17 27 42 64 45 97 20 46 80 20 56 61 25 17 92 6 86 49 91 42 33
6 93 30 0 59 83 80 60 12 77 13 98 66 17 70 88 44 89 65 35 79 56 28 32 52 13 58 88 43 72 90 30 91 61 20 15 18 33 64 98 35 57 15 86 96 95 11 25 87 17 81 35 11 90 7 57 84 31 32 96 85 98 58 43 100 30 65 4 51 48 15 31 52 11 58 42 8 19 39 97 92 32 90 75 14 8 27 15 95 10 90 60 20 84 93 53 33 88 56 8
83 96 76 78 88 56 59 98 22 42 37 39 5 25 47 90 29 33 79 28 71 96 88 70 89 71 36 38 91 29 40 15 84 1 7 53 15 61 78 69 53 64 3 95 24 56 56 63 52 7 94 80 91 26 95 81 21 49 89 19 74 27 34 79 11 21 99 29 29 93 93 8 84 15 0 69 18 40 66 61 55 77 77 85 59 68 36 70 32 2 61 64 37 10 54 2 78 43 57 60
36 97 83 83 74 7 86 37 14 79 82 29 20 72 86 31 89 13 100 58 46 79 9 14 37 86 95 97 76 49 92 33 19 63 22 41 23 100 44 24 42 14 45 28 39 5 72 32 23 32 59 48 45 35 33 24 50 81 82 98 50 12 99 73 19 34 83 35 40 72 45 81 14 7 0 69 98 9 54 74 87 77 57 0 36 8 1 59 26 36 25 85 68 83 97 20 55 14 52 56
25 14 77 57 73 12 41 40 16 38 57 27 29 9 12 17 68 4 98 49 71 55 82 38 89 49 53 13 74 82 36 25 79 80 50 91 20 89 42 97 32 8 25 74 43 16 52 35 35 27 39 13 98 71 67 42 50 72 96 89 65 44 94 76 44 76 53 19 45 23 95 10 24 87 41 45 94 94 17 16 82 93 16 10 99 73 6 27 28 44 73 79 16 73 3 47 11 42 53 24
48 2 94 14 59 45 28 49 41 37 22 41 33 70 57 99 41 88 58 65 65 68 54 47 93 25 80 96 52 64 83 14 91 34 90 15 86 22 9 51 7 59 9 62 11 67 52 40 95 33 78 9 7 16 42 9 46 74 32 30 69 40 54 40 96 77 86 79 72 21 74 95 18 35 18 69 95 44 90 85 2 13 87 63 86 29 95 66 43 63 42 1 43 8 49 42 48 50 89 51
5 91 72 32 38 14 20 92 99 85 28 3 95 87 34 97 35 67 50 29 85 78 92 34 14 58 97 25 4 24 23 96 63 35 73 55 57 82 32 80 1 100 40 82 83 64 18 65 53 61 43 5 60 12 71 16 86 51 46 43 91 67 58 82 14 88 70 51 82 73 45 13 88 99 63 53 20 87 85 97 39 86 35 12 80 47 63 97 24 17 20 37 71 81 99 47 52 56 5 34
52 55 38 30 38 86 34 73 61 76 31 39 43 56 88 33 27 82 62 9 12 77 75 76 7 87 99 93 86 31 34 2 69 97 83 19 86 100 26 41 28 49 95 63 9 4 67 12 48 49 28 41 86 32 86 11 22 81 38 77 71 54 9 72 93 22 48 0 33 100 57 51 24 6 28 79 85 37 20 13 60 61 74 86 80 17 31 73 67 93 38 54 41 89 17 32 80 77 33 87
99 68 16 77 50 4 84 12 24 16 49 77 4 65 67 58 100 18 13 77 61 81 65 51 24 76 81 65 26 31 25 47 52 81 52 67 25 60 57 77 19 39 80 60 53 44 96 13 73 57 61 46 7 70 18 42 71 3 20 4 41 19 54 69 34 96 37 90 30 20 43 27 4 21 58 26 3 75 28 41 47 65 55 82 19 64 52 16 31 28 96 21 83 82 24 7 66 15 85 98
4 57 68 91 28 80 13 76 79 50 9 68 100 99 75 69 23 59 84 99 100 35 15 54 44 69 67 95 0 37 43 41 17 57 14 17 60 26 48 38 60 76 36 68 86 94 12 58 21 89 42 16 70 73 78 95 72 41 0 52 70 86 16 44 32 24 97 11 40 33 47 93 74 1 41 8 88 100 92 57 96 7 71 58 5 4 41 16 17 0 22 82 39 23 13 91 0 94 73 43
81 12 7 60 69 55 0 53 24 39 82 7 55 98 91 91 27 12 66 22 48 55 73 94 99 50 74 93 17 3 55 86 7 40 43 68 1 52 24 56 62 12 11 73 61 57 71 84 97 27 36 49 1 49 67 48 95 69 52 65 32 0 10 13 40 28 67 63 31 95 26 64 77 45 10 48 83 71 96 40 87 14 69 72 62 4 22 94 2 64 33 80 8 36 97 29 96 19 85 11
22 83 55 74 77 81 66 26 83 2 9 99 76 53 1 78 9 39 86 64 8 40 64 13 1 93 89 67 27 70 42 43 8 31 48 81 33 38 81 89 62 37 25 45 17 34 1 22 70 85 25 75 7 5 24 47 42 15 9 40 87 25 47 93 89 54 66 94 65 92 66 48 83 45 85 80 28 2 35 75 43 0 51 25 16 40 8 74 37 29 85 3 16 90 23 63 59 27 79 77
87 0 87 84 39 39 17 58 43 69 37 80 73 4 74 51 12 57 91 15 42 41 74 64 61 19 50 25 27 92 66 42 47 69 57 39 57 46 94 95 20 35 46 83 11 18 77 16 25 17 29 98 56 98 45 91 48 12 48 48 88 35 89 82 22 97 6 30 20 92 50 0 62 9 7 79 61 86 3 53 68 25 21 23 92 50 11 41 17 66 56 61 58 27 79 82 54 61 27 48
46 72 9 67 29 1 10 69 71 19 100 78 0 87 82 54 47 78 8 8 51 60 35 13 88 61 12 83 78 7 78 84 46 53 11 80 72 81 60 55 62 53 36 45 74 89 92 41 6 77 91 73 16 29 29 97 52 79 98 95 58 51 28 66 98 38 89 39 81 81 57 0 67 79 18 39 31 87 14 26 0 69 99 60 50 88 56 4 44 12 9 25 58 85 91 98 1 61 32 55
52 53 47 94 43 40 40 39 71 29 75 9 16 56 21 56 4 58 92 14 42 52 54 45 12 28 54 1 6 87 19 96 32 82 28 62 74 90 55 98 36 100 75 84 43 26 68 11 36 51 77 19 22 71 44 65 48 64 37 98 97 59 43 19 47 48 54 31 38 89 66 85 12 32 27 38 13 91 84 78 75 37 98 39 44 6 53 63 4 25 60 40 80 47 36 53 51 62 26 24
62 25 89 50 42 43 59 20 43 97 45 85 83 38 78 2 80 5 11 59 29 90 98 35 2 69 12 30 40 3 89 80 72 33 1 80 12 49 97 70 82 68 80 3 70 59 55 35 23 4 70 71 10 82 8 35 0 18 6 90 34 49 91 82 16 30 82 48 21 42 80 17 14 54 95 70 5 34 42 72 85 69 29 40 65 61 95 22 49 4 75 24 95 15 23 49 82 56 47 15
97 75 26 99 64 50 69 12 83 82 4 56 30 82 7 30 75 58 67 87 73 89 58 77 49 89 23 95 46 70 78 13 63 10 13 3 24 58 72 75 56 100 77 33 52 65 86 86 78 75 98 6 54 45 72 35 20 82 66 45 86 86 59 64 3 6 81 96 13 67 7 65 33 24 28 47 89 28 73 15 84 53 35 71 57 40 49 16 7 69 100 10 7 17 22 16 43 41 39 49
28 82 11 0 26 14 42 53 30 41 82 88 6 79 36 88 88 82 73 25 47 42 49 96 6 37 41 3 85 36 46 11 32 87 92 22 43 18 43 48 99 49 86 54 78 14 56 42 65 11 19 94 16 42 51 62 43 76 45 43 48 98 48 27 23 49 45 32 76 62 84 8 77 7 45 70 40 24 94 3 36 72 86 66 85 26 92 20 69 83 8 93 79 70 58 76 75 91 2 11
31 93 46 99 60 51 56 49 92 24 37 8 24 67 59 75 88 47 35 96 54 38 79 97 32 91 89 39 30 75 70 63 85 16 21 20 8 23 98 22 60 25 69 15 22 20 71 15 18 12 74 72 56 41 21 98 19 40 19 56 0 88 27 65 50 48 9 100 44 9 69 88 52 17 6 91 72 57 47 3 51 71 99 31 10 17 31 25 38 26 8 9 15 49 39 77 31 61 37 72
88 74 27 75 67 12 28 90 100 82 82 13 52 6 13 71 20 50 58 4 8 30 90 30 24 83 88 2 55 11 50 56 54 50 22 42 65 83 28 94 26 13 21 5 69 71 37 78 100 80 22 42 12 46 70 4 28 90 72 76 5 32 94 76 14 7 27 0 17 40 86 35 8 58 93 75 48 98 48 4 9 67 63 20 88 20 20 51 11 10 3 57 67 72 22 40 33 11 99 6
58 7 57 62 11 48 33 75 51 7 98 93 69 53 31 76 89 51 80 97 53 73 97 13 33 85 35 14 43 26 77 45 84 34 1 34 98 27 89 48 70 57 12 81 98 18 6 15 63 38 33 32 75 37 6 65 87 45 57 6 89 59 86 60 71 41 83 34 75 92 89 72 21 32 15 76 2 51 48 94 86 14 18 52 50 11 92 68 14 45 85 54 63 57 26 27 75 53 51 74
94 27 66 97 5 53 2 0 85 13 79 91 33 100 81 75 20 63 97 68 2 13 86 68 41 13 0 44 75 42 42 91 32 64 13 58 52 17 30 39 75 40 17 15 47 62 92 96 34 84 96 10 42 21 13 82 41 95 95 55 73 68 61 45 97 54 0 60 38 0 27 99 71 27 2 54 90 59 53 16 31 100 35 24 9 20 48 46 5 94 100 51 34 89 86 46 59 55 71 90
52 27 86 86 93 50 88 95 36 90 15 72 51 82 16 37 80 20 89 86 98 95 57 2 69 33 78 90 55 77 4 3 20 2 92 12 38 17 36 53 6 82 96 63 73 95 27 55 60 35 63 73 90 20 44 94 89 85 24 34 22 26 21 10 30 3 47 74 77 10 56 31 42 12 68 1 32 38 1 49 12 3 87 56 100 43 14 86 2 49 67 46 47 38 50 71 96 44 82 21
0 70 85 90 65 7 95 64 66 58 22 46 44 98 74 71 27 68 90 71 17 18 73 96 7 64 31 41 65 66 94 69 49 5 72 24 89 60 92 13 14 29 29 75 25 4 76 88 89 30 67 92 57 31 70 32 50 58 56 57 84 84 85 52 80 11 1 91 80 6 2 95 22 64 35 66 31 68 42 22 32 61 95 92 18 21 14 31 32 46 94 22 1 93 82 68 49 83 55 51
90 53 56 51 87 12 11 8 18 51 55 13 30 55 42 65 85 57 60 57 35 96 9 42 32 36 33 20 22 48 68 68 42 56 8 73 46 94 73 86 27 48 12 19 35 83 92 21 95 1 22 88 98 10 76 29 99 54 46 82 17 91 56 94 10 83 100 17 30 100 51 30 19 62 34 94 5 79 83 100 96 12 42 63 79 81 73 49 76 3 0 22 63 39 36 96 66 11 5 15
27 79 87 100 19 82 89 52 16 11 82 80 61 99 90 10 1 17 30 33 87 29 31 91 87 26 29 20 36 62 80 38 6 28 47 9 87 9 4 28 14 13 19 67 11 78 84 36 57 48 83 37 97 57 80 0 99 56 49 87 3 22 21 62 2 72 45 43 92 64 4 38 96 99 96 4 92 77 47 4 13 19 73 48 90 16 69 24 100 4 44 69 3 47 96 47 66 23 24 56
78 62 67 31 81 68 75 69 90 62 66 74 23 100 54 93 40 7 44 21 85 48 93 29 1 73 78 74 11 11 60 21 27 40 83 25 76 46 87 92 79 48 61 69 50 41 100 10 78 10 85 82 45 72 94 45 3 12 62 59 12 33 5 72 31 77 63 9 97 15 39 75 49 69 28 9 54 86 85 53 53 8 97 21 84 28 3 75 32 57 83 67 67 76 19 65 16 52 84 20
3 82 79 87 6 8 94 88 72 6 5 55 42 1 45 83 34 100 82 15 32 20 100 89 86 66 63 85 52 77 79 73 20 28 38 84 71 21 0 5 44 30 40 16 46 9 45 48 9 98 17 47 13 64 10 65 60 66 15 75 31 91 18 37 39 7 85 78 36 62 51 83 0 6 36 82 66 23 72 85 74 13 32 60 74 98 58 83 90 11 40 57 40 73 95 47 56 79 72 84
34 39 40 66 16 82 76 12 17 73 85 74 49 96 50 99 23 11 17 10 14 44 50 91 48 8 40 1 81 40 23 49 25 80 100 12 88 92 80 91 14 77 45 1 10 51 91 80 15 82 23 13 62 33 61 49 51 59 83 31 62 88 61 95 94 98 78 38 31 93 46 79 70 37 98 86 16 7 98 34 100 85 65 85 65 58 52 58 43 42 30 19 75 37 75 45 36 98 26 81
34 83 5 43 48 44 47 22 18 44 96 35 78 55 61 82 30 84 45 26 11 25 5 82 85 81 69 15 41 9 58 100 52 76 60 39 26 26 95 20 88 2 3 28 16 98 94 50 59 86 71 27 15 9 61 27 59 15 3 62 44 39 85 22 8 88 56 30 81 74 7 40 81 33 54 46 12 22 85 54 36 76 33 68 91 26 79 40 25 84 20 7 89 50 83 78 33 57 72 87
38 8 13 29 62 30 29 90 52 64 40 30 27 29 45 51 31 33 9 63 69 27 88 44 94 28 25 15 91 72 6 27 17 6 57 14 97 88 73 52 60 27 14 24 3 88 14 44 48 63 80 63 35 26 56 81 87 83 15 52 19 23 65 85 96 15 38 77 94 82 15 19 25 7 27 76 56 50 23 74 66 6 98 68 60 85 95 94 50 7 58 7 52 94 88 100 12 50 61 12
44 35 75 52 68 51 34 66 61 75 82 46 8 59 70 17 44 1 2 94 72 61 98 60 100 85 64 53 99 49 30 54 53 42 45 19 2 47 35 92 69 0 52 76 73 72 64 87 80 67 50 91 57 35 44 78 62 5 60 84 99 59 50 46 11 95 4 87 83 68 20 40 55 25 33 55 17 20 36 37 67 55 90 40 93 58 22 62 100 43 68 61 64 93 46 9 62 64 22 43
31 43 46 50 52 71 52 2 78 61 97 89 65 57 35 5 19 58 79 91 69 51 76 15 58 10 63 33 3 57 72 7 96 88 18 71 88 41 44 55 47 25 22 59 61 73 40 52 60 75 7 7 77 44 17 8 38 75 28 32 66 54 67 85 10 2 27 73 88 0 19 78 15 16 18 21 25 52 13 85 55 86 96 40 56 89 92 78 100 69 61 66 90 9 93 34 76 42 6 30
95 54 73 23 3 84 86 100 35 83 21 61 70 63 0 18 14 61 98 71 16 40 21 39 89 62 92 21 62 40 70 98 100 39 4 89 24 51 29 60 13 83 77 77 99 91 64 52 85 86 48 7 27 4 88 76 48 45 24 14 92 45 13 92 18 19 68 83 4 60 58 51 50 43 51 9 85 0 78 25 47 91 39 78 34 25 95 2 39 22 75 25 22 69 14 63 35 14 74 50
36 93 51 55 57 91 62 72 67 60 25 34 67 4 47 66 26 21 66 57 51 43 56 92 33 72 83 98 79 13 14 91 98 13 23 82 20 49 18 61 85 42 74 2 31 75 2 29 1 93 33 85 25 95 17 27 52 49 6 92 51 2 65 42 54 12 50 30 63 20 72 65 33 79 67 88 100 35 56 55 84 31 16 12 54 15 56 64 24 25 78 92 84 98 72 65 28 74 73 18
18 79 43 19 6 66 37 100 34 54 49 97 62 43 81 78 7 76 64 49 98 2 80 82 99 15 4 39 88 63 60 8 51 96 12 67 34 28 89 91 79 48 29 100 48 16 41 78 71 70 95 98 64 32 97 65 8 41 6 20 22 83 2 87 63 0 44 31 24 51 98 58 92 9 16 59 81 7 5 86 39 43 55 14 3 93 33 87 100 37 26 82 9 18 7 92 97 17 70 37
2 25 74 34 64 19 46 18 76 58 66 99 20 54 91 5 55 67 55 31 89 3 78 80 35 48 46 22 54 22 55 83 11 19 93 17 94 11 69 68 48 1 98 31 76 29 96 1 41 96 52 18 55 24 45 56 36 79 73 80 50 33 38 74 97 89 56 100 73 84 42 33 14 49 74 15 75 11 37 21 7 34 96 12 31 86 18 24 95 20 85 46 8 55 48 38 75 60 53 35
53 99 49 3 49 92 59 68 7 40 40 60 67 32 64 99 35 84 79 44 95 92 12 59 23 0 5 78 39 95 75 58 43 44 88 44 34 27 73 16 46 69 15 50 82 73 52 69 16 67 64 73 73 36 7 22 15 68 45 41 23 42 87 78 80 29 19 88 20 66 14 53 32 18 0 83 7 93 72 56 19 38 46 9 91 40 76 99 14 75 90 56 95 98 10 32 9 98 39 2
92 78 72 52 77 72 42 25 98 50 26 72 18 24 57 91 95 36 21 45 85 74 65 84 100 90 28 71 20 1 44 62 1 12 9 83 18 25 22 3 28 47 82 1 52 27 89 33 59 85 69 56 40 81 51 44 72 87 100 33 2 100 48 41 68 52 17 41 77 87 38 5 38 95 76 25 98 35 6 60 78 34 81 91 1 76 36 58 11 42 21 54 54 79 33 77 51 48 70 37
9 86 50 10 47 40 44 74 66 63 37 62 6 49 4 12 41 89 63 20 80 13 0 69 19 36 66 26 57 18 45 41 20 86 0 37 68 20 99 74 3 100 79 31 46 29 10 27 91 79 63 18 42 10 88 25 72 100 24 64 86 82 21 69 91 1 41 63 78 30 14 34 36 50 3 26 82 87 94 56 17 19 31 2 62 22 98 87 80 64 14 88 10 30 77 91 50 4 79 52
15 59 33 52 58 55 81 48 66 62 57 17 53 5 10 21 51 14 1 28 14 29 13 10 70 81 76 86 43 7 6 30 51 66 29 95 67 33 26 85 23 99 8 75 36 81 94 3 10 87 56 35 37 6 2 68 29 91 74 97 53 30 68 93 80 48 1 84 54 87 94 96 3 60 15 6 95 8 28 95 43 24 32 100 47 17 58 70 66 4 10 35 56 9 71 65 29 83 41 74
62 3 50 54 83 80 40 93 22 13 71 66 13 9 26 44 87 42 90 61 90 89 10 61 60 94 37 78 55 9 9 93 83 89 98 71 13 15 98 0 25 16 47 29 75 43 8 20 56 97 33 34 12 47 56 49 5 8 22 1 79 66 46 5 84 67 65 1 16 37 72 29 15 35 1 1 50 77 42 34 10 49 84 60 51 100 51 28 15 36 47 20 94 48 46 76 73 70 25 16
19 14 44 96 38 26 17 8 35 83 86 79 56 43 38 84 16 23 9 97 77 48 55 66 30 33 98 38 77 76 57 1 20 45 80 87 36 99 55 99 15 69 63 87 10 38 60 55 10 82 16 39 34 27 29 86 71 38 77 77 1 64 18 20 11 13 50 13 44 33 68 78 77 35 7 43 9 56 100 45 10 34 73 75 0 91 0 64 6 7 20 60 34 88 97 87 61 4 37 96
93 40 46 85 10 10 58 44 68 66 3 13 5 7 66 72 87 62 60 42 43 18 30 7 92 88 72 100 65 77 23 41 29 78 62 15 27 91 51 92 87 56 1 19 3 42 52 18 61 59 94 96 65 26 5 58 86 46 56 62 53 98 14 31 6 28 13 48 59 36 63 96 18 27 51 73 48 82 4 57 47 7 88 37 41 14 39 95 13 13 71 51 33 91 11 15 18 52 25 65
90 68 86 31 11 33 12 8 77 100 88 89 2 29 82 28 25 10 82 54 69 48 93 9 57 43 11 25 81 36 15 71 90 24 26 98 81 59 5 24 7 8 25 1 98 99 32 15 68 20 92 18 68 78 45 16 91 29 31 7 69 16 42 21 31 49 46 2 92 76 61 79 35 95 77 57 86 22 31 56 8 48 21 0 62 92 96 79 20 18 18 63 85 78 55 66 47 52 69 8
57 50 47 3 51 81 86 53 83 62 22 66 32 16 58 82 42 54 81 23 15 3 73 69 59 30 52 84 3 73 95 86 76 17 94 28 13 39 32 25 89 33 75 90 80 82 57 67 21 93 49 32 39 7 85 58 88 81 84 3 74 72 46 71 47 34 35 26 14 3 75 50 35 79 39 28 0 94 82 35 78 49 85 34 49 32 80 13 68 63 82 54 77 11 65 30 70 13 86 44
49 60 8 99 71 83 44 75 79 89 45 64 86 40 79 84 3 84 62 60 79 71 29 99 41 87 84 79 88 93 40 46 7 95 58 16 41 38 100 5 61 70 80 42 82 81 55 59 23 24 27 42 87 98 69 96 13 39 62 15 26 5 75 7 37 53 42 99 75 99 49 32 37 10 90 8 74 65 43 19 26 18 93 93 20 42 62 96 39 36 68 9 55 82 57 5 99 26 29 36
13 25 11 34 61 5 9 89 2 66 54 85 68 68 36 29 4 21 73 5 41 82 80 66 71 29 64 62 84 7 7 99 50 88 67 60 91 92 1 78 41 3 49 82 3 78 40 53 55 90 73 21 3 7 4 85 12 74 22 18 38 45 10 56 61 33 74 80 96 19 9 33 6 67 49 78 8 62 64 88 11 57 40 78 20 53 10 36 19 30 64 12 84 36 93 53 38 16 55 91
50 9 13 40 59 32 49 11 74 2 60 45 37 11 66 0 90 75 38 1 55 17 33 66 75 90 15 16 28 54 35 40 56 18 16 45 26 54 100 22 55 94 43 62 4 45 7 7 26 11 77 43 40 68 77 55 71 36 85 95 63 72 64 78 72 63 74 41 18 26 71 38 30 76 96 91 8 76 70 74 41 95 78 6 69 44 54 86 81 36 97 0 24 24 21 63 32 78 37 14
55 26 48 76 93 58 36 27 70 75 59 25 1 52 72 82 71 6 55 26 32 39 25 3 82 23 62 89 99 2 75 13 95 74 51 100 73 54 100 81 81 86 67 31 71 83 29 20 56 2 65 53 81 94 29 92 33 21 27 16 1 81 49 29 60 52 14 15 12 85 9 71 5 56 28 98 60 10 3 55 50 7 91 19 77 40 45 22 15 39 5 45 36 76 66 58 8 71 88 21
85 42 93 43 55 16 70 37 26 31 46 11 90 7 85 9 26 77 82 96 29 47 8 86 91 89 95 45 36 78 55 44 21 37 68 59 100 21 84 70 34 85 9 49 35 26 44 92 78 51 7 68 57 98 2 85 7 42 34 98 20 45 98 71 16 21 58 17 83 99 73 31 4 40 80 70 83 15 20 34 73 60 51 72 61 98 9 69 7 25 77 15 25 31 46 12 97 79 30 44
90 75 33 68 56 50 63 47 7 42 68 65 73 84 62 62 41 47 29 16 5 51 24 86 50 15 2 42 22 20 90 73 71 49 23 94 21 90 4 86 42 14 48 90 42 59 61 86 67 51 30 34 54 55 71 19 14 55 26 91 52 53 91 37 2 66 87 39 55 88 74 99 9 38 33 48 41 98 80 29 59 41 30 97 84 64 54 28 80 95 55 45 8 26 94 9 10 56 47 35
21 92 49 94 45 57 5 21 61 18 42 39 36 80 10 13 72 67 25 0 42 81 12 84 1 11 3 66 58 100 70 97 20 100 3 67 68 77 15 53 82 54 94 61 40 13 12 68 18 9 7 72 62 94 65 30 41 76 35 41 47 43 78 83 89 14 34 50 100 98 14 78 8 5 81 51 47 81 90 10 16 7 13 85 35 35 19 87 87 31 22 63 28 19 65 93 96 95 89 67
67 21 31 94 59 7 31 34 33 72 54 47 68 29 68 55 18 39 90 49 76 34 51 6 39 45 23 29 26 92 10 31 25 20 39 23 5 8 89 61 16 15 42 54 4 41 68 67 24 11 63 87 70 15 98 53 39 10 92 4 26 99 24 43 64 10 90 23 66 63 30 60 55 16 47 3 21 27 22 79 100 9 75 54 21 91 22 58 19 73 28 48 15 96 96 11 92 29 74 1
5 97 69 63 36 100 95 96 82 28 39 95 81 2 41 11 34 93 52 64 77 90 64 86 65 21 72 71 67 18 99 28 92 58 38 51 98 75 30 11 57 81 45 35 3 42 6 47 54 49 90 10 20 76 89 5 98 38 37 3 62 48 12 55 7 43 91 16 88 9 44 88 37 90 51 96 66 73 51 69 47 99 54 27 17 14 90 89 59 66 97 29 92 12 14 53 25 13 43 11
78 70 16 16 9 68 69 33 84 0 85 61 6 27 31 1 39 24 45 32 46 39 73 37 70 93 60 32 7 7 14 93 4 59 74 27 77 97 12 21 84 82 1 45 89 93 1 21 3 43 68 43 83 49 64 4 6 17 22 58 4 59 50 26 33 13 48 93 66 48 65 31 3 68 29 26 28 73 38 18 81 82 2 23 89 71 56 79 93 24 14 53 45 2 20 49 65 82 44 43
19 50 39 42 54 80 11 97 25 22 57 44 52 59 89 73 19 23 36 91 31 10 96 22 85 73 73 10 67 54 60 58 1 100 63 45 2 85 30 67 16 62 10 41 27 27 87 43 3 12 22 25 38 97 14 18 33 25 8 9 29 19 41 54 54 80 18 47 11 48 22 15 1 37 19 46 65 62 51 2 78 60 49 73 91 58 52 15 55 39 17 76 55 78 99 99 29 17 55 97
71 42 68 91 44 5 6 68 96 57 53 73 50 71 9 77 14 68 40 72 96 47 73 27 17 47 23 26 80 26 56 29 15 86 69 19 48 60 57 18 29 43 12 85 96 37 99 28 74 14 26 42 86 53 73 54 15 0 65 18 49 16 56 59 100 1 66 30 89 77 6 63 67 88 2 35 23 8 44 51 33 55 93 96 7 90 63 36 18 1 88 69 11 12 40 16 59 16 3 95
1 56 72 47 46 68 77 41 87 55 49 31 36 51 82 59 85 82 61 79 95 13 64 67 87 52 35 58 49 93 49 83 26 57 41 30 85 74 73 97 94 78 68 75 70 91 77 33 70 50 59 51 53 71 31 50 30 97 38 63 87 92 16 15 74 81 67 95 48 80 10 99 43 33 29 5 66 88 72 27 40 7 70 15 64 99 30 30 59 66 92 76 68 41 93 97 5 30 34 20
24 91 94 54 23 91 9 46 34 80 81 85 65 85 5 77 53 35 71 11 3 21 57 32 63 0 44 68 26 94 59 87 47 74 66 100 70 67 85 73 22 96 63 24 50 32 14 65 62 62 53 62 80 46 55 92 6 20 10 70 47 62 96 79 7 95 49 63 80 72 80 51 80 77 24 57 37 26 74 11 22 51 68 89 47 75 36 89 76 80 65 17 53 26 13 48 79 62 15 76
48 21 49 32 40 63 43 20 27 78 0 12 96 4 68 22 22 96 37 15 22 21 57 86 80 29 23 81 73 74 11 63 32 93 97 68 79 68 17 31 51 7 27 76 18 62 86 56 76 50 12 36 73 74 30 22 8 22 84 87 23 27 26 74 33 75 91 43 56 8 22 28 52 42 56 67 7 56 71 4 54 60 70 32 37 24 62 88 38 84 17 25 83 56 22 71 88 87 79 35
5 83 18 12 64 100 1 73 10 66 75 82 37 32 82 30 24 91 24 95 60 83 4 27 16 80 6 93 58 51 8 5 11 9 49 17 30 48 89 3 59 87 35 25 34 35 46 48 86 25 92 0 36 89 5 50 24 13 74 46 42 86 13 86 16 32 13 57 87 93 54 79 1 17 51 22 71 44 18 61 12 88 44 66 87 71 13 88 20 7 10 25 44 97 71 22 94 71 43 57
25 95 89 95 58 91 26 33 1 15 87 85 90 48 36 69 71 88 86 72 78 49 4 70 53 57 69 10 5 5 63 38 67 54 95 83 90 13 91 66 20 88 80 83 90 42 69 76 29 25 84 71 36 87 54 5 29 65 4 65 82 97 65 29 1 57 70 28 46 74 47 50 97 10 85 10 9 48 96 89 17 87 67 49 11 6 11 92 67 25 38 85 11 76 0 56 62 16 59 44
90 73 71 66 74 44 86 99 61 31 32 51 56 9 28 50 0 20 82 38 81 37 13 96 55 12 89 46 35 85 27 94 50 21 89 28 51 60 16 76 83 1 12 32 60 47 93 7 42 79 93 5 28 71 47 83 28 65 18 86 11 35 20 47 85 18 56 52 75 74 7 31 37 29 72 25 43 59 10 97 48 55 85 10 53 66 84 9 50 8 98 11 73 14 60 1 58 43 86 18
53 53 81 72 19 78 33 4 17 82 40 97 14 33 22 79 26 36 64 28 53 95 92 90 96 95 26 38 48 16 80 55 10 45 49 56 81 98 90 37 25 88 6 25 71 58 44 21 11 93 98 24 14 34 87 66 87 1 55 14 61 35 23 55 86 74 4 12 91 71 13 27 80 11 36 92 76 25 83 98 59 19 63 42 85 3 80 43 27 60 50 90 48 95 15 0 97 12 18 82
44 67 0 2 87 89 51 82 66 1 27 24 4 45 59 35 55 16 39 40 38 46 54 2 69 55 4 52 57 92 97 28 82 77 23 52 82 61 51 34 91 34 30 28 45 42 63 69 93 71 87 97 98 62 60 41 61 12 63 83 23 57 25 94 15 15 30 41 30 10 68 9 36 94 43 19 16 44 8 20 83 28 9 96 42 36 68 47 65 62 30 64 37 83 45 31 70 4 96 44
3 57 74 7 19 17 34 44 53 63 21 88 68 36 98 100 10 2 15 58 21 93 53 75 51 46 28 41 37 43 10 16 16 71 12 71 35 94 19 96 28 31 0 92 59 39 19 68 35 26 14 33 81 25 94 46 100 73 38 4 44 0 94 64 28 79 59 86 86 54 48 57 44 87 35 26 74 64 81 45 59 84 6 75 38 63 24 11 78 84 78 28 56 62 79 62 70 78 67 85
57 37 31 1 9 89 93 74 82 32 24 79 39 14 93 63 62 20 83 49 59 71 60 29 37 59 98 33 37 85 22 21 28 66 56 41 50 18 14 44 38 13 81 72 65 0 47 62 37 64 9 8 95 97 1 35 31 30 78 83 52 95 93 84 53 55 54 94 39 54 9 71 27 99 16 19 8 4 73 56 61 50 76 35 2 58 71 89 72 41 17 83 65 44 62 24 61 13 40 100
31 20 25 26 61 28 89 98 49 40 88 83 49 94 30 33 45 24 42 5 86 53 51 49 50 88 87 58 85 62 36 78 11 88 95 71 31 3 70 88 43 23 53 92 80 12 67 96 74 92 44 67 14 3 50 76 39 76 46 41 26 35 72 42 28 63 62 11 9 53 100 81 7 28 46 0 37 36 78 63 35 72 69 79 21 19 12 56 75 31 45 9 2 89 70 34 56 86 60 100
48 37 20 24 43 15 68 38 30 63 6 20 12 83 93 73 37 58 75 70 71 44 51 44 0 19 20 82 36 50 50 48 98 93 41 49 16 25 35 96 76 42 74 73 39 6 43 62 95 85 15 100 68 95 63 10 91 32 30 35 16 82 84 40 50 7 26 17 78 45 21 84 73 13 5 28 52 98 67 37 1 49 94 6 77 45 100 100 46 25 10 77 10 35 3 32 0 34 18 10
10 27 48 100 15 54 12 59 44 20 63 71 34 62 61 46 51 60 24 80 31 65 76 5 97 61 48 6 76 10 85 83 87 50 93 9 31 2 7 17 56 38 10 29 17 15 41 81 20 48 29 10 87 66 68 47 5 66 99 37 95 11 80 58 31 72 11 15 39 22 53 88 10 63 29 71 4 91 21 62 40 9 27 4 4 15 53 0 24 97 36 19 66 33 18 79 5 88 96 81
53 55 34 56 12 50 18 46 100 59 80 54 9 95 20 89 6 83 55 83 5 30 53 98 51 50 69 81 7 76 59 19 37 18 46 50 80 74 51 62 63 40 30 88 35 78 24 42 39 15 100 56 68 93 36 56 93 83 75 31 3 53 100 84 95 16 19 63 34 66 47 93 7 90 56 58 88 55 39 45 48 39 68 28 15 46 63 18 75 39 33 12 35 97 76 56 91 75 46 11
72 20 83 17 31 92 62 67 24 20 92 66 82 60 58 20 25 47 11 18 62 72 79 6 37 33 87 97 49 26 27 3 32 9 18 94 8 23 94 56 58 58 77 77 40 27 75 34 38 11 90 28 47 18 64 36 73 64 63 48 87 28 30 62 67 85 57 42 9 1 44 85 85 99 100 91 40 26 28 43 21 3 55 43 33 19 47 94 59 4 30 88 20 31 75 1 41 24 44 97
40 14 86 36 71 100 12 54 57 62 98 58 81 31 68 1 50 34 38 18 50 68 95 18 36 39 42 74 45 29 47 52 61 52 77 67 39 84 100 73 98 62 18 32 43 53 58 16 91 39 52 7 91 79 89 85 65 78 35 98 13 44 92 83 96 8 7 74 97 17 1 63 7 9 71 48 2 35 2 97 24 8 77 38 56 37 26 29 8 20 53 70 24 5 86 62 48 79 35 46
5 19 89 54 84 38 58 74 75 30 79 68 92 62 5 99 82 6 9 10 92 38 40 0 99 38 46 28 81 70 86 55 59 83 3 70 74 4 70 56 27 100 37 18 73 60 99 48 47 9 51 38 94 97 33 39 36 37 45 53 44 67 9 50 70 59 39 32 0 76 13 66 75 40 56 20 60 97 90 31 44 82 40 72 66 12 34 16 25 41 59 80 62 16 83 76 14 48 4 55
19 93 75 47 92 95 74 13 32 29 52 36 4 69 27 21 57 82 91 42 82 81 93 34 32 79 79 71 37 81 14 29 7 27 20 9 77 81 22 37 95 99 47 69 80 85 50 11 97 56 57 81 95 56 61 32 84 41 88 22 50 61 53 58 7 71 13 75 67 45 29 79 19 74 54 88 94 45 91 51 40 12 65 62 96 25 19 99 81 99 36 58 23 61 97 98 58 33 61 89
78 98 60 23 19 45 43 67 35 72 94 39 55 18 97 89 39 92 21 98 95 39 17 88 32 86 56 48 98 96 63 12 55 89 38 0 77 43 38 1 45 98 84 61 10 96 85 83 31 23 32 56 70 57 54 9 95 22 98 27 5 36 75 98 43 32 12 80 17 84 64 30 65 80 100 16 8 72 43 63 42 16 21 21 31 17 46 22 53 75 46 60 17 92 43 60 54 45 40 97
61 12 72 84 53 25 32 52 14 9 100 76 26 80 49 27 33 64 59 42 71 89 50 71 79 90 88 37 40 23 45 37 77 82 97 17 56 27 17 66 9 4 83 100 26 40 4 93 9 40 71 34 48 20 19 50 20 30 81 7 77 27 96 30 53 71 30 37 40 81 37 66 41 76 71 28 73 34 11 31 92 24 8 70 99 50 51 58 79 40 89 55 90 57 69 6 31 99 85 14
81 43 17 100 22 42 84 96 6 80 100 98 30 29 51 14 70 85 12 69 0 61 21 42 69 33 13 100 49 38 35 48 23 18 5 5 49 18 2 86 12 13 75 24 35 88 66 78 72 76 5 15 42 92 3 62 82 50 60 63 33 60 85 43 21 39 98 0 21 38 5 36 17 14 28 39 3 34 0 97 67 63 66 34 99 5 50 46 10 86 53 36 52 75 67 90 19 45 14 64
12 39 28 23 60 100 38 40 71 96 96 41 20 97 95 97 52 31 40 90 77 96 27 40 26 16 93 1 65 89 82 1 8 95 85 19 64 24 38 52 3 64 78 25 32 10 22 89 18 43 70 6 47 78 41 30 53 15 15 24 75 1 84 10 63 73 81 77 9 62 93 9 70 64 36 58 74 64 47 40 19 0 91 38 70 35 24 93 23 29 8 25 26 48 44 6 66 10 2 82
52 12 33 87 27 11 37 23 1 27 48 1 94 93 16 10 84 55 78 71 28 9 3 53 99 29 66 98 66 81 28 52 38 82 65 57 57 73 2 94 64 59 74 52 55 40 94 60 8 82 74 65 44 71 16 91 16 87 27 36 51 90 38 76 78 9 15 1 57 66 94 32 4 77 31 35 11 49 28 8 24 80 82 51 77 6 45 71 53 22 31 45 14 48 40 7 68 66 29 40
72 80 95 14 72 58 48 10 72 79 35 24 4 37 88 98 38 23 6 30 89 83 22 8 84 27 97 35 83 67 80 85 4 48 81 31 59 98 51 42 50 80 49 28 71 7 59 54 75 89 90 39 85 31 11 37 30 58 17 75 45 9 24 58 27 8 34 38 81 61 32 59 99 66 13 69 61 39 33 77 94 86 80 18 57 58 46 44 97 52 94 53 2 19 90 42 41 4 10 99
22 35 94 57 40 61 60 85 53 96 85 11 65 5 41 51 13 63 96 51 3 100 71 36 45 32 95 72 13 19 35 27 80 5 86 52 44 9 85 1 50 28 52 51 89 97 29 74 97 37 70 53 24 84 88 26 10 32 65 26 45 59 36 64 26 92 46 62 9 84 98 47 85 29 96 95 91 96 74 42 89 38 98 30 70 27 77 85 49 20 72 79 28 14 60 60 5 84 74 52
17 63 68 80 22 23 42 21 40 13 23 66 34 43 19 41 73 30 44 79 42 66 53 88 92 62 89 4 40 20 4 97 36 37 59 71 46 33 71 66 85 36 30 46 29 96 45 4 69 64 100 5 95 74 86 76 28 88 44 96 1 99 65 73 58 75 13 58 25 97 100 13 79 20 31 59 19 24 58 52 38 73 11 37 59 85 33 34 80 47 98 38 45 60 82 3 85 53 89 83
34 70 12 66 55 65 53 90 87 69 87 46 82 13 12 3 17 30 52 9 26 40 46 70 45 18 30 66 10 27 51 15 34 49 91 38 30 12 31 93 41 12 54 79 27 84 8 35 85 91 69 49 25 76 82 37 5 98 80 9 12 59 69 19 15 72 6 29 100 41 99 88 58 59 97 45 60 8 94 31 28 49 70 80 61 41 62 57 52 67 41 16 44 5 92 63 28 33 17 21
17 94 87 21 39 63 9 46 41 56 74 28 30 93 38 38 61 44 34 23 73 84 44 62 29 94 16 29 14 83 8 20 30 36 3 3 57 64 17 60 44 57 63 52 52 49 87 54 61 95 35 73 70 85 92 45 65 51 49 58 47 67 56 83 90 21 51 95 25 13 39 74 69 82 4 40 68 55 7 54 24 78 18 92 26 33 11 54 47 22 80 76 77 37 72 100 30 86 7 68
11 19 28 3 14 15 48 87 84 70 20 12 30 97 1 21 78 59 62 78 94 78 44 73 43 94 92 78 52 98 3 96 17 92 70 47 62 80 27 47 52 60 92 7 2 26 43 70 25 29 39 96 21 50 62 41 22 68 39 68 96 84 90 28 83 83 64 61 32 61 85 82 96 45 7 77 73 50 87 5 65 56 9 97 6 28 88 6 42 15 56 38 92 57 79 39 61 84 39 59
72 19 0 74 83 7 66 4 88 82 27 98 92 26 31 86 82 73 57 7 3 93 66 96 75 5 18 92 55 95 0 37 42 51 23 89 25 29 29 51 90 39 64 47 45 98 74 80 22 89 1 91 76 91 30 35 96 64 15 55 20 42 97 7 77 0 90 74 81 62 91 45 19 86 47 84 86 28 42 47 13 82 70 96 13 20 34 26 96 37 31 18 6 16 39 93 61 22 92 42
40 98 28 41 37 52 76 7 46 57 51 29 23 87 0 10 67 10 51 32 79 51 60 72 96 76 35 6 57 13 32 61 87 21 73 50 70 8 60 27 18 98 28 58 11 89 61 45 47 93 38 92 3 22 54 77 37 99 2 35 71 54 80 51 74 67 14 73 73 75 6 75 53 88 95 17 1 20 25 4 54 88 81 71 44 45 33 84 68 70 21 9 11 31 58 63 69 73 53 70
73 7 43 82 86 75 49 79 78 19 62 89 83 87 92 78 48 43 90 76 65 95 85 17 99 88 71 68 4 58 51 59 76 11 79 48 16 7 98 40 20 74 60 58 44 51 90 10 67 7 34 50 80 42 56 38 94 19 40 87 12 56 46 86 35 66 74 70 67 26 13 70 92 87 74 48 5 73 3 54 98 38 37 32 54 87 64 77 62 68 65 92 12 24 89 46 15 27 55 33
22 37 72 10 14 9 81 77 55 35 3 79 93 84 77 81 25 2 100 87 83 35 46 91 91 27 28 59 25 2 81 74 21 70 91 46 14 77 98 81 75 51 87 19 15 99 66 61 50 100 35 76 4 68 70 20 39 69 1 16 62 85 91 19 66 2 86 52 32 3 66 27 95 90 26 43 54 60 2 37 61 45 7 44 12 78 15 83 15 37 12 97 59 57 49 88 13 3 60 94
77 98 37 92 26 27 25 8 38 6 33 72 4 30 60 36 58 100 86 40 35 86 9 12 46 18 37 43 68 60 81 40 40 75 41 96 98 77 22 56 6 8 71 82 82 80 44 89 23 14 63 89 52 85 32 6 31 24 38 82 20 38 0 44 90 53 17 49 100 90 72 69 91 61 20 76 69 44 12 21 41 63 83 63 86 41 2 82 95 20 55 39 91 42 71 85 100 2 40 64
62 78 2 55 41 7 9 93 13 4 42 73 84 96 52 76 46 3 20 85 44 43 13 16 30 2 77 16 16 93 34 13 38 86 46 70 44 47 6 83 16 31 6 70 46 61 58 54 40 68 31 12 89 86 90 50 70 26 77 48 63 50 62 95 56 40 98 71 11 47 15 68 87 72 7 86 36 31 0 94 12 55 91 11 41 51 11 92 49 7 91 66 79 45 82 94 80 95 58 59
90 27 76 5 55 55 50 22 38 13 44 98 21 96 44 19 2 47 87 6 64 77 98 25 92 81 11 69 33 33 6 23 26 77 15 84 10 64 6 71 38 8 81 94 29 19 89 99 61 88 58 57 38 25 68 51 3 79 72 68 29 7 71 28 33 37 99 97 56 23 94 23 62 1 88 54 66 82 36 88 57 13 86 8 29 12 5 12 28 27 82 87 3 70 94 100 40 40 0 18
37 20 5 84 59 32 17 5 78 72 44 93 40 20 100 58 3 61 87 55 85 65 96 55 91 1 21 55 15 29 16 65 87 75 48 43 41 78 62 65 59 25 79 49 66 58 59 44 92 49 62 35 45 15 9 69 38 47 18 46 1 6 40 67 20 53 93 10 44 59 90 35 87 17 58 57 63 35 42 74 20 32 39 20 58 33 84 49 60 83 54 27 20 1 38 1 13 88 95 92
1 3 35 80 20 65 38 58 25 38 21 47 36 16 63 65 31 56 51 72 19 45 86 38 97 57 79 68 64 55 19 49 71 7 27 55 46 84 48 59 77 100 4 21 61 4 88 87 15 65 22 44 89 37 99 46 78 56 99 87 26 66 16 52 34 76 87 15 11 79 21 74 41 67 48 8 48 66 23 61 59 61 10 85 35 47 97 49 9 81 66 25 43 38 65 48 95 82 17 42
86 7 14 38 70 74 40 100 28 47 89 97 23 11 89 23 6 6 20 89 58 44 49 56 73 45 55 66 28 44 53 78 3 42 53 26 53 10 79 14 76 70 31 94 44 64 20 93 73 4 13 22 15 39 33 88 13 11 4 37 79 96 63 16 78 81 75 22 56 95 56 17 8 69 62 28 30 55 53 55 39 53 16 86 84 51 53 94 39 78 86 65 67 84 44 19 49 83 0 75
69 33 60 2 3 37 49 15 0 15 96 78 19 9 57 86 84 52 80 21 98 40 100 56 23 30 48 74 25 45 47 93 64 47 53 65 92 71 56 62 9 91 42 65 95 83 2 35 81 17 95 33 64 39 50 64 8 31 93 25 43 6 11 75 60 98 20 29 77 44 67 69 4 32 44 42 76 70 2 83 1 49 31 89 81 42 47 65 62 91 19 23 81 53 81 16 8 48 33 24
95 5 13 55 10 5 53 7 5 78 31 43 11 77 86 3 58 86 64 3 16 58 61 25 26 96 73 27 68 56 91 41 17 46 9 70 41 63 68 34 39 59 47 14 24 95 4 64 5 44 57 59 16 78 42 7 86 83 32 98 84 78 1 76 54 20 0 29 50 46 8 85 65 63 87 23 11 20 59 27 18 94 40 72 26 28 62 34 65 53 12 68 36 47 47 82 54 3 16 31
