35 61 29 76 50 35 71 2 49 44 21 30 97 14 2 9 54 61 47 60 43 29 78 93 67 22 100 32 49 7 26 16 25 56 53 29 5 42 57 68 69 50 75 21 53 3 22 63 13 98 65 2 14 14 78 30 69 22 60 78 55 83 1 87 55 89 18 43 19 0 83 70 62 99 48 38 8 23 49 38 48 5 31 76 44 92 6 50 21 67 89 15 31 48 45 78 15 84 93 37
91 66 95 81 58 22 73 27 60 59 91 57 52 8 13 17 97 22 96 79 6 87 49 42 84 83 17 74 47 75 12 95 39 38 75 86 6 99 40 96 50 34 42 36 79 85 57 81 27 51 37 45 17 74 9 63 5 35 93 92 87 46 5 5 86 74 35 85 18 62 71 75 15 64 91 38 39 76 30 7 89 50 60 3 24 3 12 90 18 28 35 95 92 54 81 41 1 88 48 10
96 98 5 44 49 60 83 15 99 24 47 47 79 44 51 35 55 54 74 88 10 83 80 85 100 74 55 0 83 52 67 61 8 40 6 65 80 67 21 82 24 92 71 94 87 27 71 29 97 25 98 2 90 77 100 100 93 3 99 16 35 88 86 36 26 48 20 72 6 48 83 30 66 5 45 47 20 40 48 7 46 21 95 53 46 85 91 66 36 22 91 90 67 93 9 71 91 44 43 24
55 61 53 4 85 61 37 36 61 42 24 9 76 58 34 83 77 68 76 90 20 96 95 49 27 39 92 74 32 35 78 7 46 24 9 11 37 77 52 17 60 99 32 61 11 75 73 48 60 18 99 34 1 63 25 50 43 7 52 12 56 71 35 56 55 68 94 95 47 28 80 16 42 0 65 38 72 86 90 13 26 11 47 81 85 95 0 67 37 22 92 35 72 33 51 18 98 85 43 11
81 64 86 7 45 54 44 12 84 47 15 27 78 0 90 30 74 37 63 17 82 66 99 22 58 58 96 62 27 76 7 77 15 41 94 63 37 1 77 29 69 63 3 44 52 35 66 1 86 51 36 38 86 50 56 49 15 34 30 71 0 27 65 33 79 85 25 36 52 58 82 11 2 83 99 37 90 22 87 48 10 39 48 65 84 47 29 29 9 10 100 66 43 99 96 43 60 79 83 21
54 76 87 90 61 91 0 55 93 18 69 32 61 95 97 91 50 69 15 91 37 73 39 31 64 91 82 7 56 26 9 51 8 81 90 55 53 0 92 14 23 37 88 74 7 95 78 76 36 39 19 82 49 52 66 53 84 80 13 96 5 58 27 3 39 2 14 41 15 79 42 91 78 52 25 89 83 60 34 16 100 33 57 99 20 80 72 41 55 80 2 43 60 46 12 81 12 37 3 16
32 78 73 81 65 60 84 62 26 28 64 6 83 78 42 10 34 37 10 0 18 7 76 42 11 100 87 20 89 56 48 53 37 43 37 35 30 70 35 28 85 68 56 11 41 49 51 34 64 30 58 4 85 25 2 76 27 35 36 19 13 68 17 54 62 87 62 66 79 24 67 14 93 64 27 15 5 59 65 55 67 85 55 72 100 76 18 24 19 81 19 4 21 48 39 75 79 31 88 80
81 93 17 15 0 10 97 15 47 89 27 81 61 5 78 83 73 80 36 59 49 14 11 3 79 21 90 81 77 98 0 4 68 4 32 77 82 35 54 27 40 39 36 63 72 94 39 72 97 42 53 51 92 99 37 36 81 29 95 82 83 35 81 79 12 1 72 40 3 80 11 32 88 15 49 0 86 35 29 89 58 19 10 53 11 47 7 93 40 14 85 12 95 5 74 84 94 56 73 7
35 81 6 37 34 67 16 24 84 40 28 64 84 45 14 79 7 25 1 22 31 3 17 93 81 81 90 52 0 75 41 20 37 23 60 57 54 34 88 40 23 49 5 9 67 35 35 48 81 42 52 76 5 36 6 60 22 54 90 43 52 60 78 85 88 92 8 83 64 61 52 53 43 67 32 50 46 44 42 55 39 31 30 30 85 29 14 69 42 19 20 43 12 23 75 46 35 42 44 28
79 14 61 38 7 100 35 28 68 41 83 79 51 63 39 89 53 59 88 13 77 98 51 36 3 98 2 39 56 14 9 93 25 80 100 1 67 95 61 27 20 96 83 37 1 15 35 38 60 75 52 90 40 78 100 70 66 97 63 38 77 71 37 16 28 79 69 58 37 38 95 15 27 64 80 1 79 39 100 47 10 80 77 25 76 48 82 1 67 92 36 39 46 42 35 65 74 60 21 70
74 42 34 42 100 39 53 17 26 73 25 5 0 28 56 77 56 21 77 72 25 95 33 16 76 36 84 84 1 43 60 76 35 45 0 23 54 71 88 90 71 14 83 91 27 77 55 60 18 52 44 30 67 5 81 75 57 1 16 96 54 96 49 100 61 31 32 44 23 81 26 72 75 60 27 40 81 92 91 77 32 16 50 58 4 52 70 52 60 49 1 83 26 4 81 17 17 77 89 56
94 31 76 43 89 68 16 4 18 27 21 12 99 82 30 14 74 55 65 4 84 94 90 58 55 56 77 66 21 37 85 11 11 1 55 24 97 31 31 15 33 27 94 19 4 62 1 13 68 25 23 43 35 36 67 39 68 67 90 78 19 51 48 42 55 1 34 85 20 14 77 98 57 86 64 18 43 63 61 82 100 26 91 72 95 97 29 23 78 25 80 74 14 33 31 5 35 99 20 12
23 13 94 44 84 44 20 11 23 33 95 33 70 76 42 78 54 78 68 5 48 52 59 12 72 7 11 98 79 25 12 40 70 95 95 13 70 27 93 85 91 9 37 71 53 16 19 41 6 3 50 90 61 7 32 3 21 30 31 65 48 67 93 37 97 32 67 49 68 92 60 85 81 41 60 11 19 4 97 48 16 67 9 67 30 18 85 97 96 95 57 79 42 28 85 88 85 87 87 85
31 86 90 42 52 22 90 49 68 0 78 19 73 80 85 38 2 72 53 66 13 79 73 51 63 8 34 48 31 73 24 1 64 39 54 100 24 35 81 30 0 64 43 94 17 43 9 47 31 61 53 2 20 74 39 62 78 14 41 18 23 76 99 29 88 75 53 51 51 79 83 31 58 83 18 28 14 90 38 46 71 67 67 21 60 76 81 13 45 29 96 54 20 72 32 47 37 13 7 14
21 22 58 88 60 42 66 26 72 61 39 7 50 34 64 67 26 6 40 64 68 1 57 18 8 31 5 87 38 3 96 12 76 99 75 8 27 47 15 30 9 25 46 72 13 71 64 61 73 98 3 19 86 7 70 100 15 37 49 25 15 51 89 42 68 5 2 69 83 83 49 88 66 39 33 73 81 90 86 46 97 40 11 14 84 90 97 99 13 99 3 86 76 98 85 93 41 71 92 58
1 17 38 27 68 33 26 53 91 22 35 60 77 91 27 37 23 11 2 33 75 100 32 34 4 43 26 88 49 99 75 98 90 6 93 33 22 47 51 29 56 39 64 50 67 93 17 94 3 17 97 16 71 25 84 72 99 17 80 93 96 25 0 63 62 86 91 37 34 42 51 9 55 44 42 84 36 25 80 50 85 74 32 46 93 41 73 90 28 86 99 59 57 49 96 78 80 27 57 0
68 48 62 78 97 53 53 70 37 34 28 3 47 67 0 79 47 33 7 53 54 88 45 82 12 36 36 20 15 22 22 53 49 46 37 24 96 83 55 10 3 52 29 58 6 57 43 24 89 17 58 76 84 65 92 32 96 8 39 11 1 87 16 51 69 49 70 5 65 99 19 99 56 60 85 66 40 99 93 3 23 85 25 83 98 78 22 28 44 97 71 90 32 85 16 64 11 58 52 67
24 40 92 35 75 72 88 52 57 19 91 18 14 29 43 51 98 62 14 3 0 18 68 91 51 29 56 98 56 100 21 51 20 98 81 74 14 65 16 41 60 5 1 23 72 89 83 51 30 59 66 99 82 30 85 75 45 42 32 90 23 82 73 39 100 61 78 13 7 85 62 62 25 93 57 98 28 70 100 65 1 15 78 57 17 48 91 51 73 5 69 18 40 74 75 2 45 57 89 93
27 33 18 80 8 89 79 96 2 89 61 41 55 8 84 92 45 26 21 10 26 52 4 3 8 47 26 90 94 49 93 2 36 59 0 66 34 59 20 23 2 0 2 76 39 27 38 41 100 38 3 31 92 97 82 80 72 96 68 40 35 59 24 100 42 33 87 52 0 3 30 67 57 23 6 71 5 7 22 100 6 58 31 98 41 44 35 7 18 38 63 90 23 75 77 99 44 6 51 37
91 85 61 100 32 57 25 55 30 0 67 76 22 85 100 12 82 12 63 53 76 60 95 17 45 50 51 91 21 53 73 63 63 22 88 98 15 33 58 93 42 88 93 45 84 56 8 31 56 55 26 79 46 12 54 18 70 95 7 41 77 15 12 5 89 60 5 29 65 4 40 52 85 97 83 21 56 10 95 51 96 31 97 69 100 33 17 19 22 83 99 100 58 7 40 94 51 8 84 63
90 79 10 28 71 87 65 66 21 90 92 34 16 34 64 10 28 64 4 85 25 44 69 6 33 91 92 40 70 11 79 77 82 97 90 81 12 44 88 40 67 89 43 15 43 19 86 96 22 28 10 82 50 99 36 80 97 51 51 82 84 27 61 46 88 13 58 94 41 89 47 56 78 68 4 75 70 91 53 5 63 82 51 72 49 15 14 96 82 48 17 0 31 58 55 11 51 31 79 63
23 88 92 69 67 50 87 81 28 81 52 71 93 40 19 36 0 43 85 87 87 64 40 88 70 92 16 94 38 73 82 81 78 53 1 35 31 43 74 87 27 10 86 39 41 15 9 78 2 19 61 98 98 60 92 70 46 64 15 39 35 52 100 39 11 1 84 71 49 5 6 12 9 4 84 58 62 76 17 94 50 58 27 22 77 15 84 23 51 76 65 89 8 22 67 90 92 73 89 22
2 91 4 61 27 52 49 41 9 76 13 89 19 70 72 20 69 73 30 55 51 20 64 18 25 27 90 31 35 63 63 21 11 94 97 92 30 2 79 0 16 9 24 18 6 58 17 7 86 24 55 99 83 32 27 65 74 2 46 83 1 24 65 71 72 77 55 91 42 8 12 6 54 21 70 81 6 100 5 96 30 84 78 96 78 25 29 36 1 40 9 93 76 74 30 89 84 79 56 44
5 100 42 81 36 72 56 17 34 1 34 50 20 89 90 83 12 45 12 76 16 67 70 38 71 98 28 68 55 37 49 75 57 3 62 85 41 26 100 36 67 18 48 79 12 88 52 24 40 31 6 76 22 7 36 11 40 79 84 37 85 9 45 8 55 81 32 50 34 44 47 25 14 43 42 75 100 68 55 71 6 57 0 2 83 8 97 75 99 98 58 90 98 52 73 0 24 97 96 89
17 70 57 96 61 40 1 25 50 73 25 22 74 85 4 3 68 80 64 17 42 45 77 52 38 68 11 95 74 46 89 0 5 82 77 39 41 56 73 36 45 79 76 70 43 99 16 51 67 52 6 46 6 4 57 6 94 44 20 2 36 46 14 61 56 69 90 36 7 63 70 90 53 63 69 59 30 62 48 85 75 98 85 35 60 56 71 15 20 30 21 7 72 1 75 22 46 94 84 82
23 10 25 52 85 56 26 48 20 46 31 20 45 4 55 74 81 68 71 34 12 63 71 43 90 60 66 38 85 72 68 35 52 75 5 52 17 89 18 14 63 8 95 37 35 71 88 68 63 29 60 68 55 61 36 0 0 14 61 53 59 21 13 87 56 98 94 73 41 96 62 28 41 26 38 64 94 25 49 82 43 98 19 28 48 74 45 32 99 56 70 8 40 1 32 65 8 59 35 31
63 21 57 80 74 16 38 23 96 18 20 0 18 6 78 98 11 61 28 92 74 79 18 81 77 11 2 42 3 65 88 4 42 89 59 62 2 1 57 65 50 100 22 42 49 23 33 24 4 15 63 67 36 59 12 9 85 62 21 63 17 10 51 44 43 44 42 88 84 27 47 95 61 10 26 71 21 7 84 9 15 6 72 20 31 98 23 38 98 81 41 37 16 7 91 24 7 21 70 61
25 73 15 53 42 98 31 94 100 50 38 12 66 11 36 44 90 50 66 86 16 14 35 97 78 59 57 73 75 100 70 46 51 96 39 11 60 12 23 54 57 30 55 8 89 89 73 16 82 3 1 41 57 80 8 98 17 73 70 0 9 57 48 45 48 24 94 10 90 79 12 33 42 43 85 17 88 58 76 18 98 37 25 84 81 98 1 67 58 88 64 1 71 90 58 87 90 35 23 31
62 22 55 82 68 90 29 78 85 76 9 29 98 25 60 10 75 31 96 87 17 43 96 86 63 53 15 100 93 20 6 27 70 51 15 54 99 5 78 25 26 94 65 66 43 19 23 40 2 2 94 96 17 55 96 98 62 55 92 50 93 70 39 71 36 15 18 99 18 83 15 2 98 70 0 95 26 4 24 18 50 70 66 61 49 91 74 48 45 65 43 26 24 0 100 32 56 62 83 36
3 21 41 83 13 15 16 82 49 66 81 82 85 16 25 50 33 31 87 34 29 34 4 25 82 67 68 28 89 86 23 51 27 100 87 35 49 29 56 5 72 44 58 0 32 100 86 70 15 59 72 78 54 45 50 77 17 6 23 23 93 64 53 2 44 84 18 68 24 89 85 84 36 40 1 91 17 38 36 93 87 58 61 31 31 49 42 92 5 4 78 38 9 48 61 2 7 92 70 66
59 56 36 83 78 25 1 47 53 74 34 48 40 52 100 34 7 87 82 61 35 77 28 1 28 40 67 69 100 89 5 99 48 70 21 80 11 41 91 97 2 70 51 60 87 79 13 84 10 54 99 94 77 44 25 22 22 28 62 30 50 87 24 73 57 75 32 21 99 82 43 70 47 54 97 60 62 57 35 1 91 4 39 22 73 85 42 60 100 15 19 84 21 77 25 54 22 3 38 29
24 46 55 34 72 69 85 29 48 92 73 51 81 81 10 91 81 11 84 79 92 88 17 54 62 20 1 21 99 76 21 61 5 3 22 52 15 91 59 92 23 92 51 1 83 85 1 52 87 6 64 11 36 28 95 91 26 41 61 99 37 98 96 64 31 43 22 47 3 51 2 45 28 24 6 19 74 8 89 56 69 64 30 88 67 82 37 76 42 49 88 88 80 44 46 4 13 46 38 40
81 44 58 90 57 76 13 63 1 61 63 33 92 88 92 23 22 76 46 78 13 45 62 6 45 68 96 83 45 58 35 9 15 18 69 24 60 78 0 40 34 72 78 34 53 49 33 10 75 2 86 18 2 39 90 69 1 47 29 43 68 52 61 42 82 35 37 42 31 1 97 6 70 25 76 41 98 26 38 85 67 56 11 75 25 98 31 67 89 82 11 9 75 76 57 79 61 87 64 2
57 26 13 69 78 3 14 49 96 27 93 23 23 70 84 82 41 92 5 99 85 8 17 69 48 28 40 12 47 32 3 71 17 61 86 73 95 9 70 11 29 34 19 7 60 1 84 94 60 48 85 86 77 72 76 19 94 34 21 60 66 81 32 35 63 36 84 26 90 96 74 36 32 14 78 43 32 100 25 29 44 9 20 93 10 59 15 94 68 53 12 38 3 95 89 57 83 67 22 80
55 14 12 17 33 9 81 92 38 70 95 60 36 58 79 27 28 24 88 28 62 61 7 24 10 24 49 46 1 100 72 71 45 67 7 7 71 73 50 70 10 31 7 37 1 44 34 20 51 18 66 99 59 11 9 35 15 56 72 32 22 91 59 49 41 52 26 93 88 66 11 77 64 67 85 8 72 89 58 5 57 85 26 2 95 21 13 10 25 83 43 51 69 3 68 56 98 25 26 6
16 24 70 13 89 83 75 15 7 60 54 98 33 37 10 68 61 20 12 27 60 56 7 0 26 19 52 82 4 79 7 61 100 51 15 42 9 86 53 89 42 2 96 18 6 27 24 37 48 97 14 46 41 43 6 78 36 48 59 53 70 12 21 18 75 16 61 15 69 25 40 0 21 21 15 37 81 53 87 38 19 85 18 65 84 85 88 64 92 23 67 7 95 95 29 24 76 84 87 71
97 93 69 32 67 23 40 14 7 37 8 76 99 80 7 17 76 1 89 62 24 74 38 99 59 56 58 75 98 43 92 28 70 87 54 51 97 72 16 35 10 5 100 82 32 46 10 67 58 13 1 84 0 12 29 88 36 44 2 64 88 89 0 45 35 67 0 58 99 31 89 73 1 95 84 100 50 1 64 76 65 58 6 9 93 61 88 63 27 60 92 30 37 25 81 67 28 43 14 27
84 76 1 79 17 23 28 34 3 53 44 95 79 3 56 42 38 75 67 39 92 92 38 43 93 61 33 41 22 63 11 65 14 15 12 99 3 48 7 70 8 65 80 2 2 29 24 87 13 99 0 5 18 39 42 58 99 75 80 51 25 93 94 45 28 96 59 19 80 78 18 26 45 90 37 23 16 86 93 40 5 24 39 26 16 100 69 94 2 33 13 98 90 49 51 18 53 82 74 56
35 62 39 77 81 67 89 91 65 10 11 82 4 9 81 100 46 47 54 11 81 25 67 58 61 27 15 57 72 96 15 90 15 4 35 21 52 48 47 33 65 86 59 77 55 79 21 59 56 83 1 22 13 14 80 52 18 95 31 40 11 85 5 96 60 38 22 12 96 27 39 69 56 41 51 25 77 13 9 20 3 53 22 67 78 8 91 35 0 10 43 75 69 44 16 65 31 14 19 88
28 29 46 22 39 97 30 69 35 16 37 17 98 76 53 33 85 82 17 41 98 68 13 21 41 85 79 26 95 65 53 11 57 92 75 10 17 15 83 39 22 46 82 20 34 14 75 27 91 64 47 96 66 22 64 82 22 82 65 50 32 85 22 93 74 21 39 67 76 81 82 20 73 25 55 21 5 22 12 58 44 27 84 100 50 71 0 9 96 89 49 81 42 61 81 19 96 87 79 64
86 52 65 15 5 88 99 90 95 19 77 38 96 21 59 3 55 30 29 56 98 5 82 91 31 40 26 66 35 56 58 6 54 44 51 62 75 31 84 43 14 45 21 38 58 27 95 35 76 69 55 100 2 46 74 52 11 27 74 86 94 5 30 10 97 74 17 85 28 21 80 5 4 73 70 76 19 23 36 24 7 14 65 78 2 26 48 100 40 91 31 0 57 85 100 57 16 57 48 53
8 51 62 53 26 95 10 11 38 89 73 42 81 100 64 10 7 76 37 65 3 26 82 92 41 47 97 77 14 44 75 97 89 55 55 8 1 63 10 75 25 56 46 65 67 26 27 1 20 29 5 81 51 28 88 20 6 96 47 78 70 100 59 83 6 78 88 64 35 26 70 65 62 77 5 99 92 72 94 22 11 29 19 18 55 62 43 0 77 76 15 11 93 45 28 97 60 25 92 100
71 18 88 21 37 20 7 53 59 81 39 77 44 2 83 38 80 61 56 95 8 69 42 20 75 55 98 81 30 8 3 45 80 14 65 20 29 3 39 90 36 89 22 4 85 13 69 1 5 92 19 33 61 25 48 5 45 55 34 16 94 85 91 69 97 26 4 35 46 28 1 90 34 34 99 34 10 75 18 3 60 90 6 56 20 83 84 69 82 95 39 8 9 87 64 44 88 29 24 56
21 32 29 58 84 75 34 54 41 49 66 4 4 37 55 78 18 54 13 94 8 91 26 34 90 38 46 52 38 88 9 17 29 11 98 33 98 22 17 69 58 6 21 71 22 74 57 4 34 5 35 37 41 32 32 96 97 71 18 32 92 19 3 3 53 42 0 8 15 60 38 44 64 50 73 5 48 0 43 92 36 82 24 9 51 93 48 52 44 57 2 85 15 44 43 38 1 39 7 40
56 0 17 75 85 0 81 75 78 72 37 30 69 43 76 59 49 86 47 38 70 26 85 89 41 3 4 52 97 22 84 80 7 64 95 9 33 52 91 6 8 86 49 26 47 8 59 50 30 37 98 33 71 24 34 38 45 92 90 49 69 76 81 82 51 76 20 77 84 31 10 80 11 18 76 98 1 66 48 65 83 95 43 72 62 38 4 95 89 24 62 95 67 72 55 16 55 90 6 96
71 28 66 69 14 34 74 38 4 38 64 74 89 66 88 87 32 90 93 30 67 26 29 85 46 92 34 78 26 18 76 90 1 28 3 3 71 51 97 32 65 39 86 72 70 88 48 87 100 86 54 32 67 40 81 58 37 66 68 4 38 81 26 7 39 46 53 74 45 15 79 27 84 79 96 7 90 67 71 57 45 20 1 87 70 47 21 48 27 60 39 14 76 32 42 9 70 87 13 25
41 33 97 68 12 41 2 63 14 91 58 32 60 96 57 82 81 84 81 28 99 3 56 59 72 42 82 3 70 77 73 97 10 1 32 42 73 18 41 14 74 100 19 18 70 52 6 35 10 62 23 49 68 47 19 33 44 50 92 76 44 57 25 84 54 41 43 57 6 83 49 13 98 53 50 65 36 80 19 72 92 35 93 79 28 92 59 59 6 49 97 36 28 36 41 54 92 88 17 88
10 52 54 18 5 27 62 69 58 41 76 44 23 16 29 96 40 93 24 20 80 72 13 73 48 28 3 17 67 37 71 43 41 66 71 44 9 2 76 6 29 25 93 23 59 1 76 81 58 60 95 52 39 41 4 57 94 55 20 73 1 94 91 39 57 54 86 17 83 40 84 86 88 54 5 11 88 69 28 7 17 13 19 4 41 86 44 91 17 12 23 96 39 7 38 79 100 77 23 90
64 42 15 99 53 72 26 9 25 90 77 24 28 91 56 4 5 97 99 78 83 41 15 35 29 80 100 58 61 25 88 56 86 94 55 8 40 97 1 16 9 18 64 36 33 59 4 57 50 28 54 44 4 33 57 22 62 78 25 59 45 51 33 1 59 72 28 31 92 48 36 43 71 50 55 13 18 5 39 55 84 75 80 1 95 62 12 27 32 43 34 35 79 46 100 37 8 7 96 98
91 44 59 9 100 46 16 61 86 25 60 19 50 31 9 34 79 31 53 49 8 8 89 22 19 4 44 13 92 36 68 97 17 51 37 99 55 92 39 37 33 73 51 51 70 60 30 72 27 8 16 22 73 8 76 35 41 1 52 89 76 62 37 82 97 95 72 33 78 14 59 100 47 52 4 55 67 63 32 19 50 7 51 20 12 73 66 97 75 21 81 43 57 56 28 52 100 30 60 0
15 92 33 95 49 92 78 49 72 66 72 73 34 84 29 41 97 53 6 61 49 75 60 39 22 17 56 53 81 72 54 65 81 54 93 54 13 25 19 92 30 80 70 100 6 49 38 66 52 41 33 26 34 64 17 72 32 72 46 8 62 84 28 34 75 78 74 42 52 83 80 31 61 11 3 46 84 32 16 6 70 53 82 67 42 10 81 35 37 5 87 0 31 42 92 38 37 26 56 98
79 19 58 29 51 87 9 3 41 12 57 0 19 73 59 40 42 100 83 62 15 22 75 7 91 29 62 100 29 31 7 35 74 36 10 25 74 24 30 10 89 43 52 74 3 80 4 81 98 62 35 99 11 91 40 67 54 69 4 80 8 22 6 66 32 95 61 25 63 37 86 11 26 34 93 65 55 49 93 53 27 76 88 77 38 87 98 41 4 69 79 63 32 98 85 36 84 96 81 24
4 88 44 36 57 99 30 52 51 0 42 66 76 21 39 28 24 51 57 87 21 36 68 35 22 62 92 32 0 65 77 39 21 37 46 42 52 81 20 45 82 94 75 97 91 35 47 77 76 57 94 29 58 19 22 54 21 15 81 86 79 94 10 47 53 67 14 28 8 80 84 27 61 50 44 66 24 58 34 84 41 18 91 69 69 38 59 51 18 65 72 100 38 92 67 95 54 40 82 15
21 66 98 43 40 51 90 20 31 10 39 20 31 71 60 75 27 68 53 90 37 64 70 78 6 55 72 6 20 56 7 50 89 15 80 100 35 76 41 45 35 89 10 81 12 31 24 83 25 18 11 49 58 22 16 17 15 39 39 46 63 13 63 76 93 51 60 14 25 12 36 46 88 19 62 94 7 16 96 77 8 3 10 74 68 25 17 55 77 89 61 54 14 93 98 62 82 79 3 53
73 12 23 95 19 27 97 40 54 93 74 24 25 94 87 32 100 47 12 61 40 27 32 52 61 36 51 22 69 7 26 29 97 79 70 58 1 15 24 16 30 96 4 59 37 21 76 100 67 81 20 28 7 19 83 54 72 12 46 23 55 98 78 95 34 100 74 54 69 71 24 91 80 0 27 56 13 95 20 92 97 43 91 34 54 63 90 8 39 63 66 41 91 79 74 13 98 51 36 71
64 1 74 56 97 56 43 42 25 65 73 49 88 33 36 7 95 30 64 17 48 54 6 29 58 8 53 43 78 37 27 13 89 48 15 63 56 82 20 90 48 8 44 7 30 2 28 50 10 92 86 68 19 65 36 9 58 6 34 38 28 90 7 30 27 62 65 99 18 86 14 61 58 86 0 21 81 75 8 31 44 63 41 84 82 96 87 68 54 26 60 77 80 29 89 77 91 49 36 23
74 92 73 75 46 76 32 38 37 19 14 21 58 89 100 51 92 78 97 43 73 3 99 47 37 72 92 87 67 71 12 87 20 42 44 79 45 58 43 29 63 51 84 11 42 13 71 49 27 92 42 5 74 51 37 10 42 29 99 84 80 22 3 80 7 39 39 76 93 58 87 22 43 31 32 3 37 4 89 62 15 10 76 66 43 73 57 7 66 85 50 71 33 65 11 56 26 44 51 19
39 30 5 72 29 38 74 0 95 95 84 49 14 98 91 61 9 33 21 52 17 53 5 22 61 23 69 18 58 99 28 84 40 52 16 8 92 15 56 9 12 0 34 30 49 25 97 47 38 78 40 23 50 16 9 34 50 64 33 30 5 25 47 55 6 38 10 94 32 15 42 68 73 99 68 55 17 84 84 65 37 53 8 20 46 37 14 87 98 18 63 43 80 43 23 30 34 100 67 78
30 36 12 75 54 26 59 56 1 36 74 27 81 85 18 78 82 80 32 7 41 11 74 84 80 89 41 74 98 9 68 8 74 22 0 50 42 8 16 57 98 56 12 67 64 11 100 82 82 25 29 95 31 40 42 21 45 10 73 87 47 54 86 83 30 85 13 83 47 6 19 69 66 60 76 74 59 64 33 92 22 34 8 46 27 61 23 98 4 85 8 8 68 26 86 42 88 53 71 43
72 82 10 86 68 26 67 37 22 83 7 23 6 62 93 50 50 63 33 33 85 35 49 11 94 59 31 90 52 97 50 81 65 74 88 65 100 88 77 70 87 10 96 23 27 49 58 98 10 99 38 91 61 99 85 67 46 64 36 18 63 67 14 98 16 79 69 52 66 29 62 9 88 52 20 5 11 93 8 57 57 86 2 71 54 45 67 33 50 100 2 98 34 11 82 58 13 46 10 93
14 5 70 91 6 82 45 10 3 49 58 6 18 55 87 30 60 27 8 76 31 73 97 3 47 71 96 49 92 52 93 18 54 19 0 77 30 84 22 36 33 57 9 63 73 90 73 34 11 76 28 37 94 21 39 75 38 46 86 18 3 89 51 22 55 88 31 93 93 66 66 0 37 25 70 43 37 26 88 18 86 87 35 69 0 46 58 56 64 68 30 75 92 81 8 87 41 86 67 19
29 88 85 14 58 64 50 90 41 8 78 40 21 42 24 75 47 39 20 6 89 78 60 64 59 79 77 62 99 30 47 26 69 64 52 9 63 97 93 65 93 30 0 64 81 26 91 35 57 71 44 23 21 47 30 4 22 80 32 55 90 72 91 31 43 62 11 44 45 41 87 9 60 71 78 76 15 74 19 91 11 22 84 48 91 47 98 100 10 36 68 94 7 85 70 73 13 34 1 7
60 43 20 64 79 54 65 5 41 98 50 98 23 31 90 29 58 100 88 19 60 56 94 51 58 91 19 80 45 38 98 66 72 43 31 85 98 38 89 2 45 38 96 3 27 97 12 49 17 46 84 74 46 60 77 56 47 88 89 11 52 75 23 0 47 51 85 66 14 96 34 16 51 32 63 37 93 78 90 63 63 34 3 23 88 76 63 68 97 20 41 63 18 39 16 1 52 27 58 75
40 11 45 56 29 28 60 26 50 77 21 92 65 97 16 16 53 20 36 62 17 56 73 48 96 49 75 62 29 14 52 91 27 76 74 11 81 72 10 81 15 76 18 60 64 87 76 97 13 12 72 90 34 41 85 53 54 46 23 79 52 0 46 98 73 91 7 13 23 69 64 8 80 45 43 52 26 30 72 59 51 10 75 31 81 30 4 11 2 91 44 88 23 23 59 45 58 17 14 93
81 75 36 19 30 41 30 70 28 98 30 30 74 39 72 1 46 41 46 63 7 74 57 35 69 73 100 28 26 31 77 92 16 47 20 42 6 13 52 32 10 19 17 99 77 7 62 53 35 54 23 10 36 60 13 51 52 13 55 89 91 37 43 38 28 81 21 52 44 99 58 26 30 45 20 62 18 93 50 76 42 44 47 66 27 69 26 18 25 30 91 98 25 20 52 79 62 98 86 30
97 62 69 43 61 4 3 31 39 94 52 17 47 33 57 35 14 25 53 66 5 41 93 88 93 58 84 51 80 83 74 77 34 97 8 96 47 7 0 89 83 67 59 37 81 93 91 31 48 63 97 70 61 12 8 75 0 34 16 60 40 56 22 43 60 17 41 62 75 59 63 23 19 19 44 12 42 93 89 77 7 39 48 57 60 21 44 4 84 48 54 99 43 28 63 62 83 61 6 79
40 76 96 30 53 71 44 71 90 8 75 42 41 24 60 37 17 0 23 11 88 96 8 12 42 49 19 94 98 84 72 10 18 66 6 63 25 5 50 16 32 70 58 84 65 40 19 36 62 47 16 59 21 34 99 35 97 52 46 88 54 40 49 83 23 41 88 82 87 33 84 83 69 97 54 53 99 81 83 37 37 33 70 18 4 21 91 72 74 55 30 94 91 76 16 18 87 56 37 84
96 3 7 41 91 51 68 61 32 97 31 69 90 17 79 54 26 9 52 7 20 72 28 79 18 22 97 13 2 42 85 49 85 4 68 30 70 71 96 62 65 57 99 22 79 71 11 88 99 59 49 9 8 67 99 29 39 66 66 60 3 77 14 21 10 53 67 6 74 50 49 3 13 35 85 63 37 81 97 38 80 4 34 75 55 68 93 24 81 95 59 79 54 30 17 28 79 88 93 51
56 49 16 50 97 57 43 58 35 95 21 77 16 63 86 50 95 38 29 5 63 1 26 27 61 65 92 49 2 10 15 71 80 91 72 74 77 55 36 37 65 48 75 72 97 84 87 54 95 8 11 61 13 62 87 41 91 98 18 96 29 32 15 6 93 12 9 96 68 79 64 63 82 91 96 59 71 91 19 16 94 66 33 53 68 83 75 56 55 88 83 58 64 25 28 40 69 41 28 56
92 0 32 9 43 75 87 45 86 61 97 58 20 66 19 55 88 55 81 30 100 79 24 74 67 91 2 14 42 27 67 8 47 83 8 22 78 6 43 90 47 32 71 19 14 62 69 37 75 87 39 41 96 15 64 73 21 60 47 67 83 69 8 64 88 91 93 36 61 8 97 69 53 66 8 55 8 42 56 62 17 11 94 90 73 46 61 90 40 96 89 34 8 2 91 21 38 18 38 29
61 73 72 10 52 7 40 48 80 34 29 79 32 43 4 8 38 74 71 43 40 82 41 73 77 60 34 56 92 12 83 51 72 14 63 72 49 92 91 48 84 43 91 89 9 61 57 63 48 43 45 16 0 51 8 34 88 78 10 13 66 37 70 36 15 60 46 1 45 55 88 2 31 87 75 40 75 65 71 42 91 6 3 82 54 39 7 50 43 23 27 34 57 55 87 72 33 13 90 89
13 17 42 47 32 29 38 17 58 88 90 39 50 4 99 66 33 71 60 45 4 18 0 17 57 68 79 13 56 62 43 65 35 7 90 30 25 66 13 63 28 60 37 61 25 93 30 73 12 9 97 57 86 23 28 35 9 3 72 20 29 29 21 23 74 41 35 90 43 68 15 39 73 85 6 50 8 75 92 84 15 24 3 63 91 79 80 31 53 56 46 62 34 66 85 39 43 21 19 15
46 35 83 3 13 33 33 20 16 17 35 71 29 48 37 35 18 52 80 9 12 49 36 77 36 36 35 18 57 31 45 94 64 85 20 70 18 4 15 25 61 55 40 94 54 13 8 68 66 34 53 21 22 86 7 23 98 89 43 13 52 39 81 68 99 31 97 92 7 71 37 49 48 87 65 47 15 66 17 85 49 73 52 83 99 17 53 16 3 66 53 86 67 7 41 8 49 63 76 73
69 25 94 17 57 35 29 28 38 90 29 30 51 54 95 98 43 59 94 24 98 95 1 22 11 5 72 39 82 76 85 10 82 44 100 15 5 13 21 97 71 77 96 41 40 25 14 2 24 31 5 61 92 94 30 62 30 97 12 31 62 79 47 74 13 89 6 29 62 52 15 17 84 66 12 18 23 6 78 58 31 89 89 13 37 26 5 48 99 48 8 35 18 11 87 94 72 65 78 10
30 18 53 35 84 98 81 73 3 14 27 76 19 97 83 42 90 48 63 48 55 3 46 70 87 38 0 14 56 26 83 8 74 84 18 41 89 59 51 83 80 87 91 40 14 35 26 43 88 66 63 13 53 58 59 8 7 66 86 4 78 11 40 16 7 0 5 88 14 79 59 9 27 89 54 60 74 0 27 69 41 30 89 32 35 19 65 63 77 48 35 96 61 8 13 68 94 11 43 24
39 74 37 26 45 54 62 72 41 89 22 56 17 39 38 38 75 55 36 31 77 72 41 0 64 47 44 52 78 85 89 28 82 23 29 84 14 26 2 55 25 81 88 86 21 16 42 36 65 14 55 8 56 74 31 76 70 58 65 61 31 51 84 25 10 77 68 38 44 25 94 2 47 23 52 43 71 91 20 94 10 41 76 59 40 47 76 92 43 89 38 30 51 36 35 77 75 55 46 40
64 65 74 7 30 88 2 12 16 4 78 2 19 10 83 15 46 2 45 88 30 82 1 37 78 55 62 23 15 76 1 10 18 66 61 85 4 72 7 99 55 57 95 1 60 7 51 83 88 8 23 24 62 14 99 87 4 81 39 75 35 14 63 18 84 60 28 18 43 45 19 49 42 43 56 38 42 36 16 9 11 67 11 87 59 45 80 72 72 25 49 8 56 23 71 0 42 15 28 40
10 63 63 15 10 69 95 94 86 28 90 68 86 3 84 34 24 6 38 1 61 40 100 5 17 27 4 40 37 33 12 70 74 5 28 88 80 40 58 82 87 74 18 11 77 6 70 5 13 6 9 0 14 85 90 65 4 93 22 74 88 96 12 1 78 31 100 71 90 42 28 2 0 55 17 83 25 13 62 18 84 1 73 73 84 52 93 66 24 48 47 53 66 14 19 20 76 80 4 89
82 50 58 83 86 53 59 44 62 14 77 46 9 0 65 34 46 35 34 19 82 53 83 26 40 9 36 81 100 24 35 97 87 58 62 15 16 61 57 1 63 9 56 11 57 52 6 31 12 39 96 48 3 23 33 70 10 6 64 85 56 62 6 67 2 1 73 85 98 99 78 19 90 98 34 62 59 38 51 3 23 91 44 43 85 19 81 24 36 71 8 60 28 37 59 79 6 81 81 95
77 35 81 80 10 67 53 47 99 79 62 92 54 34 71 81 21 55 88 16 56 82 43 14 72 51 42 83 53 80 58 84 63 39 57 66 62 85 12 12 37 58 48 53 32 9 5 85 3 27 72 74 32 42 18 34 66 49 17 69 62 56 61 5 46 4 50 99 14 55 57 55 0 24 10 46 68 25 68 56 54 92 8 70 22 45 4 29 53 67 98 39 15 32 56 83 82 87 11 18
11 73 66 60 87 70 21 47 23 43 53 30 41 2 68 30 15 47 26 28 72 53 30 47 29 66 79 42 54 9 74 76 19 72 42 4 79 98 9 8 29 76 17 91 98 46 94 58 21 33 4 89 96 27 15 15 24 98 85 86 78 85 83 11 76 75 9 63 98 80 58 16 68 44 49 29 73 40 48 33 26 34 74 6 71 78 79 43 7 42 44 57 71 31 27 91 44 94 14 71
53 51 21 73 33 61 53 11 71 60 8 73 98 11 38 15 34 86 31 87 13 9 6 86 78 82 76 94 25 73 21 26 19 24 54 39 43 19 72 73 5 12 48 36 0 23 53 16 27 97 61 50 66 32 88 19 13 100 60 94 14 58 55 88 42 14 75 86 93 33 85 34 50 36 73 16 7 87 60 58 94 32 45 39 78 74 60 43 68 15 52 5 68 63 75 82 8 49 61 53
73 90 3 46 9 1 36 43 64 82 54 93 42 6 44 71 52 92 65 3 53 17 27 21 23 52 84 3 89 58 62 73 7 31 26 70 85 87 47 70 39 91 72 28 67 68 78 100 15 19 70 24 66 49 47 95 84 13 86 94 18 38 15 40 48 45 45 13 28 35 85 67 16 0 22 78 3 39 88 71 22 34 8 29 47 86 87 49 45 28 91 28 63 4 20 79 54 61 56 19
25 44 20 11 72 61 29 40 6 58 49 12 92 64 88 95 93 97 55 21 88 67 90 72 18 63 59 96 6 17 17 87 41 98 30 4 91 11 75 43 93 60 68 13 29 55 60 68 77 97 21 1 82 86 30 26 56 52 85 59 3 66 98 83 94 82 82 96 12 18 54 66 4 11 82 42 44 93 81 65 28 60 74 6 73 95 25 86 91 7 19 40 36 96 23 96 8 68 42 29
31 30 89 38 54 81 5 7 40 22 34 36 51 55 44 13 33 8 44 12 8 10 34 58 56 89 1 69 51 78 0 11 35 75 9 68 76 84 44 37 72 87 0 49 84 88 65 17 22 17 74 96 3 44 5 96 83 93 55 99 9 40 41 51 47 69 89 96 48 4 51 40 14 35 45 49 99 70 12 26 9 88 63 69 11 52 21 64 15 72 72 69 28 9 46 94 23 74 39 47
26 89 50 52 2 17 96 22 36 14 55 73 10 88 90 76 18 41 43 26 15 15 11 67 0 92 25 84 77 9 24 57 62 6 79 65 88 35 55 37 20 57 86 23 22 55 37 8 45 37 12 43 48 78 10 72 17 79 89 37 57 30 62 22 73 35 93 26 41 25 19 89 25 99 49 57 19 0 91 53 99 42 42 29 90 65 39 11 49 15 54 100 35 31 1 93 8 29 60 59
12 4 45 19 37 68 84 61 54 66 94 67 26 20 26 0 67 14 99 4 100 30 79 23 22 100 16 44 1 79 52 38 6 14 35 38 76 4 52 6 69 90 25 18 67 97 75 56 72 57 60 34 65 100 41 66 4 54 21 46 45 51 72 43 24 47 98 58 0 26 63 75 28 97 20 15 70 53 100 5 44 38 2 84 50 17 50 67 44 69 60 47 36 90 30 85 61 13 80 12
53 87 34 78 7 76 30 46 43 96 94 50 99 73 68 34 41 10 5 97 30 1 9 12 87 66 14 28 81 94 8 67 91 54 11 31 34 25 30 100 39 90 20 77 37 85 79 12 85 91 33 84 0 54 15 94 45 33 6 58 84 13 11 4 63 22 7 44 7 77 37 25 14 84 53 14 58 37 94 47 90 76 97 0 92 21 9 8 91 76 2 21 2 8 51 60 98 10 95 64
58 91 24 40 64 18 69 36 45 29 61 45 46 1 20 35 68 68 28 73 83 76 28 14 69 32 60 43 1 78 7 14 18 52 43 65 37 31 65 81 74 12 47 66 23 69 99 82 65 47 64 49 2 86 64 72 39 83 14 50 11 61 75 57 54 65 82 57 95 27 89 71 4 13 30 97 14 46 90 56 97 82 14 42 6 19 78 57 53 19 62 59 41 76 26 26 30 48 51 54
89 28 4 81 82 45 17 43 97 75 59 1 32 89 13 57 6 93 94 73 36 94 33 80 33 56 58 77 72 65 0 60 54 52 83 59 58 90 17 63 44 32 42 14 100 75 56 29 51 75 7 19 36 25 32 12 97 84 31 87 72 5 66 55 93 26 94 15 19 85 55 86 48 14 17 87 74 47 21 50 15 1 95 70 91 13 84 63 75 100 60 63 87 2 44 19 75 14 90 1
66 82 31 99 68 50 13 37 11 36 8 45 60 63 37 91 1 69 70 60 95 13 79 27 30 8 25 36 28 84 33 60 71 40 42 46 0 74 41 22 93 60 86 52 76 78 50 67 21 12 26 46 73 89 34 11 78 53 55 95 37 83 85 75 97 38 4 23 30 19 28 70 23 12 26 26 40 84 70 9 49 61 71 96 98 85 13 99 31 50 37 14 23 70 77 44 66 40 65 50
33 87 72 10 3 48 80 92 57 1 24 54 50 100 38 72 58 81 17 81 49 98 55 67 91 75 75 87 93 16 81 6 1 92 96 29 30 60 88 54 3 60 44 14 60 50 10 62 5 50 11 41 93 84 31 70 73 50 97 96 7 23 99 99 30 96 50 95 80 24 72 91 97 45 69 5 52 12 9 79 16 28 0 7 6 24 58 29 75 50 38 14 16 91 87 69 25 3 39 51
22 17 3 19 75 5 74 33 3 19 71 15 78 41 25 85 6 10 15 70 21 94 50 3 71 46 1 35 11 50 48 98 64 86 94 13 41 91 35 90 67 20 71 52 25 97 20 22 48 31 33 58 63 82 55 23 90 88 76 79 76 60 28 41 71 18 59 57 13 57 45 32 96 86 98 83 36 99 66 40 62 56 29 38 21 77 86 44 61 64 80 38 64 96 97 47 39 56 42 74
61 87 2 79 9 55 28 30 19 62 40 30 15 31 87 63 74 18 4 28 77 18 33 70 6 49 7 13 31 41 54 99 87 17 2 98 28 89 76 41 1 29 51 43 97 8 75 63 58 71 1 23 100 62 90 45 93 47 23 24 66 22 92 12 0 83 95 36 42 52 12 30 40 77 82 59 45 58 95 30 27 3 38 64 40 76 75 0 16 13 0 37 35 68 88 44 96 64 88 27
69 60 65 2 23 66 95 86 13 9 10 69 65 81 91 51 51 70 78 88 4 28 41 78 51 19 35 100 34 38 29 71 86 98 1 75 25 45 24 95 39 23 25 18 9 97 88 44 62 85 58 77 82 84 92 35 20 39 16 91 60 82 42 70 45 86 90 15 53 48 7 63 4 20 34 85 72 35 59 90 88 10 84 79 49 100 70 91 34 48 7 18 51 4 41 61 29 58 40 75
55 53 5 17 76 95 15 28 55 9 68 90 66 77 30 1 77 46 88 34 77 26 22 87 31 67 69 33 13 62 18 48 64 50 20 26 63 26 29 71 85 31 42 12 63 54 22 47 12 28 98 56 11 40 39 0 7 0 62 38 20 67 97 28 21 30 33 77 13 74 88 32 78 5 15 53 41 24 31 36 77 33 61 100 54 1 78 76 80 19 72 32 55 58 25 60 14 94 39 39
78 68 77 61 23 48 83 44 28 46 61 66 68 74 9 37 7 78 94 80 2 25 42 93 0 39 39 73 63 12 36 67 3 4 83 57 3 11 98 46 49 22 89 21 58 58 92 98 1 18 44 20 23 93 75 75 67 8 2 86 98 16 3 17 72 16 93 60 75 12 63 8 31 35 81 20 59 63 67 84 35 2 85 27 37 54 4 56 17 97 0 12 95 6 18 8 25 41 12 29
33 2 41 18 94 22 28 11 46 92 43 18 28 56 57 66 85 20 20 52 99 3 0 65 16 100 11 81 12 23 13 36 27 29 87 81 76 4 21 90 58 71 52 37 43 98 94 3 2 17 47 46 16 9 4 2 8 60 93 92 79 6 65 99 97 43 86 68 75 32 84 10 63 12 13 86 16 90 35 89 73 62 93 82 6 2 17 87 83 45 13 28 64 88 91 66 67 42 81 71
81 56 24 89 21 60 54 22 80 55 14 58 88 37 67 54 21 37 5 87 48 96 94 14 71 74 62 70 31 79 69 3 81 58 36 81 18 59 0 55 31 93 3 43 24 31 90 34 51 77 53 49 79 51 52 6 44 69 33 13 62 18 33 84 22 13 89 15 25 25 48 83 40 95 7 58 3 49 39 56 80 30 74 12 5 40 48 15 91 21 74 22 79 43 43 35 99 81 53 6
96 35 55 56 69 37 40 76 28 93 74 5 37 9 90 53 86 16 24 23 80 56 46 90 77 95 86 11 29 71 85 98 86 64 72 8 48 60 14 49 9 66 52 55 33 58 51 39 73 11 56 85 78 42 60 94 29 35 60 50 32 93 82 42 46 37 79 84 90 70 54 86 58 67 40 44 4 53 84 38 70 33 49 83 68 24 34 53 44 55 18 61 36 34 41 75 24 83 25 38
