12 50 72 46 38 20 80 43 22 23 86 46 17 94 1 46 22 63 63 75 11 10 10 18 16 94 8 22 2 82 68 58 30 53 66 47 33 71 30 79 63 25 67 90 81 54 81 50 17 44 41 77 17 94 41 71 18 80 67 78 76 87 63 95 96 92 17 100 41 67 6 1 45 5 7 0 13 95 50 82 38 29 71 47 48 47 9 94 25 37 53 1 14 2 20 54 15 18 86 45
32 28 10 39 28 46 94 44 47 75 4 25 32 13 95 56 71 14 55 90 76 92 27 50 78 16 99 65 27 64 74 33 79 98 91 97 22 6 43 48 49 76 57 24 39 60 54 12 49 79 6 35 41 100 69 100 40 60 84 98 17 18 30 41 35 25 76 61 62 47 43 47 51 4 12 80 51 78 1 44 63 34 67 2 6 11 53 42 85 23 69 74 94 33 69 90 52 41 3 100
14 41 79 95 13 71 50 18 55 67 32 17 5 15 93 86 19 13 23 76 20 27 44 16 14 79 37 23 4 7 100 2 90 2 60 0 76 5 97 66 64 97 54 45 76 42 8 84 73 73 3 81 56 88 32 80 85 41 31 44 9 30 28 78 66 90 58 32 30 36 55 43 45 77 75 68 94 65 44 3 34 84 53 46 66 21 35 1 73 25 1 81 22 16 74 9 37 71 35 26
75 95 0 42 3 43 48 67 96 71 8 55 43 99 78 21 37 18 95 12 44 91 6 4 86 74 66 67 77 11 66 49 81 45 10 25 68 46 57 86 60 17 55 90 10 75 87 50 81 60 6 51 99 19 38 30 83 87 43 83 35 70 35 80 2 39 66 61 13 1 25 39 97 78 78 38 46 95 92 17 52 53 38 56 67 59 82 73 52 53 22 10 67 6 4 25 29 66 76 76
97 58 95 80 53 13 24 65 32 41 100 18 77 85 4 14 72 56 67 78 76 59 17 90 73 13 58 24 38 42 14 31 7 89 80 42 92 83 27 89 61 33 50 90 97 91 77 78 58 38 96 17 54 65 98 29 94 86 24 90 42 95 0 19 64 86 69 61 68 12 17 92 77 35 59 95 15 72 94 90 39 79 95 49 66 29 61 84 16 52 36 38 37 49 26 64 44 74 93 49
19 19 62 54 8 25 2 67 42 41 11 37 51 47 97 38 29 98 54 53 50 57 46 35 86 54 26 41 95 71 71 8 89 99 77 87 3 75 100 41 0 9 35 87 14 87 69 59 16 86 10 94 4 67 76 29 44 72 1 82 43 6 90 14 95 99 46 94 6 34 21 15 32 0 79 94 59 81 63 98 41 73 27 74 56 84 58 44 32 47 84 45 38 5 71 47 76 87 36 48
42 0 42 53 58 31 57 22 26 11 73 44 34 1 71 86 32 42 9 69 68 3 60 93 64 61 10 85 2 4 33 90 37 55 31 40 56 50 99 20 55 92 22 79 45 95 31 54 21 5 54 28 77 40 10 49 26 12 84 89 94 29 48 79 6 27 67 28 86 36 37 18 77 55 50 30 2 17 86 38 96 32 30 12 40 66 20 78 50 81 57 20 4 98 80 64 28 41 54 41
72 70 22 77 20 61 47 50 3 3 83 27 23 60 93 64 49 59 46 34 75 7 70 64 5 1 22 67 52 85 14 79 40 27 6 40 78 61 18 82 79 11 69 53 37 19 73 91 24 21 29 59 35 86 96 23 91 30 61 18 38 65 49 95 69 74 6 57 93 6 1 9 49 64 29 6 6 86 25 51 71 83 68 85 12 63 75 30 0 10 99 29 84 87 47 34 70 99 7 18
38 10 44 28 92 11 52 87 14 22 44 4 70 65 48 99 13 89 26 78 50 36 12 43 26 26 34 84 23 26 5 3 53 40 4 13 39 69 52 79 60 45 90 80 45 24 11 19 84 44 88 46 62 6 63 82 27 29 66 13 74 38 81 31 96 75 66 19 72 6 50 51 90 22 62 75 27 94 89 28 5 30 37 46 2 24 54 64 36 69 18 78 91 44 27 90 64 77 72 97
38 12 67 98 2 90 35 64 49 51 2 35 82 3 13 74 77 0 76 11 76 41 47 87 4 98 15 68 77 25 96 53 1 23 63 91 10 53 55 84 76 52 100 14 47 62 95 43 85 30 52 16 35 25 60 53 18 1 86 16 81 92 98 32 19 54 45 17 45 24 98 86 98 32 43 23 65 25 70 49 70 71 89 18 42 75 81 74 91 11 17 94 37 37 44 2 13 40 34 15
99 60 50 71 58 66 86 46 27 22 25 18 48 28 4 47 19 28 60 29 83 38 79 63 65 69 72 26 13 18 23 89 57 6 92 43 93 50 88 25 43 98 34 21 69 55 61 92 28 15 3 46 24 52 12 50 25 62 17 76 26 75 49 35 8 57 40 54 82 65 92 68 92 0 27 74 51 16 15 41 9 7 51 12 90 43 78 21 15 89 87 36 32 17 93 89 91 78 33 55
33 51 34 20 75 98 92 49 32 43 96 18 95 22 3 50 49 82 53 58 42 75 24 5 4 19 44 90 47 97 12 30 25 29 67 68 12 39 62 24 60 42 37 62 42 89 69 21 20 7 78 12 87 25 16 72 100 27 8 28 58 66 87 27 35 70 65 99 62 95 21 96 69 36 66 23 88 0 52 36 19 95 86 34 77 80 14 52 57 63 50 89 48 33 9 19 23 98 79 91
50 49 0 20 76 11 83 57 20 74 11 90 40 77 40 3 58 100 16 43 71 55 40 80 3 12 63 52 42 13 85 28 84 44 93 7 55 38 24 88 64 25 57 56 95 82 13 16 15 4 86 38 33 4 33 68 9 10 17 15 73 63 87 79 44 32 10 18 10 8 90 74 75 87 33 24 75 38 65 49 57 12 79 14 4 31 40 23 5 11 84 29 35 65 17 9 68 46 25 18
41 12 12 55 81 53 70 62 15 39 70 19 41 13 75 67 81 69 82 33 50 41 50 18 26 7 92 33 10 12 13 76 94 8 84 96 23 81 89 34 75 22 28 74 45 77 79 21 47 6 81 81 38 92 27 97 35 59 38 7 94 52 34 80 26 45 96 65 38 5 9 100 97 29 66 86 64 42 87 89 30 40 90 20 32 59 43 55 34 19 97 87 49 62 46 26 63 91 72 23
33 60 95 72 24 62 64 100 63 39 72 82 69 66 69 13 64 27 40 67 31 100 76 84 56 34 51 51 82 46 28 97 30 71 16 48 45 55 1 81 24 58 31 5 24 51 79 48 5 21 8 54 70 98 10 10 21 92 93 95 4 47 95 8 33 93 42 31 58 25 60 65 82 25 42 69 58 26 42 1 61 50 35 90 6 77 78 38 21 48 2 82 100 55 99 91 94 100 66 40
40 58 76 98 35 36 0 73 72 81 81 95 45 17 26 37 28 95 29 64 23 50 7 11 97 54 74 8 87 24 97 72 94 85 38 34 10 64 16 55 66 49 24 45 42 0 82 12 10 96 13 30 41 42 32 86 54 3 74 3 81 37 3 75 43 31 78 28 93 61 6 83 18 46 87 77 39 42 75 4 86 15 40 44 50 95 24 68 40 7 56 70 0 78 61 64 66 2 91 71
77 5 90 59 50 97 57 78 99 68 75 100 41 53 53 12 92 98 28 78 33 82 59 41 2 93 1 57 9 49 90 70 32 36 61 58 35 73 3 58 71 70 85 79 38 43 42 97 63 59 26 63 84 96 81 77 40 80 47 6 58 61 71 21 26 2 55 13 82 48 38 51 54 41 80 22 65 97 78 59 86 31 47 71 46 39 18 66 85 34 61 15 1 53 76 9 9 43 70 10
4 57 8 9 25 40 14 82 66 25 46 31 95 88 45 84 36 43 41 11 95 79 5 57 36 37 45 95 18 75 85 49 7 74 2 89 86 75 29 88 20 32 54 23 28 24 15 59 90 25 82 23 63 49 53 20 78 45 74 42 96 83 31 11 71 57 59 80 87 87 76 65 33 44 8 35 83 57 1 14 43 7 95 24 78 7 16 21 29 82 54 86 32 90 10 87 32 28 36 69
1 0 39 46 99 90 30 66 7 19 24 10 18 78 72 84 25 56 36 87 58 4 69 15 17 75 84 3 63 12 56 68 93 37 81 1 85 31 96 0 26 77 74 65 78 59 52 18 78 49 84 66 18 68 26 42 26 89 96 80 85 13 37 31 60 18 79 87 24 39 11 88 93 76 51 91 87 87 43 57 94 7 95 6 88 35 0 93 10 92 3 1 63 45 8 31 10 50 70 16
73 88 60 14 80 82 60 66 87 31 71 26 15 45 75 11 44 20 5 75 33 85 16 29 72 76 18 2 68 31 26 14 3 75 91 85 76 75 15 22 45 84 65 13 53 33 63 7 77 55 83 56 48 97 10 83 28 79 57 23 89 95 46 8 77 15 71 32 23 59 45 15 32 51 58 45 7 45 56 8 26 5 3 27 95 12 93 13 24 6 14 73 54 12 34 96 48 100 91 95
86 92 59 28 54 72 19 14 46 34 65 96 52 20 9 3 84 41 97 34 95 71 34 30 65 96 46 10 49 45 99 78 19 1 43 0 85 52 53 75 100 8 12 68 40 92 55 65 76 89 81 71 79 30 2 64 87 82 53 73 12 73 93 49 43 48 71 36 47 25 58 64 100 32 10 36 51 92 31 54 98 39 100 30 55 81 1 52 34 94 98 58 55 65 18 88 87 62 27 85
66 17 19 66 10 87 50 66 53 92 38 92 42 26 36 1 80 16 90 58 17 9 82 62 74 74 49 54 3 2 1 10 58 47 38 41 63 57 94 28 59 1 67 66 26 13 17 1 66 20 86 24 79 36 2 17 24 38 23 33 74 85 19 76 8 80 32 68 75 47 20 38 16 6 7 31 22 82 48 88 41 94 61 33 52 26 89 91 39 33 81 40 78 13 65 23 28 23 0 43
97 59 9 30 42 55 32 43 95 43 10 78 28 30 21 94 83 60 29 95 82 64 95 53 1 29 87 84 70 65 11 90 95 89 1 62 98 77 16 5 41 94 90 30 76 15 41 28 7 91 5 3 42 7 57 5 86 29 51 24 90 25 56 61 74 0 72 34 1 23 62 86 96 16 39 46 43 60 90 90 95 54 61 60 19 79 29 81 88 87 46 10 50 25 82 35 83 99 74 7
69 7 24 2 76 40 99 100 42 24 32 73 2 28 8 45 13 59 52 18 13 12 71 46 93 98 6 32 99 10 51 46 40 75 92 97 90 86 5 53 47 0 52 53 88 63 40 26 63 7 75 5 16 45 45 10 60 58 70 32 68 0 97 92 37 35 71 2 89 87 62 50 53 6 72 57 35 48 21 12 63 42 4 59 93 99 45 63 54 28 93 35 11 9 69 94 5 34 76 28
97 52 46 67 42 45 58 53 30 50 82 40 60 97 63 29 40 41 89 53 92 17 89 83 55 75 77 61 65 40 18 50 11 3 50 82 79 92 63 96 95 97 71 65 0 68 93 89 72 28 21 8 42 20 87 11 57 15 16 51 91 29 92 30 15 88 45 95 14 50 61 43 49 47 86 23 87 1 13 92 24 77 91 5 43 6 86 80 3 9 97 77 51 4 11 28 81 54 89 9
76 38 22 52 47 30 79 39 49 16 13 88 59 60 66 41 26 61 57 92 17 65 81 7 12 99 94 89 88 23 32 1 7 66 64 68 77 16 80 14 66 50 79 50 32 90 15 70 16 17 100 88 93 81 71 22 71 88 56 26 59 46 52 72 45 79 84 19 65 12 91 19 64 70 66 26 58 8 31 55 85 62 65 91 71 43 20 25 22 65 40 55 44 60 36 56 10 97 51 24
89 50 19 24 76 52 9 39 11 47 91 65 71 21 48 57 61 58 29 64 67 11 17 36 77 79 19 98 62 25 20 64 91 67 59 88 16 93 57 33 24 78 52 70 7 34 85 19 94 14 61 6 86 25 25 53 79 16 3 94 33 4 9 12 55 64 7 7 35 34 22 80 59 68 59 15 38 17 84 27 38 17 4 55 61 43 88 21 59 3 72 58 53 68 23 53 59 10 18 69
65 17 90 58 1 79 79 98 34 56 16 43 18 59 69 64 76 58 5 25 44 62 55 83 81 87 39 87 55 7 48 86 3 1 37 33 19 83 19 54 45 90 49 4 69 78 19 6 15 72 32 3 46 55 88 55 13 9 56 0 78 38 1 40 18 72 36 62 14 70 53 1 68 61 50 31 21 91 57 56 20 41 48 93 78 9 60 13 25 86 72 41 5 53 8 23 49 91 25 86
77 99 10 78 26 17 47 13 15 0 75 80 99 86 72 18 51 29 53 73 29 7 11 98 15 86 95 96 58 69 75 88 18 92 69 16 90 80 72 49 15 38 14 46 71 82 9 93 59 57 58 36 61 10 35 46 78 70 87 48 36 27 80 54 79 20 73 65 89 15 65 30 53 14 13 33 35 11 33 100 59 40 97 11 1 40 57 50 14 60 87 40 16 4 7 7 14 33 13 2
61 29 33 50 29 60 99 54 22 78 49 42 59 2 12 6 1 47 57 42 59 76 63 53 51 100 48 12 54 16 65 3 90 62 21 16 9 5 43 17 18 79 65 70 94 76 16 28 38 54 60 22 73 26 51 74 60 4 83 30 80 2 91 60 5 92 23 59 7 41 41 53 33 9 30 17 73 13 52 51 93 46 61 6 25 79 86 38 38 66 67 19 89 67 100 32 87 72 80 83
5 70 20 80 8 3 73 73 24 17 2 19 58 88 30 31 56 56 34 92 28 32 67 72 86 16 39 26 39 44 18 98 47 32 93 0 62 76 18 12 97 88 49 43 31 22 74 57 4 23 10 1 8 50 37 75 35 61 10 80 34 97 77 54 11 30 16 63 37 25 15 47 28 98 16 49 63 80 64 55 81 17 82 37 83 51 83 1 94 86 64 42 98 88 58 6 50 41 69 3
59 25 21 67 5 95 66 95 44 94 60 65 23 14 19 13 17 53 97 51 84 46 15 26 64 15 2 19 72 57 5 83 58 12 16 96 21 35 12 31 43 88 24 39 70 65 45 71 91 1 68 87 13 17 32 41 51 79 51 73 41 93 16 39 76 84 89 18 60 87 50 6 25 99 56 54 18 76 21 90 47 27 68 29 79 22 49 17 23 92 2 95 73 39 88 35 32 20 20 2
83 92 94 63 75 49 85 43 79 21 18 49 93 45 63 26 57 24 60 44 29 64 36 69 16 65 1 90 25 92 86 93 4 39 88 98 42 18 8 87 45 94 80 21 96 49 42 32 49 14 21 40 17 86 7 50 79 61 88 10 34 55 43 52 4 80 8 81 25 47 19 19 99 0 34 33 51 48 8 11 51 64 24 22 95 16 5 66 57 89 82 78 24 53 28 19 98 100 63 8
56 47 92 34 79 95 27 96 75 25 75 15 24 58 88 6 43 28 54 14 14 51 53 52 95 42 60 29 9 5 79 86 82 65 52 42 50 58 92 78 26 8 27 37 50 59 100 66 83 71 8 80 68 83 19 0 9 80 68 50 93 20 28 71 60 70 44 81 30 41 19 98 54 78 11 9 39 63 22 3 33 46 35 84 48 68 60 16 64 60 11 45 0 39 49 99 84 17 24 59
84 63 97 7 33 3 48 94 44 19 1 37 90 29 42 99 56 32 66 55 42 40 67 65 12 13 2 55 12 6 37 67 3 57 28 38 66 33 54 74 94 72 3 97 36 66 38 21 54 61 75 75 96 20 38 90 92 85 66 15 28 77 13 62 30 69 16 49 52 79 70 96 46 63 97 99 79 14 97 5 94 69 27 51 60 28 91 36 15 62 62 75 86 10 21 48 12 52 91 98
26 44 1 61 93 67 30 34 3 77 51 81 95 61 36 82 46 51 67 5 93 81 64 43 80 6 12 3 86 35 29 36 12 69 75 28 51 47 12 1 19 43 16 88 29 75 82 85 6 7 47 19 16 24 59 51 16 72 8 87 91 5 92 74 55 41 94 53 64 11 78 35 6 83 57 57 60 93 0 89 9 59 14 85 28 27 90 3 3 19 36 27 29 80 89 97 36 35 89 36
95 42 30 89 12 52 43 92 15 64 67 84 23 33 0 89 68 87 91 3 83 98 99 87 58 7 78 27 64 69 5 65 52 52 56 87 94 42 71 56 0 84 36 99 70 0 13 34 69 98 27 14 93 2 84 10 98 3 84 4 5 0 46 18 28 96 14 21 14 29 46 31 9 31 67 25 40 7 31 73 19 26 3 62 83 18 56 0 92 28 56 89 22 61 61 43 19 90 48 24
15 42 70 84 63 62 58 44 65 90 42 84 56 32 25 88 3 69 76 67 99 6 34 60 92 3 46 41 62 51 48 48 56 8 96 78 11 89 66 83 13 27 85 65 39 63 26 25 77 60 64 67 9 93 45 47 56 89 97 29 25 76 76 20 93 19 74 86 74 78 13 46 56 65 39 66 10 14 100 36 43 17 82 42 66 43 80 74 15 65 96 65 98 13 79 44 70 39 87 91
27 81 77 4 51 58 20 28 64 64 10 55 71 89 49 85 80 47 77 30 53 72 86 33 90 91 67 58 72 11 82 95 41 79 43 49 43 36 60 4 89 1 49 90 67 23 52 98 21 18 43 22 89 88 11 76 80 61 26 52 27 40 96 13 94 92 25 35 9 11 16 55 56 90 58 100 88 50 87 34 80 34 48 72 10 23 81 50 13 91 23 79 84 8 57 25 36 48 21 1
89 21 94 81 85 72 20 6 6 58 51 49 60 15 46 19 73 63 4 67 52 47 57 91 5 95 98 44 95 64 54 28 43 47 29 65 92 10 64 99 61 97 57 94 16 11 18 64 35 1 38 60 90 28 43 1 8 30 46 31 55 30 67 53 30 56 72 82 8 87 28 96 62 97 79 85 57 33 72 95 73 13 75 79 35 26 55 48 65 60 37 95 56 63 59 29 12 63 57 70
11 48 99 88 48 82 32 36 16 0 13 5 21 65 15 10 18 88 11 59 46 88 92 74 51 29 98 76 16 26 72 33 93 27 5 41 68 29 42 71 14 79 96 28 1 99 85 16 37 98 0 27 4 86 85 40 95 72 70 95 29 47 18 81 51 81 12 75 78 92 66 8 25 54 49 52 60 28 16 78 91 3 36 79 72 52 66 95 32 47 30 60 92 49 86 50 48 13 11 82
1 83 93 68 31 55 92 2 17 27 74 45 49 99 23 9 4 39 86 25 91 17 6 89 52 41 81 56 52 30 54 1 99 21 6 84 87 92 34 71 10 46 100 60 53 0 3 62 47 96 46 66 58 98 85 10 18 72 94 6 94 98 75 68 25 25 87 1 52 36 45 68 24 94 94 81 36 38 24 52 27 31 50 30 58 1 77 62 90 16 16 70 24 36 86 93 30 48 60 72
43 60 97 98 49 30 64 51 32 61 21 97 47 28 32 28 65 86 69 100 20 75 21 96 46 11 16 17 69 63 84 54 92 15 60 84 42 54 29 44 37 9 51 82 31 80 91 93 40 56 38 32 39 5 77 89 93 62 5 73 91 97 29 98 5 57 49 87 7 27 11 93 7 69 28 82 6 73 43 44 51 57 44 3 13 49 52 32 61 92 67 89 87 36 27 77 25 13 74 58
95 90 12 83 57 59 70 21 1 0 73 55 50 94 96 95 3 25 1 67 68 6 99 54 100 0 61 65 88 30 78 75 77 3 36 18 7 1 9 39 43 55 45 11 40 60 89 8 56 97 75 80 87 38 1 53 61 86 37 55 78 83 51 65 68 37 15 94 60 66 81 71 3 61 25 39 76 67 61 60 74 79 4 37 53 16 33 92 89 46 66 42 93 18 63 52 28 62 86 11
100 88 95 58 33 69 86 25 84 20 78 41 13 74 14 77 58 19 92 31 61 20 52 82 55 6 68 29 7 85 65 43 2 44 73 76 34 55 49 54 58 50 55 80 34 44 58 22 33 78 70 52 0 1 48 6 19 33 67 97 10 68 20 29 5 17 77 9 88 44 6 32 37 83 86 94 78 70 13 74 14 68 39 6 84 83 52 71 94 83 23 55 100 21 92 61 30 9 5 32
62 86 76 90 26 88 99 9 66 68 20 99 81 29 60 75 48 34 41 96 30 82 88 34 36 34 77 52 66 36 79 60 44 30 61 45 90 25 97 99 33 37 13 34 41 14 94 91 17 1 88 87 24 57 51 38 33 28 30 36 85 11 95 43 31 26 79 35 49 33 44 44 48 76 81 5 68 45 46 73 40 35 94 54 2 98 56 71 11 66 73 62 61 98 56 98 74 29 46 37
78 13 95 10 48 56 21 45 62 87 81 86 79 12 76 91 7 16 73 77 17 40 43 76 8 29 15 89 28 52 52 91 87 32 36 75 8 0 39 14 59 67 77 34 76 60 26 15 31 96 99 14 12 4 5 57 53 78 12 40 13 13 80 77 31 61 9 31 26 98 35 16 72 20 77 92 63 37 51 21 81 65 28 47 92 88 46 58 49 77 45 61 1 60 12 42 47 87 13 80
56 31 15 0 72 26 61 100 10 86 85 83 97 14 97 56 35 83 10 91 79 27 24 69 34 50 43 89 34 62 73 23 60 10 32 31 54 30 32 16 75 64 76 37 82 92 36 51 37 84 100 13 87 41 35 16 16 36 61 100 73 70 98 65 93 77 37 80 80 25 66 51 93 60 43 50 47 89 0 4 32 2 80 13 80 51 56 55 45 78 75 1 62 94 56 10 91 12 42 35
44 12 73 28 70 48 5 38 48 82 68 60 86 61 12 84 12 88 22 55 92 79 20 60 80 82 34 99 83 57 65 99 31 20 71 77 43 50 80 37 28 43 72 70 65 23 6 45 60 80 7 40 18 11 0 92 100 13 56 46 65 36 57 16 57 11 57 80 60 11 26 87 66 68 8 94 64 23 47 62 60 0 21 30 3 40 87 15 80 25 76 69 17 26 78 25 40 49 5 49
70 30 92 94 83 50 45 91 35 38 49 76 26 19 23 59 2 4 98 9 91 6 60 80 75 90 46 90 99 62 71 49 60 54 72 86 43 93 71 67 2 42 53 47 43 15 60 33 55 59 28 90 8 73 28 42 69 31 43 66 26 98 100 32 87 71 61 7 77 31 24 17 39 61 68 44 72 47 20 59 26 72 31 12 100 71 25 95 22 18 39 67 60 92 60 26 42 53 29 52
60 53 50 68 55 70 84 52 61 63 44 8 20 96 82 21 75 60 40 53 58 59 6 45 58 60 17 67 97 69 32 23 34 25 49 27 4 75 88 47 30 59 48 63 61 72 45 41 77 39 24 66 58 83 10 10 72 38 60 93 41 5 97 32 15 33 49 27 2 46 7 74 66 38 6 50 11 72 62 9 59 5 76 90 74 49 39 80 88 4 67 39 66 85 59 3 54 35 19 44
56 2 0 23 25 92 20 25 50 86 52 81 16 24 20 97 72 2 43 26 86 86 16 79 83 33 41 91 9 37 84 98 95 99 38 53 99 15 39 41 17 11 10 26 96 39 35 50 50 65 51 100 90 36 86 17 14 5 41 4 58 90 64 30 63 3 16 23 27 22 12 26 46 47 53 3 17 9 69 41 97 37 57 50 54 28 81 33 75 71 72 87 9 60 2 55 43 96 90 35
1 40 50 9 14 90 2 36 30 87 2 82 11 26 1 18 9 98 97 20 31 34 13 67 78 26 64 48 95 86 4 48 95 90 61 9 94 77 80 7 85 88 35 58 93 2 19 93 84 97 81 25 70 15 37 98 3 26 40 84 93 10 60 82 53 20 39 52 41 59 49 43 41 99 10 22 96 64 71 2 16 28 0 16 83 73 9 28 19 71 25 28 58 60 40 57 32 26 3 57
23 71 15 41 31 5 3 6 22 81 19 69 25 58 43 5 1 42 19 46 96 58 23 11 44 71 21 13 22 71 54 36 88 67 46 7 5 85 97 45 100 41 84 3 57 78 95 61 80 43 5 35 19 10 79 63 28 58 11 86 16 74 90 65 8 87 87 18 35 65 27 1 39 88 74 35 84 2 91 41 84 2 8 60 24 64 8 67 58 76 23 43 14 18 40 78 77 3 6 71
31 67 46 26 78 61 2 60 72 11 54 70 61 49 99 64 87 40 98 70 2 91 37 72 57 100 6 99 88 65 10 71 18 38 62 25 58 95 50 33 68 38 29 33 84 55 53 33 12 80 32 10 17 44 73 92 14 41 78 68 96 47 39 76 31 53 34 23 62 17 97 10 46 39 6 28 13 87 72 3 67 45 93 54 68 79 64 45 76 24 30 36 28 79 25 33 3 24 46 47
56 10 52 89 36 99 38 26 23 99 88 38 34 22 66 93 19 94 27 33 82 99 48 99 13 88 12 39 29 97 62 68 46 64 62 29 19 4 13 30 54 41 80 72 34 45 86 69 93 10 50 21 76 99 22 63 77 16 58 3 97 45 65 47 63 94 31 85 18 50 69 9 53 67 70 91 30 61 32 100 34 79 19 90 43 31 59 47 59 11 51 10 13 35 69 85 48 23 39 11
20 49 30 34 74 48 29 39 30 20 9 75 40 45 94 90 53 81 28 54 60 81 69 95 49 17 95 40 57 10 98 59 35 41 83 86 90 77 10 58 12 87 98 16 61 3 57 96 65 95 36 87 79 68 73 51 58 13 12 39 42 22 29 15 14 93 74 6 18 62 21 20 28 56 19 69 92 15 12 11 62 28 27 5 64 21 23 79 41 74 1 15 85 41 3 99 85 23 96 30
74 12 19 93 66 15 87 99 52 45 80 14 58 5 85 83 5 25 93 4 21 18 47 16 64 71 50 19 61 59 26 64 63 3 98 63 88 100 51 46 58 19 40 21 81 59 22 80 83 12 76 59 37 46 72 94 40 11 8 71 80 67 47 80 69 38 18 8 33 44 72 40 20 86 72 7 36 83 67 67 71 95 70 89 42 52 89 62 65 57 84 49 38 60 96 1 60 84 34 62
46 60 83 36 20 100 100 98 15 62 38 36 24 28 80 0 44 31 100 28 9 34 46 97 78 52 76 16 31 44 19 32 8 34 85 35 48 66 55 26 8 8 96 4 99 91 100 55 88 27 69 31 97 90 45 10 24 1 27 14 97 99 64 57 6 70 15 6 68 14 58 89 31 62 34 55 92 51 67 75 35 7 18 82 39 77 50 65 24 68 58 89 93 45 86 58 0 16 51 57
80 96 2 1 69 57 91 56 1 90 97 81 92 30 64 70 11 100 95 54 78 97 55 30 4 62 99 48 71 72 47 60 2 70 51 1 100 74 0 22 27 85 99 34 11 83 26 20 64 2 71 23 53 4 37 35 50 37 75 56 16 50 77 21 38 2 1 43 62 93 1 39 97 1 52 66 2 52 24 70 14 17 45 10 94 65 30 62 20 62 45 98 91 12 55 18 52 78 41 40
9 90 57 52 12 58 61 54 71 68 48 12 91 58 76 30 46 90 88 9 36 72 47 55 27 44 76 31 12 77 85 59 2 82 31 50 32 58 6 55 0 6 59 55 12 99 16 43 0 77 12 58 56 36 36 23 80 48 35 7 65 4 6 1 7 59 41 74 9 89 23 56 78 85 42 98 54 79 66 18 72 82 38 42 91 30 62 17 81 0 20 69 54 87 8 23 34 87 56 83
23 18 96 67 11 84 88 26 49 63 37 11 79 23 21 41 89 41 50 17 10 3 94 70 63 63 56 66 88 62 5 19 43 37 1 58 75 75 11 89 2 95 60 10 70 46 31 86 63 8 29 39 2 61 55 37 35 51 18 80 25 5 56 80 65 63 48 63 21 36 51 40 23 100 19 91 82 5 98 5 72 62 64 35 14 6 36 39 54 40 82 48 10 75 49 79 1 60 33 96
85 73 33 91 7 94 9 80 15 60 20 70 15 0 25 95 91 12 63 45 52 62 87 86 59 85 80 44 52 21 4 13 95 40 35 22 1 0 29 23 24 28 6 8 40 74 55 59 58 16 25 42 48 74 41 32 96 74 27 12 48 97 99 5 66 100 11 55 9 61 83 19 42 84 29 71 49 63 20 94 80 58 100 54 27 69 58 64 98 27 97 73 84 85 72 32 48 96 5 51
6 90 65 99 96 43 10 11 50 94 22 72 77 16 32 28 7 54 94 65 46 9 7 23 32 5 76 41 27 38 63 3 54 72 21 86 0 5 84 39 83 10 83 11 60 13 6 98 51 7 20 88 79 53 28 50 77 82 44 41 4 38 96 58 14 35 99 80 90 16 90 23 1 15 4 24 4 13 92 48 79 43 98 25 73 16 1 23 61 68 9 2 51 55 64 100 40 85 27 18
61 2 99 61 55 86 41 38 48 65 52 39 63 53 55 92 53 48 32 16 69 63 59 18 90 89 62 86 56 7 95 100 73 96 21 35 63 73 3 98 27 96 29 15 8 46 7 62 48 42 47 33 61 7 32 82 14 12 61 10 46 56 31 48 7 31 52 66 89 90 24 17 39 52 94 58 60 90 39 65 85 37 51 6 33 81 95 5 100 92 23 84 20 70 73 46 10 3 40 56
38 28 89 95 85 89 92 15 39 78 73 41 91 7 82 72 31 20 68 96 99 57 53 56 74 58 97 11 91 26 50 58 7 6 97 24 78 19 32 67 41 19 85 14 52 66 95 96 99 100 83 71 55 38 95 60 59 97 5 76 15 82 75 53 25 0 99 28 65 44 67 64 51 68 10 58 13 51 18 54 57 25 28 95 18 34 72 64 1 61 28 16 19 55 8 18 97 62 68 26
18 95 25 29 65 15 32 88 54 97 56 37 9 46 43 52 55 91 91 32 100 39 59 95 31 86 38 70 34 35 69 90 89 4 20 79 38 70 15 48 74 87 19 3 23 37 59 41 21 63 44 3 49 68 82 79 34 13 55 93 59 70 55 20 92 46 88 60 87 15 17 79 56 70 15 83 79 62 76 92 11 8 36 39 65 96 2 23 46 44 57 85 66 11 3 73 92 64 85 67
44 3 34 37 8 28 83 82 46 57 75 54 3 35 92 93 59 60 16 2 29 32 72 53 52 11 40 28 33 86 40 60 44 23 0 86 55 18 7 74 28 81 72 49 92 85 74 95 64 1 52 86 46 93 84 3 7 75 58 19 67 1 27 70 15 52 80 65 84 60 81 30 42 6 23 45 49 34 15 90 54 87 71 57 26 94 55 94 25 56 21 1 99 26 76 69 27 11 9 27
69 23 75 9 37 57 57 57 76 80 31 97 40 73 64 40 50 72 30 13 17 77 85 87 39 37 13 24 77 44 90 36 72 61 55 22 56 75 46 80 38 28 76 83 63 13 71 90 99 10 10 7 98 94 9 45 77 81 26 66 88 93 59 83 35 66 32 27 40 24 42 90 15 96 75 50 60 64 36 9 84 43 19 10 34 55 92 75 72 2 86 69 74 85 57 88 44 24 73 73
74 44 64 55 74 60 93 77 37 48 0 36 95 69 63 92 79 19 80 88 4 96 73 14 71 22 38 80 13 27 65 11 53 44 40 16 43 63 10 16 70 52 85 71 60 15 80 67 57 81 21 60 43 12 66 42 69 82 22 0 10 42 42 95 76 83 91 47 31 6 17 49 76 33 95 55 2 54 22 42 55 44 11 38 29 16 24 42 22 56 92 38 98 99 26 100 42 79 18 13
19 82 46 31 67 98 52 82 74 51 99 91 15 84 27 88 25 38 86 57 78 14 44 14 47 16 63 96 80 26 82 91 19 92 32 35 90 64 69 98 63 27 27 31 3 46 60 16 91 37 33 13 21 88 65 98 83 85 42 81 72 100 32 60 34 64 68 52 80 39 4 52 6 81 52 50 53 72 54 40 7 6 21 76 88 77 70 22 93 60 78 81 3 69 42 75 24 73 97 11
48 99 79 76 55 14 65 29 34 1 19 84 77 56 1 3 64 86 34 31 33 25 91 64 32 79 16 14 9 0 21 49 84 79 68 19 76 23 1 95 94 2 31 30 25 81 2 49 47 79 41 37 47 3 89 32 51 9 97 75 87 19 77 60 44 18 28 9 44 13 50 98 34 95 45 81 66 9 84 24 59 1 28 50 87 11 97 51 20 87 38 58 87 74 69 51 37 91 22 32
74 35 58 30 71 99 17 98 29 71 55 8 9 74 5 29 56 72 94 17 54 92 50 73 12 12 61 67 2 41 66 69 16 47 6 85 54 82 60 52 34 74 56 45 94 28 24 77 81 71 24 75 42 68 24 8 81 12 54 74 94 47 34 92 72 10 71 40 84 8 66 80 45 91 12 28 59 15 48 22 93 71 73 94 40 60 2 97 98 8 32 54 100 99 3 71 93 87 82 97
15 12 15 6 11 87 64 56 91 73 30 83 24 62 6 37 91 79 7 1 63 37 62 100 70 54 76 29 5 53 82 20 33 47 6 15 47 40 4 34 14 49 5 52 28 50 56 90 100 93 80 0 77 90 91 22 90 38 52 5 10 97 19 22 12 19 92 86 2 9 60 48 56 88 72 62 57 14 15 45 80 76 30 19 40 99 56 23 85 85 83 13 25 97 30 69 70 64 66 39
85 99 2 35 32 30 78 99 49 49 73 43 44 98 10 54 52 79 28 75 64 67 54 52 42 9 100 34 43 78 10 17 31 60 58 7 1 78 52 69 30 16 33 97 59 32 61 42 52 30 46 15 55 30 29 57 40 97 76 14 84 96 45 38 29 40 26 14 13 82 36 13 38 5 53 92 26 55 89 54 80 27 31 32 58 88 31 61 62 45 61 4 7 52 32 69 7 51 91 56
99 61 90 9 24 25 20 49 64 8 47 86 49 11 26 54 12 92 88 35 77 34 84 97 48 96 19 9 44 33 64 50 91 17 61 7 6 49 15 91 78 12 83 16 23 64 18 37 50 60 15 69 39 51 4 97 54 100 36 56 34 38 11 64 59 50 25 96 88 98 26 96 14 59 68 96 69 81 17 17 28 0 32 41 81 66 28 21 59 28 21 13 72 95 80 13 90 60 59 92
64 36 10 38 79 96 55 90 59 38 25 5 99 41 10 41 61 83 30 62 94 56 45 3 94 9 76 74 65 68 46 36 49 91 32 76 44 32 82 29 17 13 78 62 39 28 33 74 10 10 16 6 23 74 97 92 23 89 43 61 38 69 29 8 63 17 45 66 80 96 81 89 61 85 7 0 3 69 91 2 5 20 62 100 42 77 44 40 81 43 22 24 72 30 32 4 43 18 18 87
3 46 91 45 53 79 42 94 79 58 12 81 18 28 37 97 92 22 64 31 27 57 24 57 15 14 67 25 44 60 79 33 4 99 52 17 91 17 100 31 72 98 88 71 91 34 41 5 73 16 34 40 99 15 69 96 60 44 98 100 99 14 82 46 41 48 36 57 52 29 26 0 82 16 85 72 58 5 22 51 29 22 17 70 90 94 75 85 31 68 4 6 44 8 21 100 48 43 5 25
25 28 34 43 11 27 34 60 99 96 39 80 18 2 8 66 64 72 49 85 40 77 41 93 65 74 53 42 65 68 11 35 48 45 91 58 26 84 38 21 44 72 40 41 70 31 21 82 35 88 38 74 22 44 25 65 3 9 50 95 79 94 64 47 40 100 27 86 64 40 95 9 53 54 36 70 73 78 71 36 5 72 41 0 32 73 31 1 70 65 74 14 79 24 31 29 88 33 44 52
33 19 95 6 71 42 40 96 58 11 91 90 83 28 81 17 47 77 4 32 28 46 31 73 43 34 8 42 68 68 15 47 4 65 7 72 2 23 43 23 57 25 80 89 15 20 21 43 1 30 90 66 1 11 85 98 91 98 71 16 21 36 65 35 15 69 46 74 76 39 2 13 17 6 2 66 30 58 95 63 10 56 71 45 64 15 15 37 26 89 51 93 14 69 56 63 64 20 82 84
46 81 45 26 51 72 28 13 63 96 50 68 49 98 36 2 35 33 88 25 38 23 46 96 80 42 84 87 52 50 53 14 27 74 80 88 22 69 40 18 8 54 24 23 30 4 2 81 17 51 94 53 52 59 67 8 89 15 58 10 23 34 62 84 84 1 36 28 37 39 83 54 99 81 90 91 4 11 29 14 54 46 15 19 96 77 96 49 64 24 50 51 18 7 85 100 78 26 43 35
84 96 20 12 28 44 22 87 60 56 63 62 41 64 50 8 65 14 63 95 22 81 67 50 94 73 31 37 15 88 30 82 56 82 49 89 39 5 79 71 73 78 74 79 7 60 14 31 99 6 98 99 31 54 48 59 45 47 87 34 92 56 71 0 11 21 44 5 0 65 62 79 68 74 85 89 64 97 12 95 1 81 45 38 39 86 26 99 21 40 83 71 50 97 64 96 27 4 68 54
30 48 83 96 71 91 76 12 31 22 91 26 95 24 5 14 2 99 88 12 72 41 60 81 95 27 68 44 86 10 3 62 29 61 27 98 91 98 87 59 100 89 97 0 75 30 78 71 57 61 31 52 42 62 71 64 15 13 82 80 7 79 17 2 51 66 79 75 28 93 6 6 41 92 89 23 45 66 41 17 21 21 46 53 28 71 65 94 69 11 54 9 52 84 98 50 39 14 19 33
64 57 93 82 19 15 79 75 65 70 92 74 64 44 41 27 42 0 84 1 47 98 45 9 58 81 8 56 69 58 63 14 97 40 82 71 78 90 68 76 80 71 39 99 91 64 32 47 32 47 93 38 61 32 75 15 39 92 98 58 70 59 68 61 89 68 63 6 18 22 12 60 15 55 6 65 92 5 58 78 10 33 93 4 46 11 12 6 31 12 37 57 5 52 88 41 75 56 41 69
59 30 78 56 18 73 48 3 76 97 55 60 30 76 37 75 85 29 20 23 97 26 41 44 80 67 100 88 20 82 20 84 2 13 99 5 27 47 50 59 35 21 39 53 98 56 24 28 77 1 48 34 48 76 95 72 65 32 67 44 17 7 68 80 6 84 21 51 49 33 95 12 75 35 63 60 10 46 18 60 76 82 13 42 43 9 89 34 20 21 47 26 11 26 25 10 79 42 8 20
6 98 21 8 34 94 69 19 8 30 36 17 85 57 51 97 59 66 59 20 19 4 33 94 76 12 95 73 14 52 89 34 53 63 17 26 84 69 66 5 82 57 74 42 72 22 33 59 26 17 22 36 29 14 5 92 82 56 31 76 46 3 45 66 20 92 55 75 94 20 53 90 71 94 38 95 59 77 42 5 25 68 31 26 34 13 15 82 57 61 17 32 77 70 92 47 66 96 85 26
72 99 11 21 34 20 74 9 84 31 2 35 18 28 20 86 53 19 46 63 45 80 27 18 39 89 11 16 52 43 85 37 9 1 14 52 44 48 79 27 43 54 39 11 53 23 68 61 16 40 60 33 73 41 64 100 91 47 75 52 1 86 21 36 61 90 0 69 56 81 25 6 21 22 56 65 84 34 75 92 53 16 97 21 75 72 98 32 58 22 18 91 80 72 38 39 80 33 24 75
87 35 26 15 16 11 66 69 64 16 100 17 61 0 27 26 9 27 87 74 99 5 2 79 61 15 9 0 10 36 9 63 96 86 66 33 21 46 59 90 11 23 97 100 19 95 76 47 73 68 61 72 32 56 86 62 70 65 96 98 26 44 34 58 76 98 65 48 48 25 0 55 40 97 40 19 23 5 66 92 43 11 80 48 79 90 8 32 10 70 56 15 25 71 57 68 51 83 65 25
9 35 30 56 61 1 12 75 32 68 88 64 95 77 59 37 34 61 30 61 57 85 51 43 97 74 41 77 53 9 13 6 68 31 41 58 13 62 98 68 13 56 0 26 75 22 97 16 45 41 86 95 14 33 70 64 6 2 0 45 89 21 60 44 73 73 65 88 29 38 72 46 93 67 48 41 45 6 78 85 18 10 16 15 6 80 9 89 64 69 95 95 53 85 52 3 80 12 92 35
19 32 46 82 1 74 67 18 32 4 13 43 55 91 77 74 69 72 14 82 23 8 41 27 67 9 63 11 41 35 11 55 67 23 95 8 10 25 93 65 10 73 79 58 5 24 34 57 2 1 51 34 5 61 88 30 41 34 68 59 23 64 76 45 1 79 71 34 62 51 92 49 97 8 10 46 9 1 10 11 66 91 53 83 25 56 41 75 25 38 18 72 99 77 100 58 58 66 7 65
38 47 15 60 40 36 54 37 81 1 62 7 12 82 55 93 69 65 46 28 19 72 41 36 20 81 23 85 30 99 91 72 43 8 8 27 78 96 98 22 34 91 95 37 47 70 66 55 14 9 87 43 95 23 27 19 38 64 95 72 16 40 1 51 18 33 78 55 87 82 40 43 0 43 87 44 96 5 32 76 26 6 1 42 35 3 77 96 36 80 35 17 0 78 88 29 38 27 37 44
38 51 24 12 35 69 52 53 88 26 57 3 48 100 14 32 64 32 60 49 14 16 74 67 27 91 0 89 54 96 75 97 31 33 1 24 42 15 41 90 51 98 11 14 25 26 20 15 56 83 38 89 91 71 71 93 94 26 65 44 50 30 65 68 18 10 3 85 69 29 85 25 70 80 74 43 4 85 62 20 15 69 18 48 59 28 80 43 39 25 41 7 5 76 72 69 21 80 56 90
25 61 28 36 65 0 76 82 29 53 100 91 99 16 44 82 15 35 6 12 86 26 77 69 22 48 15 44 72 96 43 90 75 22 70 37 78 93 49 75 22 66 95 8 64 32 84 87 46 86 67 78 74 70 59 99 73 94 15 99 70 76 39 66 34 59 90 30 23 67 86 40 97 90 90 39 4 62 93 34 1 93 48 46 33 60 42 3 19 54 91 48 45 28 53 26 52 83 9 35
68 25 14 63 48 69 3 58 87 5 11 79 5 2 65 80 55 68 10 99 93 29 46 66 39 62 94 5 27 73 28 76 29 52 32 92 5 9 34 50 13 58 46 12 24 92 81 74 21 80 8 48 22 43 84 90 3 79 67 1 33 35 44 52 74 85 45 57 39 99 45 23 60 90 35 44 8 23 7 55 48 100 57 58 85 65 47 68 78 29 60 93 70 15 14 11 16 28 92 58
6 19 68 25 79 72 9 11 88 60 86 33 13 22 55 21 72 77 38 15 66 70 74 93 27 31 72 88 92 76 95 96 61 7 50 1 92 95 2 18 71 41 48 38 16 75 69 32 22 18 41 90 26 28 79 41 76 83 17 46 26 35 73 58 4 8 62 12 77 16 95 10 95 15 77 50 80 27 48 63 88 31 30 12 65 4 9 84 74 4 35 96 30 77 84 20 32 17 9 90
17 56 82 10 25 58 96 47 58 65 22 71 29 72 47 44 14 88 3 77 48 65 5 56 26 1 50 12 47 63 6 43 54 48 90 22 86 27 12 71 66 14 45 35 85 92 81 84 5 49 79 83 8 63 31 61 96 23 76 44 22 53 86 66 34 63 19 89 41 30 11 94 5 62 53 44 83 97 11 27 15 37 79 50 20 90 17 22 20 49 13 59 52 24 84 86 36 35 54 78
86 93 27 2 62 15 8 61 56 68 87 83 47 19 61 52 82 46 62 51 91 3 51 65 83 63 7 46 60 5 23 59 15 61 58 59 54 6 45 69 2 49 33 98 40 22 21 28 5 62 6 12 15 26 68 50 38 19 14 91 24 8 96 24 92 12 54 29 28 85 62 67 39 6 39 61 13 15 45 76 89 37 5 63 12 56 49 16 79 22 24 35 88 40 93 42 33 21 53 72
63 26 64 56 51 13 34 61 88 36 75 60 91 18 74 26 29 41 93 87 72 78 99 62 88 92 65 86 76 4 38 11 90 82 20 46 31 73 71 29 97 93 67 81 8 35 45 12 25 56 38 12 64 14 31 3 39 18 1 34 25 13 65 43 56 98 64 10 9 11 85 51 96 98 49 95 36 89 31 39 35 87 15 78 83 62 31 52 89 48 6 29 29 37 40 57 15 37 67 20
7 30 63 69 25 89 56 21 35 78 4 79 17 19 45 5 2 36 33 54 79 73 21 58 31 72 36 76 21 46 89 39 35 41 15 93 72 35 46 51 49 37 9 23 20 64 17 25 49 3 58 7 51 21 31 41 70 76 12 71 57 79 88 48 50 51 67 23 91 6 11 59 89 96 92 48 64 93 73 8 7 27 4 68 27 20 26 92 92 74 15 19 67 35 49 21 48 67 30 64
18 26 92 54 70 89 71 1 82 73 24 77 10 7 57 29 85 77 82 0 51 66 95 65 77 88 4 7 3 71 55 45 72 61 27 39 78 87 13 75 64 63 31 12 36 6 70 22 90 21 46 76 35 73 93 22 76 46 12 1 60 39 21 23 33 88 20 87 70 21 73 74 69 26 52 62 53 9 76 19 18 78 81 98 72 22 8 12 69 17 17 79 21 38 59 18 32 24 9 65
