92 28 39 13 3 70 27 32 13 15 84 95 18 30 85 15 78 27 52 73 88 5 19 72 21 87 64 27 46 45 49 12 99 60 36 9 41 46 76 100 23 19 13 93 36 33 36 56 44 22 82 62 82 30 29 98 37 48 79 67 11 82 7 40 35 95 29 72 53 100 95 90 80 91 43 78 38 20 42 13 55 9 89 82 6 46 97 66 79 94 9 60 18 60 47 74 90 89 78 78
77 49 39 10 40 42 50 73 80 43 8 90 0 55 19 25 54 9 17 46 13 28 75 9 75 69 37 69 21 92 86 58 50 20 19 21 86 82 69 31 91 36 45 46 8 90 40 21 27 9 56 21 23 33 26 76 79 17 28 1 20 69 87 88 93 42 14 10 82 21 87 25 71 86 6 86 9 24 52 47 51 72 50 49 33 89 18 44 50 82 19 76 85 59 72 26 96 84 100 42
5 99 51 71 61 76 98 93 33 72 52 31 21 92 15 37 38 71 50 89 60 59 69 6 3 67 24 63 61 93 24 35 20 20 75 30 75 59 1 50 94 88 34 100 80 22 87 3 78 34 68 85 56 67 59 85 8 17 43 41 78 10 65 88 50 92 41 51 47 48 11 19 74 89 82 21 15 6 87 90 75 30 58 28 24 24 53 15 87 53 1 8 11 78 62 61 71 74 98 94
6 52 8 19 81 46 74 26 88 53 32 91 72 21 88 70 26 26 56 20 99 59 49 13 68 70 86 73 85 65 5 69 73 76 77 70 69 47 63 73 41 64 68 13 61 31 70 99 81 41 40 87 84 57 60 84 2 57 66 91 26 40 75 29 72 88 26 10 64 39 65 52 5 42 38 56 25 32 71 14 100 25 87 81 41 47 19 77 32 59 77 45 74 83 83 65 37 18 82 61
54 19 79 100 64 81 10 19 29 73 94 44 12 90 28 46 24 91 8 23 1 67 46 30 10 7 65 98 87 0 69 84 27 52 91 27 10 54 29 44 78 34 42 3 72 19 92 60 76 29 81 14 92 94 72 45 63 28 46 24 45 88 20 83 15 65 22 84 57 28 99 40 77 39 2 85 74 56 53 47 75 78 47 96 30 17 22 54 60 19 50 26 1 44 93 73 97 95 33 93
78 71 22 30 17 45 25 96 40 58 21 46 84 86 3 90 66 50 63 76 15 75 67 51 36 91 40 94 19 81 37 33 98 18 46 83 56 5 9 72 40 25 65 29 97 1 75 95 85 65 98 3 78 81 53 24 30 32 8 46 44 45 80 77 22 65 0 44 56 6 11 26 33 7 86 23 78 73 80 88 12 91 93 13 27 86 11 25 95 61 93 51 65 78 22 57 61 5 6 51
96 43 85 15 11 97 76 32 13 0 19 20 47 87 27 95 5 89 75 28 4 98 92 55 77 64 87 46 23 58 6 56 17 74 29 36 8 22 77 10 1 15 4 86 60 51 39 88 22 35 74 25 15 89 60 89 16 26 68 73 94 48 6 95 68 43 47 82 1 49 70 3 1 42 39 91 89 24 40 38 6 51 98 2 0 27 68 0 86 16 35 82 49 83 58 14 42 55 10 10
82 3 92 42 51 25 45 52 7 40 31 40 29 39 71 24 22 68 62 71 34 26 87 53 87 17 9 99 92 89 42 32 68 10 1 22 76 80 28 81 59 76 15 71 26 58 98 44 75 18 63 59 19 97 30 59 75 11 38 15 0 21 81 6 17 95 16 42 1 54 96 53 24 0 88 32 40 91 55 28 32 86 35 99 27 63 95 64 48 10 90 34 70 12 50 3 31 63 68 75
42 77 41 49 16 78 80 89 0 34 37 35 98 95 64 100 10 58 15 4 73 21 26 8 85 49 99 36 94 68 52 65 68 64 74 20 10 46 44 21 71 88 74 64 71 52 25 80 37 36 68 28 50 12 5 42 12 70 40 49 65 98 0 8 20 66 100 31 40 73 63 37 95 86 38 93 7 7 23 32 75 59 20 64 89 58 64 44 87 31 37 76 83 27 30 87 34 86 10 39
28 15 44 67 48 62 72 47 75 61 7 10 55 11 6 77 93 0 57 45 45 37 10 95 86 15 94 57 8 66 83 43 27 40 100 0 22 34 19 0 35 10 99 16 11 17 62 44 8 42 50 72 90 94 37 61 32 93 30 11 70 94 72 82 66 18 32 58 100 38 93 20 78 47 90 15 94 100 34 39 1 8 90 57 71 25 42 24 39 18 70 60 67 65 23 70 61 15 62 21
15 29 82 37 12 20 0 13 84 71 72 16 61 78 87 56 19 5 74 35 64 17 38 95 28 19 38 73 78 94 29 90 44 0 37 7 83 8 9 6 19 25 25 65 48 11 43 36 85 76 26 75 68 93 15 77 50 81 38 51 93 52 21 21 86 52 21 71 64 74 65 8 91 14 87 35 28 73 99 14 24 0 77 25 36 76 43 39 59 93 49 32 44 74 23 3 37 59 19 75
8 42 87 48 51 67 24 13 82 13 3 27 89 11 83 74 41 95 28 68 40 97 91 27 97 61 1 51 60 32 80 56 19 4 29 13 92 84 84 76 32 13 32 39 91 30 77 98 21 100 78 96 93 18 84 68 68 48 19 79 39 44 48 45 42 61 11 32 37 93 88 18 70 50 16 42 38 74 53 22 34 57 19 32 47 68 52 56 63 77 0 31 25 41 100 61 23 42 3 90
92 74 39 18 22 30 9 21 4 52 92 45 37 94 98 51 78 33 46 68 7 49 0 75 47 19 42 46 10 25 38 64 29 62 2 88 26 21 93 33 23 88 44 24 26 53 30 21 34 35 22 44 76 83 66 79 41 19 6 33 6 14 19 55 75 26 65 62 7 45 65 64 71 47 77 91 76 6 80 23 88 96 42 34 46 36 80 8 32 37 48 80 17 55 46 34 91 11 100 5
78 36 78 87 27 55 15 75 83 6 19 93 90 8 20 95 70 60 49 94 50 20 5 45 68 84 79 79 46 61 37 88 70 57 17 91 86 89 14 100 66 26 84 78 9 86 14 46 42 35 62 80 4 83 19 83 28 59 89 39 89 19 85 8 53 28 38 69 10 100 92 10 30 100 50 71 76 60 99 61 49 76 8 68 14 20 42 25 1 24 78 62 20 72 66 68 78 87 99 68
62 0 9 95 29 31 31 17 54 2 63 16 60 35 43 28 18 93 59 77 90 52 27 50 51 73 54 90 4 53 66 97 96 78 72 94 99 35 16 26 3 0 79 72 5 57 2 12 1 95 51 31 4 18 64 53 86 69 56 12 5 54 71 38 14 60 8 23 92 74 83 87 16 7 94 27 4 45 69 86 67 92 84 36 54 87 9 40 10 97 15 10 45 50 13 35 98 82 52 55
47 26 57 77 94 33 72 94 80 89 79 43 95 8 11 16 50 64 16 20 51 71 32 22 24 19 5 0 36 76 32 20 2 62 66 98 97 26 73 29 84 93 81 0 10 59 69 39 76 66 93 66 45 32 20 8 75 7 89 69 5 43 94 77 86 14 31 62 54 22 69 5 0 54 90 54 16 93 62 53 94 91 3 57 36 13 31 89 3 86 70 38 44 4 11 76 31 9 11 9
51 100 34 41 10 15 29 19 71 23 41 2 69 21 73 6 56 18 70 67 24 8 57 17 11 0 50 70 92 68 2 63 37 98 19 43 33 84 96 64 61 64 23 29 61 92 57 30 28 66 99 87 31 11 67 63 37 79 46 11 47 89 92 97 64 73 36 44 79 13 24 45 63 66 60 14 52 60 89 69 44 42 27 79 87 0 44 19 25 95 28 5 36 83 32 93 9 49 52 58
87 82 7 11 22 50 93 42 76 54 41 62 26 79 1 69 14 93 42 17 97 38 73 83 8 8 73 6 91 91 38 10 59 20 27 35 94 52 18 55 89 96 95 87 49 66 42 50 70 19 19 53 65 11 100 73 4 44 69 75 1 64 46 100 50 87 32 37 25 48 29 92 72 33 46 43 62 73 48 81 56 16 5 92 41 30 95 15 68 45 17 57 6 42 49 37 85 31 20 65
27 47 41 40 46 8 68 3 28 17 19 49 15 30 97 97 55 48 70 33 84 32 95 34 2 20 30 38 37 98 98 11 38 45 13 5 12 10 94 66 79 24 16 1 6 74 77 50 33 17 84 1 66 97 33 45 68 40 66 36 69 28 17 32 10 64 89 19 83 78 57 98 54 83 21 9 42 2 24 81 14 70 23 50 7 70 56 77 67 88 87 38 59 53 93 99 84 39 64 73
83 56 12 27 57 15 58 99 86 28 8 85 57 33 5 9 36 2 90 74 54 82 36 57 77 25 59 65 67 90 57 53 57 90 50 21 71 4 61 86 25 23 59 34 86 91 80 12 59 98 35 5 65 31 10 9 54 43 90 62 70 28 49 6 17 36 48 47 60 53 89 93 81 78 10 12 37 67 76 31 1 33 67 54 28 14 88 82 50 71 86 96 45 13 69 55 3 71 98 3
75 100 100 34 30 62 7 75 74 6 21 97 59 26 17 62 29 9 99 46 20 21 7 100 83 5 62 23 96 92 13 85 7 26 20 78 79 31 16 80 100 16 25 33 60 71 65 69 68 85 39 84 20 86 4 56 28 42 51 54 16 69 81 60 18 11 59 69 79 84 100 59 65 86 81 8 4 22 0 90 4 8 38 78 38 31 22 89 49 17 44 97 49 52 34 63 77 87 60 27
68 58 11 62 95 43 56 69 45 76 63 49 35 60 43 64 25 96 75 28 92 64 22 77 93 33 30 4 1 1 66 80 73 50 81 98 50 37 96 59 68 48 65 4 75 68 98 32 13 39 41 82 39 63 4 60 22 91 42 83 73 39 30 57 39 55 18 18 89 91 31 56 80 56 92 54 5 20 71 88 98 91 76 7 37 14 79 36 57 46 8 47 100 46 82 34 18 66 59 83
8 83 64 64 59 31 67 23 30 65 75 49 7 16 9 20 15 49 14 73 78 100 15 82 66 30 46 97 100 96 67 60 32 96 9 86 1 24 24 46 11 89 94 6 26 1 40 22 5 56 96 18 36 98 13 47 75 41 86 94 3 23 82 49 51 99 41 6 6 79 94 30 16 8 32 72 50 37 5 74 74 54 90 99 71 10 50 94 9 83 47 36 78 44 5 67 19 84 44 4
51 98 37 86 30 68 94 46 77 84 40 93 97 54 25 72 61 12 70 29 45 23 36 85 36 85 8 44 8 64 17 53 80 52 42 90 30 75 23 83 65 86 84 54 96 55 84 22 46 58 7 79 43 10 45 58 92 63 98 46 77 62 58 78 45 24 42 70 88 54 8 85 100 100 35 74 8 35 94 48 0 16 3 14 54 72 87 62 72 99 80 11 54 25 29 53 87 87 90 17
31 19 52 63 42 29 12 49 29 99 70 59 26 40 35 11 21 4 83 10 80 2 3 67 3 71 24 76 71 22 32 58 6 87 0 15 71 9 44 58 23 72 59 86 52 16 8 42 100 89 72 60 11 34 36 53 10 99 95 49 60 51 1 99 92 43 93 71 39 4 100 14 55 34 76 75 92 2 50 85 69 5 18 29 93 72 36 51 18 72 100 97 81 45 48 89 44 91 11 77
96 26 2 81 57 12 27 81 48 100 14 72 35 42 57 77 41 5 21 23 79 16 40 58 11 39 76 46 56 89 96 81 29 53 93 58 73 54 53 37 78 37 11 36 57 50 19 88 81 60 49 62 56 90 48 48 94 41 78 100 25 70 29 53 51 28 72 68 62 80 70 3 3 31 70 46 3 29 47 76 33 51 69 22 73 63 5 0 78 1 75 4 75 90 4 91 89 97 65 59
13 14 20 76 26 81 96 100 95 62 87 44 36 4 0 88 24 30 82 33 34 75 3 50 15 63 99 26 36 71 71 12 17 94 83 24 74 19 23 58 83 66 17 81 31 64 60 23 4 5 87 52 81 72 74 63 99 36 61 52 22 52 31 78 2 13 72 72 36 39 68 99 91 98 71 91 68 27 38 55 22 53 62 23 36 11 16 96 35 96 98 68 20 26 44 47 97 34 8 72
97 73 44 42 99 18 88 8 51 81 40 65 62 45 3 64 32 48 3 44 88 47 51 85 48 47 82 55 70 81 69 83 64 35 74 72 4 35 65 49 6 45 88 12 32 15 51 55 18 0 60 42 35 53 66 10 14 13 34 38 54 41 39 26 75 52 14 100 97 23 15 8 2 32 61 7 90 95 52 6 31 60 43 48 20 78 29 19 12 82 83 36 90 93 100 20 3 37 27 69
100 94 44 0 9 42 32 24 94 55 29 37 58 100 22 2 64 91 54 42 26 14 90 32 4 54 35 31 54 21 37 79 26 6 0 57 68 99 62 41 85 51 48 28 47 40 7 55 77 36 12 48 55 65 24 43 1 100 76 85 94 90 90 78 19 26 100 99 37 14 43 20 34 55 2 54 36 74 73 15 17 47 51 57 44 79 49 96 70 18 58 33 13 73 96 71 100 25 85 37
2 93 65 76 41 58 15 15 18 7 93 13 69 39 0 81 21 5 100 39 1 43 77 81 92 43 32 60 50 63 71 88 9 27 13 74 41 22 31 85 20 90 84 91 5 69 86 98 41 53 48 79 31 14 76 91 64 95 38 85 98 81 44 55 60 48 14 77 70 28 58 39 90 43 16 91 37 97 90 79 38 16 21 28 97 34 77 32 45 82 9 52 61 27 45 89 98 51 62 96
10 93 42 10 40 90 71 3 14 39 63 67 92 72 67 26 82 98 3 35 14 78 28 52 45 22 40 68 9 49 18 64 51 91 30 62 8 14 41 11 39 9 78 11 30 89 33 6 70 84 28 40 42 49 55 26 87 87 17 0 46 3 34 71 94 86 79 21 95 59 50 13 50 46 98 93 43 29 66 79 55 43 43 16 17 30 68 87 82 78 40 100 3 47 3 40 73 79 29 14
7 4 59 74 52 12 4 98 57 12 98 63 48 10 32 29 7 29 97 15 99 21 45 31 43 60 80 94 65 57 73 42 11 24 58 28 58 56 28 55 23 81 82 2 44 23 56 47 84 84 92 29 74 23 78 22 47 2 55 1 11 86 12 18 29 44 8 34 83 62 94 56 63 24 43 11 83 52 97 73 60 88 27 43 39 29 61 27 62 34 79 97 60 76 69 31 4 33 18 72
56 63 26 41 34 46 97 58 76 94 22 84 67 60 8 6 52 91 19 9 89 34 49 89 29 19 65 44 11 12 47 22 25 56 39 75 96 94 17 53 72 34 100 15 83 79 86 15 28 7 25 100 88 60 77 5 43 65 53 64 48 71 81 44 29 44 96 79 83 45 89 66 69 52 20 77 36 78 60 23 74 68 23 34 66 69 0 3 21 57 35 10 32 100 96 51 78 72 75 82
47 84 26 15 63 99 50 75 6 34 78 54 30 53 33 75 55 75 64 55 5 95 87 57 62 20 33 9 82 87 76 96 1 91 86 83 12 45 28 79 88 45 79 61 65 70 86 81 87 67 35 26 29 65 8 94 51 39 55 56 44 97 21 99 87 12 53 27 81 55 63 76 86 80 54 89 11 1 47 72 5 62 66 31 10 40 74 41 38 78 29 42 30 67 67 75 92 78 78 29
28 87 34 67 99 93 62 47 1 39 53 63 75 99 70 69 41 68 35 71 32 60 41 30 0 47 19 65 65 8 37 71 84 29 11 49 2 99 70 100 18 22 85 87 33 51 39 27 95 86 69 59 1 82 18 2 85 77 68 26 5 47 45 12 4 93 7 60 18 73 70 61 68 53 59 47 96 17 87 65 18 22 96 98 53 63 2 45 7 71 28 44 7 17 30 16 26 56 4 70
77 50 85 74 97 59 93 80 32 81 37 26 67 41 17 67 100 60 93 87 74 99 48 68 57 83 21 68 83 64 77 4 44 92 65 95 64 4 98 69 79 98 97 94 19 17 6 96 47 11 4 8 99 91 3 99 58 88 100 54 48 84 59 15 75 14 71 41 54 70 83 17 24 68 1 49 73 63 83 1 4 24 50 41 95 58 58 54 85 71 90 93 71 27 76 36 57 3 74 29
16 47 7 86 95 16 63 29 12 7 80 90 41 23 54 73 39 27 59 1 26 28 24 94 10 87 50 54 41 15 65 66 28 85 48 40 37 8 38 65 92 9 21 2 79 49 94 25 41 44 72 98 99 70 94 59 13 22 99 27 55 91 38 94 17 91 43 29 1 69 25 2 7 40 62 78 29 30 16 4 15 79 52 45 77 53 45 34 92 46 88 15 22 46 88 72 78 9 67 58
93 7 86 3 11 35 55 41 96 48 84 30 85 0 69 19 15 3 37 43 69 0 82 55 5 61 44 79 32 55 10 48 87 81 81 79 22 85 3 19 22 73 25 35 97 11 16 53 32 28 60 65 33 3 44 1 85 52 93 61 11 96 4 67 38 66 81 42 84 2 87 83 25 66 61 41 58 48 79 52 74 98 9 10 48 18 41 91 58 27 21 56 36 12 4 25 1 24 21 72
67 57 42 41 24 39 4 68 26 14 67 22 19 46 72 9 96 73 61 88 44 41 52 47 66 58 61 42 63 89 72 44 70 76 45 21 30 7 34 33 73 21 13 23 0 47 70 86 73 89 34 94 21 51 65 60 99 56 17 55 97 82 44 2 73 25 94 86 36 48 89 35 54 1 23 16 19 93 0 94 56 69 50 1 16 66 89 85 0 13 97 73 8 53 69 61 31 94 38 36
24 42 51 40 48 18 54 7 43 32 96 84 95 26 15 89 60 31 44 15 44 81 72 63 14 91 40 85 49 87 49 38 71 6 61 14 46 45 26 21 32 10 8 61 40 29 44 67 23 85 52 28 24 67 1 41 15 34 45 5 31 52 67 37 20 30 99 7 63 84 15 94 92 98 10 18 21 93 44 96 35 55 74 67 32 40 98 87 66 50 59 19 59 84 25 21 96 27 17 70
11 38 86 37 23 15 50 21 66 36 97 5 89 58 72 78 0 72 74 38 35 61 67 4 5 64 48 94 66 30 58 54 51 20 33 83 28 82 1 54 25 95 4 74 66 46 96 45 61 25 27 41 56 23 66 59 37 54 27 62 48 76 64 3 65 33 45 57 68 13 41 9 51 85 62 23 14 38 33 40 32 46 22 89 56 66 39 100 66 37 19 85 82 44 46 81 42 37 72 26
0 33 28 91 72 64 45 33 71 45 81 85 2 99 94 35 97 38 20 65 77 66 36 78 34 60 59 66 94 89 88 73 67 91 42 94 15 7 15 23 43 87 90 36 71 45 90 49 95 6 89 69 68 68 12 56 53 37 99 96 87 59 27 69 4 69 93 32 94 63 58 42 45 76 77 10 77 24 57 26 1 1 11 9 25 28 64 50 94 18 97 56 44 36 59 29 0 66 17 97
65 29 43 39 32 1 77 57 45 49 49 27 75 53 23 22 56 82 45 92 97 76 93 29 98 27 87 58 7 10 61 19 78 94 23 46 82 76 12 74 79 4 94 19 35 28 12 62 41 29 24 74 75 62 61 61 37 84 84 89 77 68 21 18 39 60 79 30 57 6 23 99 46 55 9 72 88 46 39 86 18 77 70 85 45 100 85 24 97 38 68 72 21 38 30 38 75 32 61 50
21 76 41 10 71 99 23 4 36 39 91 6 41 13 21 58 57 76 24 54 88 59 8 33 23 59 24 73 84 16 77 38 84 37 1 33 9 9 54 10 40 3 6 99 84 87 67 54 69 65 67 73 17 15 48 53 16 39 87 95 56 57 71 32 87 55 78 54 27 10 30 47 95 75 8 53 36 62 3 72 91 45 0 88 65 45 86 1 52 13 85 39 14 48 19 86 6 86 85 1
31 64 12 38 100 74 14 37 30 77 88 21 74 1 10 87 56 64 36 21 77 95 68 98 99 66 83 36 44 46 70 92 18 84 81 96 2 36 85 14 7 89 28 26 5 87 32 20 26 82 65 82 57 30 11 54 91 14 33 7 48 28 18 7 36 57 22 64 2 84 18 64 84 7 94 52 91 30 95 49 27 63 59 75 50 5 20 0 96 48 11 78 73 10 96 98 91 38 24 0
1 10 92 35 9 87 34 65 83 11 19 96 40 33 76 96 36 39 22 82 44 51 41 9 70 94 73 28 51 84 27 91 43 40 72 35 47 28 20 91 26 77 26 25 16 96 6 69 62 89 2 72 71 69 87 54 23 24 62 69 12 57 19 81 6 42 11 22 66 18 89 33 96 5 27 13 94 93 96 16 40 34 30 11 9 33 50 44 31 5 40 78 50 5 29 90 48 6 22 47
92 11 49 51 86 76 43 31 63 16 48 98 47 19 84 62 94 81 16 43 8 61 67 35 80 79 94 74 86 29 26 5 65 98 59 18 59 44 9 91 69 31 32 82 67 12 74 99 71 56 87 84 24 19 51 12 50 54 52 63 61 73 68 71 44 97 58 80 89 3 99 60 78 94 1 11 7 58 90 13 33 31 20 13 17 39 11 57 50 27 52 25 23 22 12 62 56 9 14 35
20 81 89 58 73 14 56 98 18 11 53 15 67 48 40 45 14 59 11 43 14 33 0 34 79 51 32 97 46 36 6 82 33 91 93 31 6 8 79 44 59 62 91 52 22 35 56 56 39 19 57 26 47 45 2 68 1 93 52 80 41 31 94 30 27 2 56 43 91 20 27 92 63 94 37 10 52 15 60 42 92 57 38 42 98 89 23 79 67 15 35 65 29 0 74 62 81 98 75 4
64 40 74 74 1 95 60 59 72 85 76 15 58 86 55 98 20 48 9 4 42 48 83 67 42 35 31 38 48 100 32 99 100 9 27 67 10 35 53 25 54 62 17 87 85 70 24 54 41 73 17 82 37 68 92 86 92 82 99 90 71 94 72 41 39 12 76 34 81 96 23 46 67 43 69 9 54 31 51 9 72 65 16 14 43 88 40 87 17 22 58 57 45 4 33 23 61 98 38 42
100 58 86 79 94 0 44 22 83 46 61 58 36 86 73 93 80 11 26 76 66 24 15 76 98 21 38 26 67 65 60 17 55 13 63 59 83 88 57 66 5 95 97 46 96 66 76 61 95 37 2 41 37 92 64 65 48 73 76 82 64 22 7 73 76 96 38 79 45 10 48 69 19 53 45 60 48 39 20 80 61 99 64 62 29 51 55 16 20 67 85 90 85 70 31 70 51 66 34 89
63 100 52 83 53 9 57 70 0 59 28 87 4 58 61 67 32 10 49 92 7 68 50 63 29 61 55 4 62 82 22 14 76 9 64 75 11 98 17 63 36 15 71 41 24 42 12 22 8 19 63 51 8 94 40 23 93 87 68 97 64 19 0 31 25 20 40 80 64 84 98 83 78 32 25 91 97 36 59 28 14 64 76 89 86 23 81 21 2 94 31 80 83 50 10 34 66 1 31 88
2 36 17 86 52 26 97 17 89 42 64 71 8 44 0 64 60 18 68 89 13 40 75 27 51 55 96 45 21 54 18 56 25 43 90 10 15 64 56 92 69 35 11 91 54 30 98 45 78 76 6 6 29 53 11 85 14 76 56 71 74 58 73 46 59 98 98 3 42 47 2 90 65 90 18 6 34 24 84 4 58 10 44 100 98 58 24 38 69 5 56 39 70 14 45 43 14 41 14 71
52 47 40 89 40 95 9 81 36 29 22 71 86 10 49 46 91 94 24 70 16 91 94 52 84 5 53 35 64 12 53 5 7 33 56 65 69 45 12 12 3 21 53 67 34 17 100 88 36 48 72 7 53 48 89 52 77 55 58 86 20 17 53 90 42 4 84 59 32 44 53 28 82 24 62 64 39 84 41 41 91 89 59 10 63 77 12 77 43 11 3 38 12 55 94 83 54 52 49 91
74 7 100 18 86 40 100 48 65 46 49 65 44 52 87 1 26 7 55 28 65 50 31 95 66 97 87 84 99 37 81 28 11 39 47 47 10 39 87 76 24 82 43 56 66 78 16 23 31 40 92 17 21 30 79 66 49 32 27 45 81 76 87 91 77 90 27 72 43 57 32 43 22 91 90 61 9 76 58 93 89 51 78 91 61 21 39 68 75 46 1 53 34 90 26 28 28 13 52 2
75 92 77 31 41 52 32 34 43 17 5 72 75 65 63 6 47 4 84 2 67 6 17 17 50 29 58 6 92 86 11 49 30 64 10 12 34 46 62 71 11 76 63 8 47 26 32 54 4 53 68 93 32 25 92 93 6 89 32 42 35 9 20 18 86 59 62 12 18 85 34 97 15 48 83 26 66 52 70 27 25 66 77 83 15 41 36 16 2 8 69 16 57 22 39 83 93 23 40 81
44 35 29 35 38 92 7 27 98 30 47 4 30 65 30 68 45 99 34 17 93 24 29 53 89 3 19 86 47 99 9 3 97 79 30 32 33 21 28 15 17 36 95 40 80 73 62 65 69 51 14 51 43 0 5 72 32 22 43 7 51 65 80 91 98 71 72 21 28 49 74 72 5 29 7 22 62 60 90 16 58 57 69 96 14 45 18 47 4 80 49 46 48 52 81 52 4 20 77 6
74 77 73 9 56 43 82 69 93 80 7 0 76 94 23 58 69 19 61 19 77 96 74 34 37 30 97 93 47 86 1 84 95 55 47 8 47 32 77 84 48 12 66 86 67 51 3 49 16 70 79 46 32 93 47 69 85 44 32 12 59 12 71 25 66 68 21 74 21 66 71 24 45 60 2 8 67 99 94 30 1 60 95 53 14 15 87 74 60 18 17 88 36 14 53 49 51 89 43 14
15 30 44 81 8 74 71 73 94 98 93 90 50 98 68 66 28 81 72 35 1 26 54 5 89 36 50 57 65 39 47 41 87 45 22 32 8 66 71 73 26 60 26 31 39 98 67 85 4 36 41 77 52 62 40 30 32 82 62 26 45 33 52 57 89 100 19 38 23 76 43 28 33 23 22 60 39 42 96 28 56 48 99 23 26 35 85 29 54 90 67 79 20 58 6 91 23 81 98 20
31 13 9 25 5 1 97 55 73 6 39 26 61 53 1 55 92 19 90 39 74 20 8 53 21 2 69 40 72 75 99 79 27 88 40 17 19 13 88 11 61 100 52 91 38 88 28 84 63 53 62 22 97 25 53 71 34 35 1 88 99 49 69 9 82 60 24 24 16 32 19 74 8 72 96 94 81 32 27 76 75 2 98 61 67 78 17 44 82 26 99 37 68 10 92 78 19 40 78 57
90 83 52 2 1 2 50 26 7 95 63 75 60 91 28 4 61 42 53 93 92 60 41 65 40 44 45 78 55 3 60 30 96 57 96 12 38 95 25 100 40 13 68 91 18 53 89 81 68 18 4 95 81 31 34 31 37 29 76 20 49 57 6 22 6 100 15 43 19 90 61 31 13 58 9 49 55 69 19 23 20 92 53 90 36 57 91 49 96 54 80 50 91 51 22 22 76 98 18 68
35 14 32 10 9 70 96 69 14 32 75 18 57 57 81 99 59 88 36 46 70 9 18 68 56 18 92 63 25 50 39 95 39 19 55 78 6 44 37 95 10 58 49 20 97 85 82 88 24 59 63 59 40 96 100 8 50 21 26 39 97 52 54 63 76 77 17 65 49 91 55 56 43 81 13 14 81 44 86 45 39 69 59 52 43 78 42 59 90 64 76 37 96 54 15 9 51 0 56 44
48 94 75 27 55 94 46 59 50 63 98 80 5 55 13 6 27 93 13 66 75 67 22 14 19 89 94 92 55 2 52 61 93 15 6 56 53 52 72 51 57 83 89 79 43 15 11 82 3 6 67 13 7 70 85 15 23 68 52 72 83 43 52 26 63 96 57 6 47 65 12 17 76 84 98 19 78 70 64 22 66 89 96 68 64 58 59 66 93 71 39 89 54 87 41 27 72 2 75 65
43 4 55 81 35 92 91 32 22 85 94 24 13 86 23 51 19 46 29 12 30 44 88 42 76 32 69 87 15 93 26 90 91 53 73 51 73 84 45 97 36 66 33 84 58 76 45 96 11 25 55 12 14 8 32 58 99 52 43 29 20 10 4 2 32 87 68 75 24 96 53 29 71 24 80 11 65 17 81 1 77 39 42 38 26 15 95 81 6 1 69 21 99 37 45 53 99 66 22 68
20 93 99 24 35 29 64 80 21 35 81 62 66 77 41 45 91 98 82 40 28 53 75 71 20 97 10 70 76 21 77 98 20 53 31 23 20 37 46 55 82 86 11 14 0 4 12 98 81 36 76 98 47 3 73 99 75 24 64 15 54 82 86 62 24 60 14 61 41 12 76 77 10 87 95 44 73 72 56 56 29 64 50 46 23 3 1 64 38 81 86 31 83 74 56 95 72 20 67 67
86 72 95 2 94 62 91 18 17 19 67 17 32 26 26 44 0 16 24 16 2 52 19 49 38 28 7 81 23 49 42 99 95 41 80 12 65 7 40 58 28 60 47 42 22 72 35 29 98 92 32 92 28 42 71 14 7 79 42 65 62 13 49 14 12 87 84 3 14 31 71 20 36 74 49 95 82 41 6 56 86 49 29 55 16 68 18 14 27 23 53 77 45 66 37 82 47 16 37 64
94 2 32 28 77 98 66 13 84 34 68 96 70 72 51 73 26 76 23 51 37 96 79 52 84 57 36 25 82 5 37 25 30 27 12 9 83 18 10 30 100 62 92 62 27 84 61 14 28 35 87 49 50 77 74 11 8 68 75 42 100 90 86 45 71 44 56 72 28 38 89 18 94 52 85 47 65 57 69 84 18 31 38 89 18 99 67 28 24 54 89 76 83 65 10 70 30 94 82 17
43 43 87 34 39 66 89 39 97 57 50 18 37 60 67 46 45 7 17 58 2 93 47 0 7 27 97 66 94 43 20 22 83 93 10 87 75 33 58 73 59 51 58 61 39 90 18 30 12 65 29 13 54 39 11 30 67 94 73 42 14 44 59 22 86 99 35 31 92 39 27 75 66 47 54 69 40 87 33 49 87 91 30 29 43 76 76 67 41 49 65 24 37 20 97 22 5 68 48 45
57 83 30 74 66 24 7 90 17 27 28 56 40 18 98 25 7 84 25 24 39 29 85 18 73 93 54 73 49 72 14 3 6 72 87 69 13 55 48 99 67 30 97 93 94 42 40 36 19 56 91 46 83 23 54 34 63 97 93 2 48 37 31 74 57 34 34 58 50 81 29 92 55 28 72 65 25 92 33 79 21 42 23 12 3 64 7 19 93 20 32 12 84 63 6 20 13 61 65 87
87 77 100 69 85 12 64 11 41 96 79 53 84 74 48 97 44 47 23 91 47 40 65 85 82 48 48 38 42 7 42 43 13 14 2 43 80 39 87 84 11 80 79 54 91 38 71 81 93 40 69 61 46 57 30 74 80 54 23 48 14 100 66 99 23 5 20 62 1 93 15 10 7 64 41 52 43 69 39 59 6 93 67 58 37 91 96 6 81 65 67 71 24 90 5 33 6 81 46 12
40 76 14 98 89 2 31 8 28 24 12 20 100 79 57 94 36 91 92 15 91 35 44 89 81 47 0 4 94 34 33 42 34 78 36 80 70 89 36 24 82 61 81 89 85 14 67 90 96 35 0 54 45 88 74 88 45 79 31 89 55 19 5 1 26 20 29 20 20 46 13 1 19 9 82 37 83 89 62 36 31 65 16 81 46 54 4 53 51 77 80 31 70 16 6 86 30 66 11 94
13 63 45 79 21 33 77 76 13 93 64 9 76 54 90 25 95 88 99 67 74 47 9 63 35 98 15 26 4 82 35 54 70 1 59 58 41 26 38 20 9 66 97 31 79 54 6 56 14 26 25 4 0 26 62 91 47 54 66 58 77 54 82 5 100 83 60 1 47 13 43 83 5 47 55 89 46 34 49 27 0 37 94 41 70 41 51 65 50 55 100 15 6 65 25 75 65 94 37 20
59 60 41 15 78 90 3 3 61 48 14 32 46 95 24 75 63 46 97 71 46 53 60 36 77 62 88 70 46 49 77 27 16 42 36 92 65 98 45 3 61 66 99 57 43 43 100 12 30 55 4 0 5 19 35 24 16 14 96 20 1 3 26 88 87 71 32 38 67 24 92 32 67 53 64 43 19 76 82 77 2 78 99 69 15 20 12 49 29 51 4 96 1 72 62 94 26 99 31 44
19 76 70 48 96 56 98 17 39 67 56 26 90 58 97 97 13 36 54 72 42 87 58 50 90 59 60 49 26 89 27 24 85 23 64 8 77 66 99 66 65 2 40 37 5 82 12 21 27 53 53 10 2 81 2 53 68 72 48 88 96 69 41 33 57 41 46 36 75 50 71 40 54 59 80 50 46 79 85 82 30 57 79 45 93 70 0 7 95 94 36 51 47 13 79 54 24 8 30 74
26 75 85 32 19 78 56 7 90 92 46 19 19 50 42 58 71 80 42 45 35 72 36 52 93 3 42 21 63 32 55 41 45 71 66 58 24 22 68 24 82 11 64 36 9 51 40 22 26 15 32 36 47 49 48 75 97 56 10 63 90 73 17 19 11 53 6 60 79 17 36 96 84 61 93 79 67 57 49 59 64 15 53 91 88 73 60 18 58 55 79 41 0 23 86 44 68 42 0 100
15 70 57 44 37 54 15 34 20 12 100 80 6 28 79 47 11 72 74 36 47 64 95 45 15 91 69 100 17 55 28 7 62 22 85 64 64 59 39 53 60 14 100 79 22 63 43 1 13 57 95 88 16 7 70 22 96 31 100 17 51 36 100 46 46 61 66 5 25 4 7 66 46 86 39 34 68 22 94 24 6 10 34 42 82 31 20 94 62 94 62 12 2 58 46 76 89 10 98 83
11 95 65 62 72 55 82 27 79 41 40 55 8 46 66 20 71 90 11 19 60 86 46 38 13 99 34 24 93 66 29 96 45 66 5 62 52 57 90 36 82 48 5 9 67 26 62 13 23 66 52 98 1 88 82 100 7 64 76 20 62 63 70 28 79 52 0 44 95 80 32 0 83 16 11 85 8 94 78 64 55 62 56 88 60 88 40 65 74 76 88 86 86 65 33 50 12 48 21 89
98 32 34 9 95 83 15 94 27 37 40 77 72 73 98 39 70 69 62 78 21 78 76 4 16 97 32 15 41 9 97 51 53 93 80 95 50 32 5 22 75 10 39 50 5 65 11 44 33 81 47 88 21 31 27 86 32 81 10 10 9 98 58 24 12 86 29 44 87 42 27 53 39 30 13 63 62 35 55 58 63 16 88 60 6 18 23 19 15 11 79 61 75 17 81 18 92 63 82 100
93 10 94 96 75 4 38 22 84 92 39 51 0 89 25 45 66 40 18 77 42 71 69 28 37 59 39 41 46 24 77 53 55 42 69 67 10 67 66 89 27 55 39 77 33 3 84 97 29 66 88 17 87 75 39 81 47 12 1 33 82 18 43 99 33 2 95 25 27 69 86 55 45 27 49 97 10 12 41 13 54 79 37 36 85 45 23 94 14 35 19 53 36 25 31 33 29 79 99 34
77 48 7 13 61 30 18 76 22 65 42 90 7 23 6 100 19 90 95 12 16 95 29 55 84 91 14 16 36 47 70 82 57 61 72 71 10 6 37 34 16 55 16 100 26 83 39 73 26 49 65 31 27 55 9 50 1 14 6 56 95 56 89 40 47 10 19 38 88 8 55 23 4 4 93 95 26 53 82 80 79 56 90 14 65 26 47 46 74 94 34 83 99 43 18 95 10 2 81 9
3 51 90 4 25 62 70 97 18 35 22 26 98 15 66 19 34 93 18 82 69 18 55 66 17 23 9 10 27 94 43 83 55 71 96 39 10 10 98 53 37 73 74 88 66 37 18 54 34 58 28 46 36 28 28 58 73 25 53 45 13 81 4 11 92 75 20 59 97 41 2 42 57 80 67 7 62 78 35 31 8 87 12 49 67 75 46 72 88 16 61 88 43 27 26 2 23 71 18 28
85 21 75 68 83 58 71 49 14 34 90 64 29 51 89 58 58 3 45 78 57 30 94 11 5 93 65 10 66 31 50 57 2 63 91 99 25 88 73 64 64 38 83 27 84 17 76 77 44 71 67 97 4 16 35 93 6 79 68 3 3 56 83 84 93 89 54 24 76 75 60 24 2 55 91 61 35 5 11 2 78 81 59 39 1 13 48 23 69 33 91 16 67 95 24 78 36 84 34 65
57 89 19 76 61 57 40 23 33 76 38 65 33 35 91 9 11 92 62 90 53 5 87 97 79 51 34 18 99 41 34 57 2 11 55 67 29 64 16 54 95 98 98 52 100 41 14 85 14 3 74 85 64 99 4 25 44 51 36 51 41 11 34 89 39 47 18 90 24 33 9 62 10 93 13 59 53 4 91 71 28 36 60 3 52 31 81 32 7 98 97 48 10 11 42 87 88 52 75 83
57 83 44 67 59 18 33 83 45 0 0 35 54 20 45 17 62 46 93 13 29 2 25 61 79 64 89 42 58 2 74 30 71 88 16 41 40 24 56 23 56 43 29 8 15 88 23 8 98 29 31 83 19 92 36 92 83 10 79 26 53 2 93 60 24 69 14 70 31 39 20 90 83 0 63 99 61 15 71 51 8 19 49 100 93 13 0 9 7 12 18 89 98 12 10 27 93 72 6 39
28 43 76 100 35 69 68 59 87 33 0 30 28 1 58 53 58 53 62 12 61 52 27 4 50 36 59 60 91 52 61 93 98 57 40 33 47 48 12 50 85 83 5 37 80 45 57 55 96 78 14 73 38 34 99 67 9 77 51 97 74 13 97 76 51 48 33 40 56 14 18 64 84 34 24 72 98 27 70 86 64 75 77 87 22 90 59 17 46 97 2 67 89 61 43 23 55 10 81 56
58 4 33 0 93 34 18 87 86 35 1 29 77 96 37 41 60 87 62 49 31 86 58 28 93 7 57 85 85 100 27 5 65 0 82 59 5 59 58 64 21 89 53 92 12 51 58 53 68 51 3 19 39 54 15 88 17 87 14 88 4 26 47 40 55 54 40 46 11 55 77 91 47 18 11 80 3 46 31 29 37 0 9 28 17 32 61 95 36 94 91 65 27 6 89 35 80 92 87 71
47 87 49 12 65 80 43 72 71 26 98 24 29 84 58 83 54 18 79 25 21 11 77 26 33 74 75 57 53 4 63 17 91 83 40 50 91 9 19 17 43 34 72 64 92 76 39 20 0 77 32 97 60 95 74 13 49 37 59 97 59 27 55 90 37 41 1 14 61 21 89 90 50 37 67 99 47 56 77 5 5 90 2 16 75 100 5 97 6 0 94 89 47 79 34 0 4 53 59 93
8 82 9 62 72 87 17 41 26 64 96 54 47 52 21 5 90 32 34 81 98 63 8 89 8 25 92 37 15 10 25 30 92 26 96 71 64 29 66 76 27 88 6 83 53 80 27 71 17 41 16 79 14 49 86 48 35 95 47 31 20 86 85 55 6 76 79 37 56 83 28 89 85 77 33 48 5 92 98 39 36 29 48 17 97 28 42 76 72 21 49 56 38 62 52 4 85 96 2 18
47 31 61 23 13 73 26 73 12 58 58 64 11 54 2 91 2 95 48 9 48 74 56 35 87 72 25 94 97 19 44 85 32 33 33 83 17 70 64 3 95 50 4 65 30 24 43 27 43 31 93 68 20 56 56 39 50 10 91 18 59 35 31 41 61 7 11 11 86 38 45 95 40 65 6 5 93 36 55 38 67 6 40 8 6 93 13 24 50 1 52 2 98 36 17 75 56 71 20 82
66 91 18 31 87 74 76 65 83 0 46 63 17 27 50 42 43 44 17 60 82 23 9 84 62 74 81 93 39 72 78 26 10 74 23 36 72 4 82 54 92 7 47 63 42 1 4 24 17 32 39 7 95 7 95 36 81 43 5 41 50 12 94 47 71 11 73 2 20 55 85 6 95 77 10 71 20 59 27 32 75 0 26 59 52 18 23 92 65 55 14 0 28 29 70 67 79 55 70 46
16 46 99 61 27 90 74 39 89 82 40 83 94 6 10 97 22 80 93 48 87 11 4 33 95 93 59 67 85 62 36 73 79 56 73 33 62 2 80 94 62 71 82 55 87 59 58 77 97 52 57 38 41 90 77 67 36 50 47 10 94 70 9 38 14 47 58 31 75 78 61 49 80 89 82 83 98 26 25 63 52 16 14 78 11 16 18 87 62 30 15 28 28 55 98 29 13 9 20 81
85 16 49 50 15 46 84 78 16 93 56 67 47 46 56 19 3 27 13 19 2 39 75 66 36 2 25 33 2 13 49 72 29 30 75 86 91 19 79 15 18 29 18 89 91 91 70 98 49 4 80 96 29 0 0 97 81 12 10 59 24 16 96 59 78 26 50 19 82 64 12 86 94 10 100 37 28 80 16 89 94 28 37 46 33 87 80 54 83 47 71 83 22 43 44 26 10 71 61 95
36 92 27 43 50 43 81 2 65 59 100 32 86 51 100 54 5 91 8 89 55 54 100 15 21 15 3 68 76 34 6 97 33 1 11 25 42 79 94 40 62 1 3 27 99 11 61 75 88 82 80 51 44 8 76 91 43 68 42 86 11 38 42 22 62 74 98 90 78 12 85 93 59 10 9 22 57 80 37 79 82 63 58 52 73 92 25 66 38 31 56 52 12 21 15 66 81 14 97 32
25 39 82 56 45 34 40 0 61 64 99 61 59 76 52 48 35 41 81 44 50 94 21 38 36 89 65 91 96 50 44 19 63 94 73 45 5 93 29 49 25 50 46 12 2 39 37 80 71 13 66 72 45 100 83 19 80 20 66 57 64 55 36 6 82 81 72 7 69 82 3 85 12 91 100 93 58 61 13 51 79 92 94 56 38 8 35 89 35 83 5 84 38 84 14 79 19 27 70 59
46 29 90 11 52 6 89 32 41 11 43 5 42 95 100 73 54 43 28 22 34 28 11 65 70 42 83 76 84 9 43 30 44 53 15 1 14 52 69 10 16 30 47 20 94 51 23 16 61 94 44 22 92 13 10 7 86 75 76 41 75 42 6 39 26 57 72 84 92 35 75 15 93 76 30 99 78 82 71 20 45 10 49 11 36 38 40 95 25 39 29 76 75 64 84 39 19 50 46 94
59 94 74 53 57 94 67 87 46 53 58 79 45 64 64 60 33 75 67 88 86 12 4 40 29 78 75 47 64 54 62 6 20 3 92 98 63 90 100 62 61 93 64 93 13 47 96 30 94 86 30 3 73 32 66 56 57 100 88 97 58 31 2 30 97 11 55 87 66 7 60 2 24 100 12 51 63 100 38 95 34 22 56 21 75 98 45 81 72 11 81 40 9 69 12 21 72 59 60 77
55 68 6 95 67 90 19 26 61 55 17 39 25 31 21 68 62 44 64 74 29 47 76 23 51 0 48 9 33 8 49 34 66 40 13 72 10 6 54 16 39 67 41 47 90 89 66 61 86 43 44 2 42 29 70 47 41 15 28 38 9 70 46 53 95 36 64 51 85 51 35 98 74 77 98 77 41 72 29 68 51 44 62 60 51 54 23 60 16 60 54 30 72 53 23 9 72 93 48 24
65 51 10 3 53 27 79 82 56 80 59 88 92 13 26 60 93 20 9 60 2 4 35 65 100 17 50 94 33 89 35 29 11 91 65 70 74 41 34 70 58 11 44 7 81 13 51 21 65 88 38 87 93 4 36 86 55 34 78 1 73 51 91 56 29 18 59 6 68 12 77 40 57 33 34 81 83 37 50 5 71 92 1 22 61 28 25 55 21 74 54 35 68 75 57 91 71 80 27 32
84 90 76 84 75 90 21 50 75 74 0 99 75 63 35 38 18 44 52 38 15 30 73 56 28 16 33 36 62 16 5 99 7 60 45 68 71 68 84 62 21 33 42 71 81 0 94 28 4 83 97 36 46 63 97 15 16 48 59 30 41 86 78 2 6 99 72 74 59 42 82 68 20 37 31 27 12 6 38 10 46 10 83 15 55 6 9 24 44 36 85 87 80 27 38 93 39 54 37 74
82 23 96 60 58 63 16 55 29 24 13 80 21 49 35 84 26 100 57 72 32 60 65 96 66 83 72 71 49 8 64 93 41 3 7 53 99 99 88 74 47 12 24 41 48 81 1 96 29 41 96 20 88 28 87 11 65 83 53 97 89 3 100 36 26 21 20 26 78 63 58 1 74 4 5 58 55 96 16 6 81 30 58 53 89 51 40 26 90 91 50 52 6 70 38 33 20 54 88 77
10 14 92 21 95 28 45 50 38 67 99 62 62 44 29 30 14 73 79 77 9 96 5 100 43 91 32 93 7 49 57 67 32 89 2 65 57 36 20 88 58 83 10 7 83 14 68 57 63 78 15 25 14 50 62 66 88 28 55 90 28 93 93 11 99 63 55 31 80 59 9 94 29 30 5 2 14 31 40 12 90 7 95 82 95 98 77 9 96 26 11 46 96 50 92 26 73 100 49 94
