55 70 38 54 20 56 15 20 32 59 35 49 15 50 89 80 23 45 28 21 61 13 87 89 99 49 11 75 24 38 9 17 87 68 91 12 56 45 58 27 60 19 57 67 53 94 54 16 43 91 15 78 96 90 13 4 66 22 98 14 72 65 36 96 59 80 72 14 92 2 82 42 0 33 86 11 50 32 10 72 24 23 79 100 98 32 32 48 28 7 61 13 92 15 54 18 52 16 53 21
0 25 42 62 94 75 74 18 50 57 29 63 22 10 5 38 26 64 60 51 87 81 96 98 96 71 79 57 12 29 76 31 32 53 13 40 65 4 82 61 38 6 53 61 93 99 13 11 41 0 22 69 31 64 95 62 6 11 65 70 46 67 54 76 21 77 15 37 16 97 0 32 92 85 75 84 85 1 46 36 83 17 82 81 32 61 92 69 51 19 52 95 16 9 62 68 7 49 95 10
90 93 80 37 54 30 28 9 59 67 20 61 11 70 81 65 81 35 46 17 67 9 100 77 26 66 8 41 72 85 40 17 28 4 28 72 54 51 26 81 84 21 64 9 25 1 33 45 70 15 88 9 35 64 54 22 91 71 51 42 91 54 73 71 95 22 94 10 4 96 86 14 95 8 91 45 96 100 84 13 75 78 28 18 18 1 36 27 92 88 26 5 3 98 3 56 8 92 47 26
62 6 5 48 68 25 31 52 90 5 70 100 48 89 36 2 7 33 4 3 83 94 50 36 60 61 74 7 32 10 89 37 39 15 5 85 13 13 6 9 38 15 81 2 66 42 15 61 19 58 71 23 59 91 78 68 59 6 67 69 4 94 67 65 89 26 72 59 18 25 23 74 80 78 45 61 78 84 34 78 81 67 98 84 56 61 1 58 91 16 22 65 20 8 99 69 64 46 7 19
74 3 16 24 60 10 57 95 56 100 36 0 47 6 50 53 65 37 43 63 47 3 82 27 40 14 78 86 97 31 15 64 39 31 55 83 50 48 26 87 25 41 54 62 18 41 30 41 42 13 27 20 99 16 11 74 6 67 53 88 24 88 69 66 83 95 11 65 71 93 7 24 48 23 75 37 77 17 51 87 65 48 20 65 67 55 92 74 49 38 93 61 24 42 87 34 92 78 55 84
56 42 25 46 56 30 48 58 24 100 18 55 13 65 4 40 69 22 12 22 19 4 67 72 14 33 8 44 11 26 63 5 27 60 46 36 78 90 64 70 45 20 14 35 19 87 72 91 38 79 16 29 99 15 7 66 72 55 75 84 61 12 84 88 11 74 30 74 52 100 59 40 0 1 97 29 23 18 96 82 75 41 86 10 56 17 84 36 95 51 7 44 46 0 43 42 80 4 13 70
37 2 54 92 35 23 69 48 56 98 11 32 4 21 83 52 41 87 55 38 37 2 61 81 43 88 15 59 43 58 6 20 84 89 16 9 58 24 87 34 88 46 34 64 85 63 83 16 88 33 36 33 20 17 73 98 54 26 27 91 97 100 93 6 12 4 43 93 27 55 18 11 51 77 76 28 31 71 48 72 99 42 21 5 82 72 55 85 47 43 71 34 18 19 62 53 59 6 73 83
72 39 75 66 61 80 77 69 27 59 24 67 34 42 6 65 50 31 25 43 90 46 95 73 48 72 70 63 93 34 17 35 70 3 16 69 99 63 31 40 20 86 67 44 95 39 65 95 29 62 20 38 31 73 51 65 44 2 69 42 60 81 0 98 5 94 42 76 40 61 24 30 84 3 75 90 1 73 66 51 39 66 25 20 49 85 69 82 66 12 7 87 63 68 30 30 35 78 67 52
54 39 12 89 62 73 46 85 10 31 36 31 58 54 46 74 26 61 95 59 15 98 50 46 46 86 73 55 42 86 50 54 97 41 49 27 38 12 64 17 27 19 100 26 43 65 75 31 56 19 45 35 12 83 62 13 11 96 22 18 67 61 80 24 99 79 87 11 96 11 23 23 39 6 4 46 95 16 10 16 39 76 7 50 55 73 94 34 74 8 41 85 56 81 20 91 28 24 99 18
87 68 23 98 52 27 79 30 56 82 34 78 52 4 60 78 44 94 6 4 28 59 19 41 80 6 58 1 18 17 78 36 13 55 98 54 87 93 70 22 96 73 98 4 86 10 65 4 70 86 23 89 57 40 7 18 0 2 51 39 74 53 27 54 74 71 30 38 4 38 67 70 77 70 12 46 14 47 8 83 84 98 86 95 92 13 92 14 64 60 65 22 38 63 31 24 46 47 40 67
67 51 28 20 9 27 60 49 57 75 57 1 3 97 41 80 46 28 27 96 63 21 41 40 97 42 64 23 84 71 67 18 80 23 99 65 45 56 60 69 80 44 66 28 72 64 15 10 96 85 35 10 29 92 84 76 80 38 24 98 92 47 45 71 9 34 49 44 22 50 21 9 19 3 78 74 58 22 48 65 38 60 26 82 55 51 81 94 60 99 52 28 80 28 22 46 77 80 69 27
16 65 95 75 86 69 40 30 23 52 64 96 19 73 71 47 51 99 66 36 37 66 79 68 80 67 92 35 83 13 88 98 58 72 55 1 9 43 55 5 3 78 13 46 8 15 91 29 62 73 19 33 36 22 96 48 81 93 78 94 13 96 38 82 35 34 27 18 12 39 23 57 94 46 54 2 44 46 46 75 95 48 91 35 23 14 2 20 7 76 39 9 62 97 72 98 20 80 79 15
23 44 39 83 47 75 66 23 6 34 79 95 90 84 43 54 3 49 27 99 66 82 16 6 87 88 83 31 8 59 95 13 74 26 21 35 34 78 61 85 84 36 70 50 54 57 42 30 35 21 45 88 80 26 10 13 88 97 37 56 17 82 23 98 79 82 10 5 88 8 4 76 1 11 58 38 86 100 84 56 67 67 93 90 22 76 7 64 95 31 24 86 49 47 86 53 55 69 85 38
29 36 45 50 61 16 36 20 97 24 46 6 49 97 22 46 60 78 54 43 58 28 10 34 44 24 18 49 74 88 87 27 74 46 56 88 20 1 91 38 83 73 90 5 50 23 63 68 38 0 71 76 60 33 69 28 48 67 88 62 69 7 36 24 79 28 8 68 56 5 8 47 34 8 49 72 74 73 36 60 50 43 11 37 40 40 7 50 47 66 45 75 88 95 16 64 90 61 96 38
29 52 74 30 33 16 72 26 12 21 16 81 87 90 4 28 24 0 14 46 20 98 34 93 48 51 99 67 43 29 18 94 73 54 98 58 32 39 10 60 20 72 92 43 32 26 50 31 52 90 28 22 56 61 65 94 54 64 98 30 89 27 80 54 57 32 90 89 54 19 4 21 42 14 34 48 77 77 93 31 18 68 93 69 99 23 81 10 48 3 71 30 77 94 21 32 21 14 2 84
87 38 83 27 97 2 95 100 21 30 82 12 18 47 97 48 68 84 93 63 98 73 27 50 24 66 86 44 99 59 77 39 20 8 35 46 84 80 81 55 48 88 43 6 69 91 53 11 33 70 70 49 11 17 85 79 24 86 2 79 98 61 66 69 52 81 7 2 75 54 99 15 84 77 70 16 20 19 28 77 8 70 26 82 53 43 37 75 10 78 100 34 48 38 76 87 74 68 61 91
52 9 85 94 62 59 84 23 54 54 4 94 89 17 86 26 34 16 40 71 15 16 17 28 23 17 7 47 85 11 81 74 72 47 31 80 85 52 78 87 63 97 57 3 51 91 38 43 99 47 35 58 41 12 5 86 84 81 38 40 30 85 17 99 7 25 69 66 65 48 31 80 56 4 42 47 2 47 28 29 38 96 1 84 91 48 76 16 27 4 60 99 54 97 38 12 66 75 43 69
7 10 33 33 70 68 46 65 8 12 41 20 74 71 30 57 45 86 56 72 7 74 52 19 87 93 75 28 83 38 96 77 90 55 68 45 55 14 100 80 93 12 29 56 76 85 75 66 3 66 100 97 39 8 97 20 81 58 97 84 23 63 62 92 30 37 29 19 23 80 100 18 21 98 29 36 72 70 39 57 53 16 51 52 85 69 64 73 34 68 15 64 97 36 1 7 94 3 5 78
98 44 70 0 80 0 20 5 58 66 10 71 90 62 45 38 70 21 61 41 73 66 61 45 96 67 72 2 97 27 23 14 34 50 32 49 89 27 38 31 94 79 88 24 60 23 64 58 64 63 62 26 70 11 47 62 57 79 61 19 14 99 96 61 87 49 6 12 97 98 80 9 3 79 50 69 9 66 75 15 33 72 31 98 54 98 13 94 3 70 54 84 41 57 0 31 23 32 21 44
48 38 24 17 23 66 18 32 52 21 57 75 93 6 37 62 30 86 46 10 58 54 56 67 93 52 3 51 23 18 32 22 20 96 40 8 15 80 17 15 0 90 58 91 81 14 23 43 73 60 38 95 47 80 90 41 21 20 39 44 95 45 19 100 67 32 14 6 91 54 27 56 13 4 66 0 32 90 25 57 99 76 73 24 47 48 37 80 25 28 64 87 38 16 2 92 64 26 30 64
32 43 62 92 94 15 10 22 59 55 85 23 62 44 74 71 65 17 54 81 25 90 4 47 72 22 45 27 34 99 90 96 50 100 1 89 46 11 95 37 10 52 16 41 41 72 85 3 90 66 37 7 85 47 22 19 65 86 10 87 51 57 80 48 56 3 18 60 70 6 95 36 12 38 16 34 51 47 69 72 63 53 69 6 96 100 32 34 21 11 39 15 48 42 2 60 16 39 40 6
61 1 55 56 83 93 77 55 85 90 47 81 76 57 77 88 13 76 9 2 83 29 17 12 93 43 48 73 50 74 81 7 52 73 96 33 95 7 86 68 14 84 35 73 12 48 8 64 9 69 22 61 97 64 15 73 43 10 52 70 58 41 79 29 38 89 26 16 42 69 18 73 82 25 50 4 65 96 100 30 76 69 8 34 42 36 85 97 62 93 34 21 51 31 88 19 57 85 29 11
67 39 76 13 42 75 81 33 65 48 52 8 82 50 52 23 31 11 53 13 83 32 90 50 67 96 16 97 91 75 33 87 4 61 24 98 61 33 67 33 63 3 42 38 87 17 54 12 75 4 35 97 45 92 0 89 57 52 29 43 56 99 7 9 85 30 51 29 100 95 93 26 44 4 62 53 20 79 97 42 74 25 71 52 12 80 6 82 73 11 13 71 75 15 82 77 99 41 32 66
100 9 75 91 54 34 33 31 38 95 36 18 5 32 11 93 51 62 32 34 88 39 45 1 68 73 91 95 85 7 4 47 100 13 96 87 2 84 82 87 100 93 53 59 40 98 70 17 82 21 71 54 3 1 43 73 34 8 50 9 32 70 19 79 22 55 15 15 93 94 47 55 67 7 6 3 44 11 97 63 69 84 44 50 99 98 15 11 60 50 92 66 62 61 11 72 58 9 39 32
74 67 82 98 31 53 23 55 26 51 85 76 79 0 4 76 75 84 68 71 77 5 86 4 50 14 70 41 85 51 10 82 21 84 32 13 96 66 56 44 97 63 36 34 49 61 0 49 2 74 93 86 8 52 68 60 66 64 20 64 65 20 86 7 40 44 85 76 49 45 19 19 84 47 10 74 33 87 85 20 59 46 72 93 83 27 65 97 28 91 73 48 24 91 5 84 41 90 52 74
42 12 48 73 3 34 3 3 10 58 35 27 93 9 17 99 4 88 54 47 71 35 94 15 71 87 66 41 47 73 97 98 65 77 73 13 24 30 29 26 45 96 92 52 88 71 99 50 87 46 43 71 48 86 36 23 23 41 2 68 2 21 72 94 68 85 24 75 89 10 79 47 10 90 81 36 73 97 92 98 19 49 9 46 38 90 22 6 5 74 49 18 48 89 63 23 13 96 22 61
97 84 40 86 79 6 76 84 91 34 36 38 65 0 89 60 42 25 86 1 34 12 78 35 74 13 53 2 26 53 91 21 28 56 92 36 79 85 93 75 32 50 47 77 31 48 46 98 21 74 31 80 16 43 38 0 72 43 39 37 72 34 67 56 94 53 94 63 31 2 87 95 47 28 49 9 33 4 98 82 11 7 27 51 52 9 35 24 29 73 21 42 65 55 60 37 39 51 80 5
39 46 85 18 92 91 7 51 68 94 89 85 95 26 12 29 86 36 44 34 46 49 87 96 13 92 52 22 25 88 8 30 60 36 14 65 57 19 35 95 6 14 83 61 72 65 55 25 66 84 90 71 1 56 66 57 16 29 76 14 75 63 50 6 63 45 22 81 38 32 75 24 15 25 89 72 89 13 32 77 59 53 66 6 44 32 75 64 4 64 46 73 97 88 73 95 50 27 29 83
42 21 16 82 80 28 100 42 11 78 9 81 97 85 2 15 14 100 4 32 75 4 100 17 58 5 97 18 90 35 69 34 30 46 20 75 76 43 36 58 98 49 0 33 94 76 34 26 52 72 28 87 49 12 74 86 48 26 21 77 62 59 92 21 46 9 39 98 61 88 72 49 40 18 64 4 7 26 77 70 85 12 16 92 44 22 92 39 87 38 24 39 37 71 12 8 32 62 100 13
99 69 39 60 34 44 38 48 46 45 92 26 23 51 96 97 30 99 88 61 4 12 70 34 67 60 53 32 30 71 6 20 76 20 52 52 67 52 25 11 47 99 91 63 29 69 78 6 87 58 34 64 1 59 54 27 46 50 48 77 50 40 49 13 55 97 15 65 88 91 36 33 60 38 99 1 20 4 76 37 88 58 53 51 87 89 89 92 90 27 35 5 57 29 64 61 69 98 17 51
8 78 85 95 85 93 68 37 64 98 11 91 43 72 42 1 12 73 10 63 50 49 45 19 2 45 36 43 30 72 96 81 76 63 26 38 33 16 12 74 22 68 94 53 99 88 93 17 5 15 77 96 50 50 91 88 4 97 48 13 91 89 26 92 21 1 68 51 88 53 62 67 36 25 87 75 23 49 88 60 15 50 39 74 73 44 8 62 97 30 79 59 74 96 87 10 55 67 70 5
20 77 61 27 2 86 66 41 46 89 84 51 36 73 78 97 81 73 37 40 21 9 0 62 18 54 33 87 59 80 26 19 24 53 49 47 61 49 99 9 57 62 17 48 50 39 41 52 73 80 18 6 46 30 100 49 64 51 13 16 9 76 100 22 68 40 84 60 32 98 4 62 100 11 97 78 77 59 29 91 59 11 75 31 29 31 38 85 82 8 49 58 94 27 16 69 6 12 23 85
66 68 38 86 16 5 41 46 92 38 32 91 23 5 1 16 69 92 89 11 37 43 37 28 82 71 63 51 88 76 24 94 57 76 40 1 59 53 54 51 96 63 44 90 13 68 41 0 56 73 51 65 22 36 28 53 95 90 68 7 15 8 10 35 86 57 39 62 76 55 73 86 82 67 36 14 33 49 91 78 17 50 57 37 49 9 4 99 74 39 54 58 58 48 1 29 18 71 2 2
90 37 76 26 26 93 11 70 71 17 0 11 39 23 5 44 19 88 82 92 54 90 85 38 29 23 12 14 85 20 48 76 75 79 29 18 8 100 89 2 54 13 15 75 6 80 18 67 25 39 51 68 85 53 77 10 84 24 79 66 67 7 24 83 0 61 65 34 37 80 85 52 20 17 52 32 12 22 51 26 68 84 40 11 88 49 27 82 53 86 91 57 7 51 33 56 41 73 89 2
9 64 78 12 83 56 69 5 35 91 69 18 2 90 82 96 8 7 23 98 95 92 63 20 68 42 36 85 69 34 99 17 79 42 75 2 99 14 49 43 0 85 65 67 26 80 73 53 45 45 6 28 87 19 13 85 95 71 78 89 95 51 28 27 0 68 13 20 52 89 7 78 46 76 51 16 31 69 61 92 87 29 18 40 55 86 20 18 32 55 77 34 52 71 93 89 31 85 60 61
9 15 20 11 25 5 34 55 33 2 76 99 63 75 27 82 81 67 47 22 96 52 41 43 100 51 25 21 38 48 38 36 42 5 44 44 26 54 2 12 10 20 4 25 56 2 55 18 37 100 4 82 35 27 55 35 43 50 56 10 100 76 59 40 28 39 10 89 73 41 47 8 85 19 26 77 18 82 88 82 76 13 32 44 2 6 68 41 29 38 93 61 38 88 16 81 96 3 64 98
95 90 95 60 72 78 79 28 37 94 65 34 62 1 76 22 42 3 33 87 63 15 3 56 42 83 94 72 36 100 24 7 0 20 35 73 50 60 60 28 55 100 90 23 40 45 37 33 48 41 80 52 29 90 87 73 85 31 62 17 73 27 88 50 33 19 93 34 31 42 84 14 68 82 12 72 23 14 95 7 23 6 77 74 63 42 64 31 55 10 20 38 55 33 77 60 48 2 2 84
46 55 39 58 11 2 83 65 51 45 43 99 77 41 87 5 55 15 90 19 54 67 69 97 10 42 3 93 94 74 9 74 18 14 6 10 91 55 1 84 1 22 51 16 4 9 10 85 62 97 55 1 36 22 6 42 71 73 12 62 9 54 3 29 9 70 5 99 19 46 88 38 62 97 66 59 21 94 75 61 44 15 71 9 91 82 60 39 9 43 27 19 76 9 11 49 40 47 25 48
67 2 28 22 66 14 73 49 86 15 27 3 84 81 43 91 71 6 70 73 35 69 13 93 87 47 100 6 29 9 16 78 28 78 89 82 77 76 12 5 100 93 6 99 5 10 14 71 29 44 98 52 23 31 38 69 3 75 5 11 33 39 38 52 9 28 79 87 1 69 52 92 48 62 5 58 54 47 65 56 81 10 82 80 91 48 81 68 18 54 93 17 96 82 67 0 54 91 57 54
89 74 88 7 43 100 97 33 54 11 88 100 40 27 58 76 24 88 56 89 25 63 86 86 10 1 84 11 12 13 99 71 63 13 85 14 86 83 60 67 11 5 93 67 43 40 80 79 3 83 95 43 27 75 53 85 24 48 87 35 15 0 72 80 40 19 57 39 97 55 11 1 78 28 57 46 41 100 55 95 47 10 84 30 32 56 35 73 17 87 72 87 55 89 0 98 32 70 17 70
86 52 65 1 2 69 32 26 40 21 34 56 82 28 55 20 11 2 95 38 89 42 10 79 94 49 67 82 83 3 91 75 95 24 22 50 35 9 14 0 59 35 38 40 17 72 20 42 26 14 54 73 61 58 74 3 90 89 91 100 79 59 3 31 31 34 98 85 4 68 67 34 64 18 98 98 85 10 31 3 71 71 23 9 22 38 21 99 5 28 99 30 41 1 53 86 96 24 47 88
42 27 76 98 87 94 10 26 4 73 82 50 56 37 61 23 54 46 17 34 61 60 56 98 8 18 6 79 78 34 27 20 54 46 77 58 10 24 54 77 16 63 13 78 7 51 93 55 3 25 81 100 88 4 63 86 30 77 94 36 69 78 21 35 13 7 96 13 30 34 43 46 46 32 95 6 25 11 6 47 81 34 31 84 99 99 100 46 5 93 19 75 99 44 79 91 37 74 31 96
29 52 57 17 100 99 96 62 4 39 36 100 3 19 97 79 69 18 52 48 96 66 72 35 86 71 20 18 69 66 48 43 5 8 81 73 69 31 97 81 1 78 78 57 10 2 87 1 2 59 45 78 85 30 18 50 51 27 44 40 50 15 50 15 59 40 49 59 74 57 58 92 60 30 56 53 12 18 38 66 11 55 8 85 30 0 16 53 37 86 82 75 62 4 82 85 12 19 96 49
78 85 93 93 45 9 1 58 82 33 25 6 3 40 82 45 78 15 14 50 84 73 45 73 83 62 11 80 21 35 80 43 40 15 86 57 7 56 84 7 33 10 64 77 6 11 26 6 80 52 56 91 93 15 32 10 0 10 79 53 19 86 70 77 38 64 26 16 72 73 17 85 13 30 65 58 97 36 61 47 87 76 21 56 27 54 85 63 35 86 64 17 34 94 51 68 6 68 1 2
92 3 73 48 43 68 10 56 21 10 37 76 2 95 55 95 7 62 15 82 17 95 54 24 58 5 46 40 79 87 34 39 17 71 96 49 68 70 11 57 88 43 83 62 75 44 10 37 38 0 7 68 80 79 99 14 88 43 40 73 58 51 29 13 40 14 52 54 88 59 7 35 69 1 49 67 64 31 49 10 35 76 2 24 83 59 35 75 84 16 18 73 49 91 50 91 55 22 49 39
26 94 52 76 60 34 71 1 64 2 17 85 89 21 66 76 54 57 92 16 70 23 88 100 68 40 2 10 58 60 21 80 42 81 93 60 98 68 68 82 10 40 43 66 74 68 15 62 93 7 68 56 79 79 53 18 8 22 50 26 78 90 64 97 81 36 45 70 93 7 44 86 87 76 61 55 63 44 88 89 99 46 11 67 85 12 7 65 60 40 60 45 25 64 84 5 11 19 21 0
67 57 0 22 99 97 64 89 15 8 63 55 75 30 80 48 15 3 89 24 1 17 9 13 57 36 87 84 87 64 5 2 81 56 39 14 32 37 42 21 60 58 13 97 97 78 36 73 71 63 30 44 97 76 9 31 27 99 45 8 7 10 47 24 39 76 98 93 51 84 35 61 45 67 60 97 44 24 6 19 24 100 26 94 60 93 22 69 62 68 100 100 93 56 84 82 48 45 88 71
11 28 6 76 65 83 55 45 36 29 82 20 70 100 34 44 61 55 87 14 76 3 36 69 12 17 35 16 66 39 90 35 35 99 11 95 95 46 9 13 14 50 77 69 97 19 60 83 29 55 41 9 19 35 90 67 20 84 92 33 84 33 83 61 96 96 76 45 54 19 69 58 89 75 37 72 47 66 5 84 51 46 59 30 87 69 63 29 54 38 13 26 28 74 68 96 98 54 19 0
54 56 4 20 70 50 25 19 100 24 93 75 44 58 23 0 95 33 79 93 82 42 29 39 3 81 92 62 29 90 87 19 70 68 32 72 93 78 67 41 30 74 27 17 61 37 78 61 28 27 7 49 75 0 3 39 17 4 23 78 16 44 71 78 1 21 43 99 83 62 43 48 72 32 55 79 31 29 26 5 11 8 73 74 92 83 22 61 23 40 31 42 84 3 47 31 42 33 75 34
11 33 65 10 37 26 84 74 55 55 25 53 59 37 51 98 10 61 57 94 78 31 82 82 25 54 41 95 17 16 26 41 80 8 41 58 44 65 91 83 31 23 70 59 45 30 2 71 76 76 66 55 75 72 8 94 94 65 45 17 86 42 0 7 7 94 49 27 48 15 54 20 7 24 89 39 47 86 68 37 18 27 52 53 47 67 74 72 21 67 100 49 27 55 0 33 90 35 39 11
34 65 29 2 64 79 78 18 68 5 92 92 94 67 58 13 54 69 87 2 2 81 38 18 13 100 67 76 43 58 85 52 0 3 25 59 0 76 9 67 19 9 54 68 84 20 36 6 90 97 17 56 0 33 21 37 37 77 12 69 89 84 44 64 78 28 86 17 70 9 56 66 11 0 46 8 53 79 45 70 77 26 7 14 25 35 39 50 79 39 19 28 21 37 15 46 12 28 0 5
92 12 75 86 77 16 26 35 24 52 29 42 57 2 39 21 77 57 63 83 22 64 80 93 35 23 38 38 80 35 54 33 28 88 12 77 3 37 100 56 17 94 57 90 16 82 68 46 56 34 51 26 73 94 25 98 57 60 82 33 36 4 96 71 34 76 47 92 68 20 39 56 73 44 9 55 72 98 89 7 71 22 37 5 73 30 36 28 54 77 39 62 60 7 17 88 93 37 6 70
89 56 67 43 28 28 58 85 66 74 17 10 65 97 17 50 56 32 67 13 24 59 90 37 88 51 7 95 57 94 94 19 85 59 94 37 55 38 47 4 33 88 92 91 66 80 87 94 23 93 89 8 72 29 56 87 81 30 93 88 54 14 62 91 80 10 79 74 19 82 20 22 19 19 50 24 9 76 66 4 51 55 42 24 63 18 67 0 19 64 17 8 42 15 17 31 57 79 35 32
81 100 0 27 81 97 96 50 60 31 34 97 93 80 71 21 67 95 37 95 27 58 19 17 28 16 58 55 74 20 0 78 84 75 63 93 80 75 79 21 61 95 88 35 81 74 41 94 43 51 14 96 54 61 67 43 100 24 33 0 76 72 96 52 39 65 84 65 24 35 77 62 77 18 14 51 87 58 21 97 54 9 31 54 63 0 65 32 3 5 86 76 17 31 25 69 26 12 47 60
50 46 5 48 28 84 58 55 60 84 100 11 96 35 36 52 12 66 56 3 100 25 5 83 85 94 27 97 67 41 18 50 93 60 72 31 46 19 1 94 59 76 82 61 99 95 21 25 92 3 16 7 22 6 1 60 89 1 80 66 40 31 79 77 87 78 68 5 37 88 93 55 43 57 47 50 40 25 11 55 84 47 8 30 82 88 63 23 72 66 16 32 67 54 87 72 88 86 14 19
77 61 35 69 17 70 85 81 90 59 8 19 32 44 1 14 99 42 0 77 20 92 21 13 5 3 61 92 14 74 19 67 7 68 43 2 77 67 12 57 66 10 71 12 68 5 67 95 97 83 71 50 39 86 90 4 46 92 47 72 9 80 89 62 70 13 48 80 64 81 42 53 67 23 76 34 42 59 65 28 13 68 82 50 34 23 0 67 96 23 28 89 37 32 83 61 0 31 78 20
84 30 33 73 72 22 67 30 48 23 95 3 72 92 91 13 76 2 48 40 95 0 79 93 73 21 47 97 71 66 16 18 100 25 83 43 55 18 15 33 81 18 88 2 86 34 77 81 25 65 51 100 64 35 64 24 37 26 26 80 92 93 27 4 9 82 14 32 68 9 10 55 29 98 67 31 47 92 88 50 30 29 43 74 29 70 19 88 95 86 50 8 79 81 96 21 54 33 63 4
44 98 48 73 91 31 16 85 64 49 20 53 72 48 5 13 98 38 31 73 3 9 96 80 96 79 76 33 22 32 89 18 80 91 93 60 0 90 15 28 29 5 6 26 54 88 7 59 29 59 57 60 67 31 9 20 80 85 66 1 30 65 66 100 37 82 2 62 0 7 18 60 33 7 89 73 80 65 99 10 90 9 75 70 59 91 68 30 67 67 14 1 9 55 83 88 72 37 80 78
20 12 92 51 97 64 86 77 8 5 43 59 55 23 76 10 95 36 46 95 56 29 13 87 43 36 23 79 22 75 35 56 24 44 67 62 13 38 76 76 57 5 0 15 9 9 25 53 94 16 51 6 4 6 70 29 29 52 49 67 26 14 11 64 56 32 97 46 77 5 57 59 52 92 8 3 77 58 95 100 20 88 96 28 37 73 17 61 8 9 11 98 32 27 65 66 63 52 58 54
48 94 13 1 61 40 68 7 20 98 90 100 45 67 22 18 3 94 48 67 62 91 90 59 49 62 58 48 90 51 73 85 94 61 20 1 95 72 72 60 71 28 57 26 60 28 21 10 77 20 30 60 74 78 7 31 28 57 91 99 91 19 33 44 46 63 94 1 24 9 23 14 18 32 40 96 46 61 12 94 85 68 77 42 35 85 72 26 93 38 7 32 38 59 48 22 21 44 46 93
75 94 98 47 15 37 29 67 82 25 5 8 88 88 46 24 13 1 75 8 69 3 36 7 82 75 17 54 23 87 58 20 92 89 68 66 80 84 61 31 10 64 32 20 30 10 79 60 12 21 10 9 52 53 16 39 97 22 64 74 73 91 62 21 95 76 31 45 95 43 94 77 96 69 40 32 84 92 43 52 53 79 79 28 24 99 27 1 83 25 30 35 12 69 96 7 37 45 14 38
68 9 24 67 96 24 58 5 89 66 49 83 89 38 81 27 71 21 49 100 78 26 64 67 23 44 95 44 4 41 83 46 31 60 35 2 71 24 63 12 60 2 66 32 93 61 90 34 79 84 86 1 32 31 65 81 26 87 37 75 54 60 60 14 63 7 19 55 12 51 91 46 6 21 93 11 4 5 31 59 93 56 18 77 68 49 43 71 96 90 100 41 44 35 49 76 93 62 33 44
39 83 37 56 84 15 35 80 89 19 43 87 2 2 34 87 60 49 74 80 42 20 50 46 26 97 27 46 61 70 32 46 64 67 70 35 57 19 7 2 37 21 95 74 6 0 94 73 93 82 49 16 71 33 58 68 97 9 33 25 92 36 79 17 9 12 47 46 100 67 83 24 26 44 40 33 62 83 27 34 47 89 6 64 49 50 52 79 79 22 12 25 37 49 13 5 70 93 52 40
89 8 39 93 95 99 82 83 92 67 62 11 15 1 50 12 36 26 69 85 6 15 2 54 58 88 87 23 48 50 60 76 49 54 17 67 87 55 78 81 17 11 93 71 69 75 49 31 56 66 82 8 67 26 15 21 6 3 66 82 70 60 85 11 69 94 85 90 2 51 79 12 71 21 23 78 89 100 37 28 43 64 82 89 23 33 83 26 70 64 16 35 15 2 28 50 86 1 69 66
43 64 14 49 44 99 65 74 15 24 77 56 87 95 89 39 37 57 33 53 31 47 37 83 31 15 94 31 84 66 32 100 17 12 14 63 11 76 5 90 69 59 48 65 27 10 7 36 81 36 84 52 1 62 49 66 94 42 24 77 41 23 100 47 40 92 1 89 40 11 13 69 72 39 92 92 62 30 27 15 34 69 87 44 3 99 62 17 2 56 30 78 0 86 75 10 71 13 14 80
90 2 54 47 31 49 44 61 59 46 79 25 8 100 88 56 15 78 98 27 94 89 73 23 56 44 16 92 41 91 34 7 17 66 52 86 91 8 89 79 77 88 47 91 79 29 4 37 89 57 9 64 57 30 8 3 48 7 92 27 50 42 7 10 6 92 37 25 84 68 79 60 88 35 20 93 1 75 13 69 42 48 84 59 45 62 80 25 84 3 56 38 46 49 43 13 0 86 38 35
73 84 10 1 16 69 69 56 6 51 14 22 75 80 76 63 48 33 51 79 71 86 46 70 9 93 95 50 38 45 77 99 8 65 21 28 24 39 40 11 95 17 11 11 43 82 9 15 38 77 17 91 14 30 26 47 98 39 55 70 85 98 68 10 89 100 57 4 27 12 95 18 53 34 55 80 21 38 25 85 57 13 90 16 1 15 54 1 12 48 17 20 60 38 99 1 57 23 89 56
51 62 71 35 1 69 1 69 78 47 81 82 42 23 67 15 64 98 0 90 97 6 81 39 49 97 29 4 20 68 29 41 8 60 28 49 32 49 25 78 99 6 8 95 2 31 22 34 21 58 87 42 70 81 82 51 23 76 23 2 24 62 8 83 89 99 12 92 7 62 90 47 94 40 23 51 25 67 3 34 3 93 20 1 49 17 21 92 73 63 9 18 38 2 5 10 15 24 87 83
20 8 39 87 74 75 91 82 68 16 58 41 39 81 55 60 43 93 0 61 22 46 8 13 62 95 89 48 17 58 14 25 61 32 54 8 15 35 56 15 18 96 55 51 84 49 73 60 15 86 99 55 18 89 60 78 2 68 42 37 7 37 15 45 100 80 34 25 1 69 22 47 54 12 67 71 81 64 5 43 93 37 92 29 88 24 59 21 15 50 3 17 9 32 28 22 82 41 50 11
70 45 63 71 94 1 99 73 38 33 14 73 11 80 27 29 92 91 74 13 60 94 45 21 85 55 36 90 68 17 17 72 17 8 15 99 9 29 19 16 31 34 72 13 90 12 64 77 79 31 50 79 77 83 7 38 15 36 0 28 6 71 79 42 46 61 64 64 8 40 98 37 54 75 81 96 77 52 17 15 60 89 67 51 63 93 41 70 65 37 15 72 32 92 28 97 99 40 13 86
30 66 62 25 91 95 40 72 100 64 25 78 61 19 75 47 16 89 83 60 91 49 92 75 53 12 90 64 94 24 10 76 1 5 68 46 43 92 43 79 76 9 100 3 27 15 81 8 71 36 84 22 81 5 12 25 86 75 37 19 21 28 64 24 74 41 54 55 80 45 46 92 88 80 18 68 15 12 38 61 11 66 5 28 80 97 19 55 70 84 55 100 1 50 42 73 81 97 77 28
39 28 27 89 21 48 33 21 44 37 49 3 44 93 56 94 96 32 17 30 15 36 95 13 15 48 89 76 1 88 59 11 41 53 55 26 88 44 11 89 84 12 65 81 13 90 68 4 54 71 28 17 42 82 33 48 59 71 74 90 66 23 86 88 24 66 47 58 47 24 3 63 44 62 46 20 64 73 93 72 34 55 84 52 76 40 58 36 87 58 8 12 11 84 95 38 96 73 1 27
52 48 88 70 12 34 19 30 2 25 13 55 32 58 9 42 9 18 57 10 63 5 7 92 55 33 21 12 3 31 22 45 99 73 56 76 65 39 10 68 45 97 16 33 4 35 10 23 62 34 48 23 48 42 50 88 24 72 69 3 73 23 96 27 59 67 43 51 50 89 62 21 16 95 63 79 91 81 79 20 87 12 15 96 50 10 12 41 14 78 15 56 99 32 68 63 57 2 44 60
5 39 8 41 88 60 59 85 56 85 72 88 25 56 91 1 70 16 30 45 62 45 4 98 3 50 70 22 25 3 59 67 34 75 50 68 41 21 66 96 39 86 86 77 36 13 20 0 98 94 86 45 3 89 37 85 66 93 12 14 64 94 26 8 34 83 9 9 77 9 93 79 95 28 60 85 50 82 66 5 44 82 45 72 80 21 81 47 33 23 24 60 41 6 97 54 65 8 73 78
3 28 75 52 92 75 64 34 22 87 8 93 11 95 81 88 98 78 57 45 93 52 14 19 31 89 21 98 2 93 16 13 99 69 15 80 90 12 71 12 72 41 98 32 99 87 19 57 100 9 51 99 67 37 62 30 66 51 81 97 47 7 14 32 66 96 66 48 20 37 56 14 78 12 16 53 34 68 79 100 18 82 20 40 24 80 71 25 89 70 97 61 79 22 27 49 13 42 95 98
22 79 60 74 3 62 52 72 55 100 24 8 38 13 62 44 56 34 85 56 0 85 24 78 58 9 49 27 42 64 8 85 43 59 47 10 78 78 41 3 41 42 10 98 28 28 15 78 39 14 63 50 10 15 59 55 7 93 70 5 82 14 31 85 47 29 34 11 97 16 88 1 29 35 16 63 90 25 73 93 83 19 14 27 94 97 74 83 67 98 33 65 15 3 80 44 29 71 90 86
71 23 0 26 30 21 75 80 67 27 1 77 52 48 87 48 60 11 75 63 25 88 90 7 24 80 36 81 84 94 12 4 56 84 74 50 39 60 23 49 58 40 33 15 0 62 95 28 42 61 62 46 11 20 63 64 60 91 74 81 61 58 60 38 31 31 13 75 57 36 80 55 100 87 93 59 26 85 46 89 5 42 74 25 33 70 68 39 99 26 14 39 22 29 3 22 35 96 24 11
71 27 71 57 66 54 65 22 28 42 99 19 12 9 43 94 93 19 56 81 43 100 8 21 89 45 25 90 87 16 88 14 25 8 14 14 85 34 38 82 74 35 45 65 1 67 59 37 30 52 46 23 4 82 41 81 76 54 89 69 12 40 36 0 89 98 13 74 23 44 77 34 14 62 65 21 13 44 5 13 74 93 51 54 33 26 58 4 36 32 72 68 21 13 45 55 80 87 39 30
80 85 98 100 62 42 90 52 24 73 88 90 93 77 51 36 52 94 7 57 49 23 82 59 79 4 70 24 62 47 28 72 48 70 51 39 16 72 0 58 83 46 67 26 40 61 63 61 12 17 95 63 76 62 77 82 58 55 70 74 3 40 8 93 5 29 14 88 43 34 49 68 52 86 71 70 1 90 97 88 15 40 27 43 64 13 82 68 69 83 45 53 71 15 6 15 55 60 100 22
90 73 7 83 86 31 21 91 52 56 18 32 82 52 14 70 3 65 99 93 37 5 97 50 23 84 23 85 96 41 11 71 97 69 53 41 74 95 3 35 57 25 65 78 27 49 30 70 95 34 85 5 25 79 94 38 28 78 30 25 88 68 91 60 77 75 90 88 84 75 40 76 18 23 88 31 74 21 31 3 85 1 2 75 97 44 82 27 37 84 53 86 12 50 54 80 41 98 9 66
45 48 88 79 57 13 30 24 85 36 50 48 54 27 31 90 90 62 16 97 35 36 77 52 95 9 82 15 49 71 32 70 77 82 8 92 80 39 71 96 89 100 65 59 3 5 30 72 20 96 92 56 58 14 43 23 20 77 57 34 70 91 55 51 1 59 39 18 29 53 28 12 17 4 55 82 86 89 18 95 46 47 56 7 79 98 8 45 78 46 63 8 72 100 31 50 69 97 37 31
66 82 49 85 4 78 54 22 6 44 14 94 54 11 61 72 77 50 62 5 62 48 29 21 52 99 32 35 45 55 41 61 42 18 56 100 22 21 35 63 69 75 56 4 52 39 60 48 1 29 60 81 58 48 25 58 63 54 58 65 22 15 87 82 72 31 92 82 11 13 56 49 66 52 65 29 58 79 91 7 8 79 35 9 15 32 15 99 7 95 98 65 23 80 19 34 94 66 100 86
58 16 59 50 43 54 23 53 7 61 76 13 72 68 48 32 70 85 40 0 53 73 64 24 46 77 99 48 73 99 92 36 86 83 98 58 46 48 69 42 61 6 26 45 65 32 25 45 1 32 97 17 66 27 52 77 63 84 11 15 88 69 11 59 0 91 44 10 48 81 96 33 8 42 3 36 29 62 3 59 36 85 55 16 7 43 83 47 17 3 15 73 45 4 96 12 58 80 87 14
27 38 75 70 35 90 64 59 52 44 85 43 60 11 89 21 69 86 72 75 79 73 73 31 1 74 32 10 79 33 30 99 80 0 18 11 41 84 86 48 15 46 25 4 97 83 65 39 94 38 72 98 67 1 3 45 4 18 98 77 59 19 16 69 62 96 56 98 76 34 43 91 99 48 48 38 79 54 28 58 98 57 95 5 10 74 31 93 87 28 96 42 10 58 39 85 45 24 28 98
73 85 100 66 80 69 27 14 50 51 20 26 63 64 65 81 22 66 29 15 50 57 96 76 10 15 87 60 46 53 52 72 18 76 99 31 29 100 38 32 4 92 66 31 89 77 67 83 26 4 93 90 74 37 76 55 60 92 41 46 67 83 72 23 71 98 70 74 85 97 24 89 79 87 60 23 43 55 31 16 78 24 98 81 40 92 97 47 98 85 33 75 62 72 59 47 54 10 82 75
98 34 72 39 74 37 13 99 16 88 12 19 32 51 46 97 88 3 16 10 28 83 84 42 27 34 16 26 76 16 23 45 44 68 22 30 12 61 61 5 46 0 10 31 95 45 72 5 74 33 21 37 65 93 52 15 15 39 1 68 63 71 87 65 57 18 69 34 92 8 53 22 53 74 13 36 66 55 88 94 9 23 56 99 29 81 70 61 11 12 92 8 46 50 37 62 49 95 36 93
95 65 27 4 41 8 65 68 57 72 42 47 94 76 80 35 1 71 82 83 56 53 41 99 72 64 33 95 35 74 84 4 0 15 15 66 80 95 83 14 84 7 78 52 52 17 69 59 29 45 51 92 53 21 93 80 58 38 90 92 38 90 42 48 74 64 60 14 40 74 12 0 93 68 12 21 43 29 72 3 38 58 86 34 29 34 38 29 57 43 24 5 37 13 60 41 13 86 49 79
35 38 50 70 47 79 52 19 73 98 24 73 15 67 61 75 0 2 54 17 21 100 12 86 48 64 43 25 65 26 95 59 79 16 85 84 9 49 59 10 75 25 16 61 88 92 33 61 37 10 4 78 21 81 92 2 82 56 20 88 70 52 21 78 10 67 77 30 80 13 48 38 26 55 8 17 76 97 19 3 98 30 44 22 33 24 33 1 12 2 18 27 10 14 39 60 35 37 66 78
64 7 11 77 91 45 49 35 100 46 80 65 83 98 76 52 30 97 83 27 34 64 31 46 24 59 37 5 79 45 19 59 54 20 46 51 96 53 58 88 83 30 45 87 42 81 53 71 100 67 48 85 42 7 33 93 50 20 17 78 52 6 52 54 81 40 83 65 9 8 35 22 37 94 76 53 20 74 95 15 24 7 54 23 67 38 64 55 43 86 76 39 5 79 92 83 41 7 84 40
89 77 97 63 7 17 42 63 23 61 8 77 69 36 64 27 34 3 73 33 91 66 35 93 40 92 53 96 86 56 3 84 8 28 83 43 76 98 81 13 62 30 12 45 7 80 61 32 76 11 58 29 30 3 80 15 97 1 58 35 99 74 35 24 4 81 63 28 48 32 76 55 29 86 53 80 62 74 27 28 68 13 68 4 12 63 95 88 3 43 58 69 81 64 23 35 99 37 70 10
9 1 93 16 54 14 94 83 22 22 23 48 16 99 18 11 26 13 26 56 1 0 10 3 75 16 50 89 22 20 51 0 94 72 43 11 11 14 95 49 41 4 41 77 4 27 84 59 34 50 94 43 94 21 83 11 63 38 74 92 37 72 80 24 34 82 94 57 42 26 55 84 36 24 35 21 44 27 5 25 87 17 76 18 76 23 62 37 41 19 91 97 78 86 58 40 0 27 61 14
69 87 54 24 60 75 4 22 59 100 7 24 64 78 97 51 99 38 62 88 76 73 79 98 39 45 59 10 83 66 47 2 63 82 32 98 20 96 93 91 77 97 0 6 41 87 63 51 56 2 9 7 39 74 17 36 64 64 21 97 80 70 67 77 11 41 42 70 2 16 99 20 42 54 27 99 39 80 67 73 10 34 19 21 45 17 83 66 25 9 13 27 90 75 82 78 93 31 21 55
11 50 30 70 54 16 32 59 40 72 9 89 54 36 40 29 54 35 82 26 32 31 80 50 82 38 83 31 52 40 48 9 82 5 93 11 84 40 5 92 73 6 67 87 1 37 40 51 83 34 56 9 46 64 15 27 59 72 56 81 98 54 29 20 22 51 0 100 42 82 96 36 10 80 46 39 81 9 59 79 97 84 8 56 43 75 86 48 81 26 68 60 55 80 34 26 64 54 37 39
38 95 81 19 49 4 91 85 44 43 79 92 86 22 65 79 24 82 94 70 6 9 81 55 68 57 20 91 91 6 70 54 35 82 47 76 23 86 49 60 7 52 43 18 83 56 34 75 96 86 96 32 69 99 38 71 32 75 89 69 1 91 20 65 47 25 48 24 91 72 3 78 54 30 55 83 14 38 96 16 25 17 55 55 67 96 61 44 4 69 62 89 95 83 83 3 38 67 57 93
47 92 15 65 68 2 36 46 52 61 0 74 64 9 73 82 99 81 55 25 8 77 88 28 54 37 79 35 66 87 82 21 67 23 13 78 43 81 77 35 26 64 51 14 91 78 32 55 25 51 22 6 90 50 43 60 42 6 78 45 19 54 10 9 19 17 97 51 94 11 95 31 50 26 79 66 21 24 83 19 62 9 43 32 54 48 94 67 45 25 60 53 39 29 48 37 14 5 63 45
46 61 97 16 41 76 54 14 90 89 80 79 58 40 64 32 36 67 83 45 35 92 67 85 6 8 67 14 28 24 25 75 73 37 86 90 80 35 20 79 42 41 18 27 74 88 100 69 10 72 49 88 42 14 26 52 100 18 96 5 55 46 42 48 40 100 21 43 72 26 29 40 52 14 9 1 44 78 26 87 9 79 55 50 5 57 2 59 72 23 40 74 87 80 66 8 42 50 54 29
89 49 53 24 31 7 49 100 92 15 77 49 33 58 42 37 86 71 15 4 92 34 62 79 82 83 5 58 82 26 40 79 26 34 67 79 6 89 45 10 13 96 68 78 85 64 41 45 53 21 55 19 4 18 93 94 92 64 93 4 31 63 40 99 76 21 4 67 43 77 32 19 89 24 33 0 18 59 85 38 68 5 29 66 79 98 99 36 43 97 95 31 92 61 54 0 65 86 63 39
57 43 4 43 53 41 67 37 21 3 70 72 19 32 16 30 87 56 66 84 5 55 66 78 47 99 15 56 71 18 32 20 3 0 80 82 50 72 39 4 84 25 35 23 38 66 79 99 50 9 82 83 20 39 96 12 84 61 35 54 15 39 66 83 80 3 0 51 82 73 84 67 94 52 90 52 29 5 90 12 49 29 14 81 74 28 78 63 27 39 84 59 85 20 56 24 4 15 28 9
93 47 38 97 53 50 72 58 94 44 8 92 8 31 56 67 5 68 42 22 46 33 45 93 100 19 80 18 57 87 5 83 58 92 42 87 100 10 18 64 66 47 41 97 9 41 2 93 5 16 47 74 34 18 77 50 80 37 92 72 83 25 91 98 71 63 77 84 23 59 8 77 95 9 48 3 56 24 45 86 37 13 53 19 35 62 75 50 20 5 0 69 14 35 47 61 63 48 23 15
69 25 63 48 25 86 88 98 68 61 3 59 34 60 56 38 63 87 67 35 20 66 60 28 0 19 3 0 36 12 94 92 2 87 8 49 73 62 57 74 54 38 63 22 10 89 59 28 44 65 79 16 7 75 77 83 13 3 0 50 10 96 74 65 51 85 0 15 25 25 67 7 96 10 20 28 57 12 50 16 7 29 66 83 27 18 50 61 71 33 61 3 43 8 79 83 14 15 88 99
