51 10 37 18 97 43 77 25 26 61 30 100 84 64 5 52 18 3 38 69 34 23 67 88 41 60 60 90 81 2 31 62 22 72 46 11 86 45 39 46 56 96 82 52 72 5 73 46 71 16 26 33 89 37 92 77 27 48 63 63 85 86 22 73 72 27 92 4 73 41 79 23 36 99 44 56 56 92 88 31 37 19 41 13 6 7 33 0 67 81 12 89 34 79 77 27 79 4 3 62
28 84 63 7 62 11 62 13 17 23 73 87 92 67 9 64 85 74 13 66 53 18 37 73 21 42 40 60 5 0 31 39 88 10 79 51 70 28 5 76 19 15 10 75 52 9 86 71 55 51 29 57 65 11 78 44 53 26 14 65 84 18 18 26 74 32 21 88 6 84 34 32 65 23 34 11 92 6 27 75 22 31 18 2 48 69 93 38 51 20 60 70 52 37 83 14 9 12 48 65
71 97 13 39 10 36 32 51 77 99 46 2 22 58 23 13 69 18 27 51 66 49 93 62 78 47 22 60 53 63 6 50 78 12 65 79 89 54 75 22 12 41 84 93 66 43 83 12 78 42 13 25 11 50 67 24 48 89 33 18 92 96 34 97 0 17 93 60 33 12 2 29 81 35 19 51 32 22 41 55 50 54 49 98 50 10 59 78 78 7 36 93 48 32 25 83 19 21 32 51
52 98 89 6 68 93 99 32 10 32 76 77 14 32 29 98 70 59 31 98 5 3 24 20 84 49 32 68 62 64 62 71 88 17 86 90 18 94 72 19 41 11 80 86 71 54 31 66 3 78 6 86 77 96 57 12 75 30 53 0 2 37 84 92 90 57 52 5 40 26 47 70 93 40 56 96 77 98 98 62 10 29 96 19 79 66 94 23 85 36 46 74 11 58 68 21 29 77 54 100
95 3 8 6 84 6 60 79 45 45 91 90 99 89 76 0 64 65 6 45 27 52 31 73 58 39 87 67 8 15 96 56 9 3 80 51 57 63 64 51 62 12 86 64 87 24 8 54 80 57 54 39 29 35 97 78 65 28 9 45 1 98 66 68 79 34 34 39 10 65 32 85 30 1 56 89 23 67 34 12 74 66 10 46 93 34 67 46 96 41 43 94 9 24 98 75 48 11 68 13
8 55 25 69 12 100 43 95 90 92 89 95 41 29 48 38 48 3 82 97 48 44 97 62 71 21 7 62 25 92 33 98 18 49 63 98 82 14 44 19 71 49 57 49 100 78 26 85 3 99 36 50 49 5 29 99 65 90 29 90 16 79 61 24 79 37 72 58 100 46 59 46 68 94 8 56 85 63 93 81 71 49 17 22 32 71 73 92 10 52 69 99 32 96 80 99 89 66 75 19
85 11 30 64 29 94 49 57 86 100 84 31 1 81 85 41 65 74 25 41 94 43 1 21 92 99 77 8 56 77 70 90 47 11 88 29 44 42 72 45 6 24 75 35 22 52 75 45 67 60 52 65 88 56 15 86 13 67 17 50 81 78 16 46 65 100 70 89 50 22 7 62 25 18 9 93 68 65 9 33 25 39 74 3 27 45 78 27 77 16 77 37 52 48 73 30 32 52 67 59
87 41 31 60 76 75 54 49 57 65 30 14 47 78 50 100 12 2 10 6 71 75 72 16 75 2 97 72 56 50 4 16 31 74 27 26 29 9 91 14 14 51 4 11 2 50 64 96 3 29 23 52 92 47 33 2 38 25 45 59 92 100 2 62 1 72 56 43 62 75 23 1 5 81 47 59 61 17 76 28 70 94 30 96 91 40 13 50 16 75 6 10 75 88 89 90 86 18 54 35
41 96 13 68 55 63 93 87 2 61 57 66 29 74 6 22 61 23 54 6 52 59 53 83 16 0 47 25 73 97 53 21 73 20 87 83 98 61 56 60 59 89 21 66 98 93 48 17 68 29 16 8 52 54 21 75 83 42 89 98 4 68 38 75 6 0 95 57 62 51 25 20 96 49 37 80 9 13 2 91 39 96 46 34 80 44 18 50 59 45 66 0 71 11 77 78 41 84 50 93
34 40 27 11 38 49 7 75 21 16 32 6 90 61 18 35 13 0 94 91 6 35 83 8 47 61 47 9 41 54 29 0 47 85 44 87 94 27 34 98 34 97 57 45 57 25 98 72 49 43 62 51 66 48 85 66 94 43 57 10 91 47 93 91 82 73 4 30 100 65 0 67 21 23 61 90 9 48 99 34 89 93 84 80 56 13 31 30 64 79 84 35 62 73 72 7 30 100 10 48
96 52 46 17 75 56 91 0 93 50 66 38 29 36 91 10 73 69 12 74 100 69 4 40 1 66 72 63 68 25 20 83 13 30 60 68 93 93 18 50 25 95 98 24 39 6 19 41 14 75 20 51 85 100 90 86 4 91 41 0 63 61 93 53 89 19 93 63 12 66 39 62 55 29 83 79 3 19 52 68 19 23 62 67 45 50 74 82 89 36 14 67 19 77 85 16 8 6 28 97
8 75 87 6 3 63 98 43 98 63 56 8 49 60 71 29 87 60 94 56 50 16 12 90 11 26 79 49 33 71 94 27 89 86 79 78 65 7 67 61 98 49 41 18 9 31 91 35 0 21 11 24 78 9 43 80 73 69 68 59 27 53 54 20 100 79 28 28 66 52 22 91 1 73 92 58 12 31 8 49 21 13 51 89 32 85 36 62 62 37 23 3 51 47 70 100 49 19 14 85
47 90 19 70 10 96 17 27 15 46 17 7 1 29 66 11 8 56 62 61 100 56 74 45 63 80 31 78 3 49 100 39 2 17 49 60 66 14 66 72 50 7 47 19 18 8 56 81 11 92 90 16 47 4 52 87 4 12 31 0 52 25 22 71 15 66 66 42 78 42 64 25 48 14 63 92 42 34 98 14 93 87 58 93 52 58 89 4 12 48 69 85 50 68 3 8 46 66 19 29
12 49 55 14 19 69 10 100 33 26 65 33 98 17 44 69 25 20 91 34 3 10 51 81 17 74 5 59 78 7 80 73 73 49 62 24 100 81 89 66 84 65 82 14 43 62 57 99 71 44 70 81 23 99 55 32 30 54 79 78 56 16 7 68 48 4 32 44 43 66 32 91 65 69 50 41 85 42 54 7 61 35 38 17 58 12 49 66 62 9 86 6 3 65 8 80 9 49 12 18
9 55 9 22 50 72 76 69 57 8 3 76 38 50 36 80 50 71 73 16 48 57 73 82 77 12 9 72 46 21 4 34 75 55 19 58 28 55 97 68 95 20 80 99 30 19 91 9 41 68 52 34 59 61 5 6 77 65 53 18 8 30 85 36 28 72 31 21 59 96 86 75 67 67 21 55 72 5 7 19 12 74 72 22 11 85 50 41 55 81 22 81 54 65 16 34 4 87 9 20
57 11 6 24 43 37 5 11 85 33 55 17 77 18 73 0 4 15 91 42 97 49 83 27 27 10 65 48 66 57 61 78 88 40 68 46 8 64 77 97 98 72 72 50 2 34 91 86 58 22 56 70 91 16 97 83 40 42 72 100 45 13 19 82 27 10 45 12 63 54 81 52 32 56 37 99 76 100 69 59 23 16 5 75 59 31 6 23 86 77 18 72 42 56 83 61 6 29 47 62
21 61 21 0 33 89 41 6 73 53 42 93 98 93 98 78 84 91 55 100 55 9 3 1 100 60 17 14 97 97 69 92 25 68 37 27 53 24 7 62 87 47 53 77 17 76 31 85 38 99 27 69 54 46 72 37 94 48 74 92 41 78 49 71 21 96 2 22 79 24 0 9 5 78 43 50 77 84 29 20 43 34 45 90 88 36 88 25 10 25 70 38 34 42 4 10 65 81 81 64
99 91 18 13 3 79 31 50 53 19 83 12 18 42 84 77 47 13 46 97 42 75 33 95 25 23 38 77 67 43 81 38 12 80 27 35 19 12 22 11 74 13 18 100 72 9 70 65 17 69 80 51 21 86 43 71 85 48 95 37 66 99 7 34 47 98 18 65 92 95 94 89 52 66 50 47 10 38 25 32 39 60 52 43 92 56 48 33 62 81 87 26 51 32 71 16 69 5 35 86
99 81 94 72 22 60 28 76 37 58 3 86 14 53 30 37 25 67 36 84 30 66 83 89 35 96 44 26 88 41 9 53 23 59 97 17 0 54 92 13 15 31 1 19 100 90 22 9 11 98 86 1 61 86 29 100 44 74 23 47 58 70 23 5 12 60 88 61 8 85 36 33 35 77 53 28 17 19 61 23 63 45 29 19 39 94 6 94 66 66 90 69 16 35 12 46 42 64 12 29
88 66 61 70 97 70 43 11 58 94 78 8 86 2 70 40 22 28 42 17 57 57 14 13 14 18 90 64 20 60 79 2 57 99 35 58 12 31 12 87 10 83 32 4 11 66 19 82 56 97 53 58 5 6 38 37 26 78 67 39 49 27 35 46 52 64 75 81 89 82 11 29 14 31 54 50 23 14 84 79 72 29 8 58 45 49 37 60 34 33 77 14 86 60 38 30 94 74 32 49
61 28 70 47 5 64 11 86 2 17 60 21 92 57 16 44 7 0 24 67 30 77 65 12 76 29 31 66 78 98 65 99 27 17 35 71 39 55 20 12 51 89 27 6 29 87 38 99 18 2 5 96 59 81 42 40 100 61 24 51 54 75 17 15 75 39 92 57 51 75 19 38 38 18 56 5 74 85 33 45 51 19 52 78 41 94 32 91 56 59 62 13 91 80 27 27 46 78 89 91
80 51 67 32 71 55 94 56 31 13 36 25 94 75 14 29 19 61 1 28 66 86 6 62 5 53 26 99 84 14 40 9 64 31 9 22 74 62 34 84 80 4 30 21 97 47 67 43 97 62 3 77 2 77 98 47 39 99 21 73 34 75 63 24 64 7 64 30 62 44 74 25 27 26 87 58 44 97 100 33 93 75 40 6 30 96 99 50 53 22 42 12 68 86 18 87 2 62 31 12
9 81 66 10 33 49 56 3 15 95 78 33 19 11 15 16 92 8 67 74 3 70 77 86 7 78 36 5 52 34 50 93 93 51 68 12 92 24 4 85 81 41 29 9 85 89 70 96 99 8 48 37 69 80 95 86 93 86 45 83 40 74 19 59 31 67 31 5 39 44 79 52 41 62 22 28 77 93 4 83 16 61 89 4 81 100 54 25 86 28 82 82 28 18 58 86 19 73 10 92
93 14 40 2 33 69 47 51 52 89 37 6 59 89 48 72 7 62 75 74 73 72 9 19 32 6 78 1 77 28 96 38 44 49 29 48 4 11 66 71 53 80 99 59 54 17 3 60 46 15 5 14 26 70 67 45 43 73 91 76 77 55 96 96 54 46 52 38 63 21 17 57 39 85 25 0 44 43 21 87 83 3 99 57 87 54 74 2 46 69 53 79 41 11 93 87 87 45 70 88
22 56 59 66 22 99 84 0 64 14 21 73 14 74 13 32 46 22 78 78 10 63 61 96 0 2 50 68 44 76 28 39 60 39 3 75 100 21 17 12 100 72 28 100 49 68 93 79 33 12 68 59 20 38 44 48 39 70 66 23 21 49 41 2 46 0 2 73 58 39 71 21 61 73 58 68 38 57 65 32 38 82 0 48 22 64 41 31 27 81 87 96 46 21 43 55 50 79 8 78
9 16 63 9 93 81 60 87 96 9 10 44 43 89 25 84 97 6 70 0 22 98 55 31 35 72 37 67 62 75 68 51 90 62 14 76 87 40 39 46 0 28 35 72 16 27 99 30 12 7 69 25 38 31 21 81 26 57 86 64 51 14 26 31 47 18 10 2 59 56 45 10 40 48 48 21 42 37 93 58 8 6 92 91 67 82 63 89 17 71 83 11 71 9 43 75 29 81 48 53
87 13 37 48 62 90 21 38 78 75 65 23 36 55 77 63 80 4 13 67 56 85 20 27 3 72 80 72 91 58 8 60 32 89 64 18 28 16 77 15 20 27 31 83 10 63 50 41 26 63 49 22 98 54 17 67 52 41 71 74 38 10 10 0 67 70 48 47 62 5 87 69 70 13 16 71 72 25 85 23 29 52 52 28 48 56 41 9 86 54 76 57 44 38 2 95 21 44 29 93
48 0 96 16 56 16 2 24 17 40 60 100 42 86 86 86 17 76 11 11 87 82 4 95 52 98 69 84 6 12 91 69 17 77 94 2 45 33 43 17 100 43 72 74 57 51 20 24 39 30 60 45 61 83 42 42 41 50 39 79 30 91 9 35 80 21 7 12 78 67 34 88 6 96 28 67 97 49 86 1 52 14 56 51 53 35 11 78 39 49 25 98 91 3 26 58 25 85 27 60
7 46 75 56 0 45 61 86 78 5 88 67 44 82 94 77 13 82 36 30 7 91 5 63 36 60 28 45 34 70 72 25 0 36 39 88 6 14 73 19 66 88 55 1 89 46 99 86 67 26 2 8 26 40 62 73 53 41 2 28 14 82 53 51 92 19 86 8 56 65 22 17 53 19 20 84 99 18 83 61 93 58 97 56 84 22 85 30 37 51 2 35 19 73 49 99 49 48 37 64
23 24 46 23 73 100 18 71 25 34 15 51 19 69 70 19 23 8 59 35 49 61 53 62 58 54 10 37 60 2 45 36 48 14 22 68 32 35 37 79 94 7 27 90 22 93 13 99 46 51 10 47 40 8 16 88 99 56 16 75 1 1 1 57 26 3 49 32 7 92 50 80 9 72 92 84 34 60 84 37 50 61 0 68 95 85 23 41 43 1 69 32 6 72 49 7 3 63 86 2
62 70 46 4 20 27 28 43 49 47 29 37 87 66 40 35 14 52 47 35 41 61 41 42 11 47 54 81 35 89 75 19 64 99 37 12 61 44 37 98 64 95 24 91 98 92 31 63 25 19 5 74 75 18 58 1 44 73 96 91 63 41 60 37 36 72 26 76 35 31 72 18 1 11 67 63 63 78 69 70 75 72 27 45 78 64 15 98 82 15 1 83 59 78 56 29 24 71 62 27
39 30 81 90 48 18 13 20 79 47 69 20 47 3 15 3 34 92 95 22 43 73 72 71 43 42 27 58 66 65 80 21 77 66 29 26 59 3 38 75 64 76 21 82 89 96 31 25 64 34 44 5 60 32 36 24 62 61 80 83 0 79 88 17 62 57 29 77 87 1 28 34 53 84 60 99 38 30 49 57 14 29 40 49 77 47 42 46 38 43 69 100 9 39 79 66 70 62 62 89
95 40 50 22 29 29 6 19 37 100 53 47 24 50 68 47 97 16 40 9 98 24 44 42 94 48 32 72 88 92 91 36 2 43 60 44 73 21 2 24 64 77 27 55 20 17 56 35 2 62 41 66 91 30 43 63 65 62 68 20 15 95 62 27 50 88 63 6 61 43 35 34 39 7 42 54 85 71 13 69 86 20 44 38 76 20 1 63 87 51 4 26 53 86 71 9 100 92 52 1
52 37 97 17 26 49 7 37 49 17 28 17 42 100 9 9 83 14 41 78 11 13 64 16 83 24 67 81 39 50 61 67 26 57 35 40 66 67 6 70 94 44 3 43 92 33 15 52 24 47 64 46 24 40 18 18 24 34 16 67 76 26 66 75 83 3 93 64 72 72 82 51 5 51 51 23 38 11 44 10 55 17 88 4 43 78 62 88 20 93 7 99 85 7 15 97 27 29 60 8
1 89 36 75 98 72 11 97 41 13 88 21 70 85 49 36 1 6 18 10 32 47 66 95 3 49 57 77 41 14 62 3 97 71 49 89 8 42 26 41 6 51 3 82 64 96 68 3 72 20 81 11 55 50 47 21 19 54 32 18 92 32 60 32 32 90 85 90 24 58 70 66 64 91 39 0 83 97 4 27 90 54 4 6 75 100 91 57 7 11 88 30 56 13 51 23 27 34 87 83
14 71 14 51 2 61 39 52 84 0 15 53 76 62 68 58 98 32 71 51 1 66 32 76 61 53 29 97 14 26 24 92 42 79 77 9 14 30 44 44 52 22 72 57 51 28 63 77 68 92 19 6 69 43 88 32 87 64 8 62 25 26 21 69 100 87 57 91 69 57 82 32 36 1 85 100 95 42 85 60 86 36 88 9 9 21 55 87 92 76 24 82 27 97 85 87 31 97 98 97
58 95 74 19 71 18 63 38 27 60 85 27 20 0 16 26 84 73 55 43 19 10 68 88 78 89 58 6 95 25 66 94 97 33 57 82 83 18 84 25 19 60 17 39 69 69 38 15 19 43 6 92 95 73 70 32 95 11 55 38 72 70 79 73 80 29 49 42 18 28 33 87 76 68 28 61 18 24 35 36 29 56 94 56 15 49 43 72 78 35 21 0 38 11 40 37 55 29 93 93
29 35 91 46 96 60 71 3 8 81 28 18 46 92 15 38 15 67 82 39 51 52 39 70 95 85 67 88 19 100 69 98 85 74 41 37 54 80 93 100 86 26 100 8 32 29 56 9 89 50 59 58 90 34 33 92 61 28 81 72 28 80 49 84 97 18 9 89 10 49 71 32 81 29 6 9 42 32 32 39 24 20 57 20 91 90 14 76 74 0 40 3 67 15 39 82 52 2 66 39
25 13 94 33 5 0 3 19 83 73 0 81 94 17 31 96 39 12 62 65 57 46 42 76 8 28 68 99 16 76 24 6 27 7 44 81 40 20 91 97 5 28 6 23 64 51 86 8 19 97 73 57 48 35 3 54 76 85 60 81 47 20 47 41 95 0 66 79 22 5 0 11 42 46 45 13 100 88 43 96 18 21 57 2 85 32 93 60 39 31 21 38 89 28 48 11 22 34 98 23
74 60 71 76 39 51 15 26 56 85 36 78 74 56 67 62 11 48 44 96 76 16 90 69 76 55 87 96 97 6 72 27 42 17 10 33 4 40 34 62 96 61 58 86 78 83 84 48 5 99 51 27 69 87 9 61 32 81 85 12 82 1 59 53 53 98 19 24 100 97 49 48 21 5 59 86 18 62 67 7 20 59 61 42 20 54 5 35 73 43 99 21 95 84 24 46 55 35 68 74
98 72 55 11 0 31 84 26 81 70 0 77 97 9 30 12 15 14 95 2 95 38 17 1 99 63 17 58 65 26 34 81 66 10 64 8 61 5 33 47 93 26 74 26 10 47 61 36 91 33 88 72 2 91 99 55 26 3 92 69 64 9 4 73 80 88 36 36 99 70 94 11 66 60 40 99 63 26 55 99 2 98 5 84 41 86 60 67 80 25 72 83 10 1 0 77 94 44 92 84
93 8 59 42 2 68 69 88 34 37 90 16 7 15 93 97 53 78 18 91 83 35 62 71 31 77 54 69 18 44 22 88 65 80 53 26 58 7 60 12 70 69 70 80 64 69 16 10 49 72 78 1 53 59 44 37 41 74 81 39 42 51 18 28 64 87 0 88 51 60 47 83 5 86 67 18 27 68 82 35 35 25 100 67 86 0 37 66 13 77 41 26 73 68 99 74 68 53 90 43
13 8 93 80 14 13 95 57 27 54 62 52 65 32 2 19 90 2 89 51 20 22 9 26 41 36 58 63 52 59 30 36 94 73 56 5 37 93 1 40 33 42 71 38 91 25 17 35 44 22 33 34 81 87 8 47 63 37 61 89 48 17 85 89 55 97 75 78 42 48 81 84 100 18 31 78 41 29 87 36 33 71 22 23 60 90 47 59 22 7 46 97 27 88 36 43 77 11 82 5
60 39 1 94 96 63 61 9 22 84 82 55 70 51 70 88 61 47 62 70 71 53 90 52 65 98 66 79 71 39 86 97 12 41 93 55 36 65 64 95 10 16 35 65 13 14 54 96 19 48 91 63 73 72 58 32 38 18 89 99 56 64 18 71 97 55 46 90 10 37 50 61 0 63 93 20 14 54 29 30 37 54 80 68 82 15 14 6 33 99 26 18 37 12 47 100 65 42 59 75
71 100 98 62 48 51 19 43 76 7 65 50 27 63 49 63 4 57 24 20 25 52 91 95 0 61 55 56 33 14 44 49 13 33 17 38 87 51 32 11 23 14 97 81 44 26 54 20 92 80 87 36 80 86 16 72 40 57 50 54 41 22 96 100 92 43 42 85 50 87 30 38 84 42 27 15 61 73 88 16 9 0 68 53 51 88 40 34 94 32 75 89 44 74 94 0 73 77 91 43
64 11 88 80 90 83 95 40 53 89 38 49 8 14 99 87 25 73 18 85 67 50 33 59 27 89 49 77 30 44 44 99 79 83 95 70 91 74 61 2 6 76 10 81 7 41 24 48 26 93 15 96 44 32 6 37 94 14 58 6 90 30 82 38 51 13 92 78 80 24 39 3 22 40 3 61 6 22 92 45 42 52 24 60 5 28 75 87 3 30 12 67 67 63 47 39 18 65 42 78
30 47 46 5 34 90 77 42 77 97 99 3 83 42 98 12 1 69 74 87 22 2 79 19 69 23 99 19 67 84 76 48 92 46 60 37 67 45 3 68 1 24 38 91 23 91 82 33 53 46 92 44 33 49 91 41 40 93 3 67 86 17 78 50 60 57 71 31 13 33 82 62 44 18 72 56 5 7 74 75 61 12 90 46 46 82 70 4 51 93 48 39 20 29 81 90 64 24 92 82
78 53 16 82 94 44 15 3 73 5 74 14 46 11 62 43 35 97 57 3 96 10 70 35 17 14 64 22 70 13 42 90 1 3 93 100 48 20 22 47 93 69 74 81 62 2 97 69 70 90 9 23 46 75 14 78 75 79 97 24 13 71 83 59 49 5 68 48 69 69 1 91 70 0 0 23 89 87 79 10 77 91 17 39 24 1 8 96 62 46 47 76 11 22 52 66 39 33 0 8
99 51 1 73 43 21 0 72 18 88 25 87 76 27 77 31 83 23 44 8 55 90 51 19 18 62 69 52 16 76 73 98 96 13 66 52 43 60 10 77 51 92 50 85 87 62 56 37 90 60 26 44 75 99 39 95 10 90 14 67 24 43 54 69 91 66 70 0 20 83 81 82 38 66 17 18 29 71 88 61 32 47 28 93 58 60 53 16 29 76 92 36 75 7 51 93 91 83 53 40
70 2 48 40 20 82 39 53 28 49 60 80 23 15 1 5 4 34 34 37 90 76 100 24 92 66 35 4 81 74 23 7 20 33 17 95 65 37 75 95 81 41 37 35 46 24 12 85 46 19 33 35 34 23 20 61 33 64 90 50 32 7 68 16 6 19 75 44 77 36 40 11 55 7 65 75 5 45 19 88 79 66 88 67 24 85 39 47 75 69 57 35 13 63 39 95 48 30 28 27
67 22 62 29 86 6 70 91 58 65 64 31 84 84 13 45 80 24 10 16 43 93 80 15 30 71 56 87 95 32 87 100 53 85 11 3 51 80 50 25 24 87 56 24 28 68 87 15 5 88 50 92 49 71 77 46 89 98 40 65 60 50 36 97 58 77 5 52 63 97 67 33 10 62 85 4 48 32 18 36 60 39 12 7 94 66 65 15 10 72 76 25 3 52 52 40 20 38 65 100
45 19 70 72 41 26 1 91 22 34 14 31 87 41 30 85 91 75 73 66 48 75 72 26 3 40 41 68 54 8 52 81 59 10 92 5 28 40 24 57 3 65 8 42 18 23 54 92 100 36 14 61 72 42 46 84 7 93 13 79 22 18 41 8 99 30 40 32 69 5 96 41 21 72 74 37 95 31 75 98 6 81 88 42 11 28 43 59 61 58 73 85 24 21 59 7 11 88 37 85
100 94 38 25 19 29 100 56 95 67 24 73 9 89 57 70 86 43 46 42 34 29 74 7 61 72 76 40 6 22 74 52 23 68 29 31 88 2 22 17 58 7 13 0 76 1 72 27 60 55 0 33 76 93 15 78 80 3 95 89 46 55 92 86 25 26 51 54 92 23 93 95 38 18 2 61 29 54 19 46 5 8 8 99 42 34 63 1 99 65 92 29 73 93 60 65 60 56 56 77
98 4 88 11 62 10 61 41 30 98 22 21 46 4 4 29 59 67 2 54 22 41 24 19 53 11 16 4 51 86 54 14 98 44 99 6 3 0 4 19 69 90 95 8 58 41 51 45 59 46 1 51 49 66 93 27 43 48 43 40 33 77 58 89 17 49 61 55 69 24 48 19 77 49 65 10 95 67 59 19 54 45 61 39 61 40 37 97 71 23 82 54 1 19 47 21 12 33 91 53
48 72 9 41 71 64 0 33 89 7 78 1 87 42 9 3 72 64 84 93 51 82 37 8 15 13 15 100 4 12 25 12 16 1 41 96 12 79 92 17 83 57 85 41 93 85 96 57 93 22 84 37 70 49 70 20 8 43 41 92 83 84 10 10 79 50 1 16 29 87 96 84 36 42 48 57 46 22 34 94 32 30 17 83 16 21 72 42 3 18 79 86 19 7 37 92 28 45 42 14
77 48 94 25 26 12 46 65 69 18 30 72 44 53 86 20 100 14 66 27 62 35 44 62 29 57 79 42 82 81 41 86 81 83 24 54 67 55 63 95 80 98 93 73 3 64 5 18 22 62 5 89 57 77 24 17 98 24 45 68 78 71 14 80 49 100 98 74 39 58 100 93 63 10 32 37 87 88 35 74 92 0 71 19 32 44 22 13 83 78 85 84 0 87 22 15 98 60 75 63
78 38 19 28 62 45 17 98 48 65 19 16 13 19 78 9 63 90 27 68 100 49 23 20 77 20 45 44 1 3 28 3 69 31 57 64 8 6 57 90 98 79 25 25 12 42 80 1 37 61 14 28 15 84 54 34 69 28 46 29 17 86 94 2 75 70 0 73 38 23 15 19 88 83 79 79 55 37 83 7 85 27 39 36 14 83 59 88 15 71 29 7 59 93 77 24 73 44 88 20
70 8 20 81 29 15 27 26 30 35 46 39 74 56 30 58 69 38 32 18 14 91 14 25 64 30 31 35 49 84 89 19 6 70 50 5 71 27 3 43 66 88 90 26 91 47 36 7 53 34 6 9 84 98 20 49 84 18 5 83 42 36 22 52 78 74 16 11 81 95 18 45 35 54 82 85 18 2 46 62 6 80 62 32 64 85 10 20 68 57 29 47 88 86 75 65 92 2 75 68
93 69 19 8 44 82 93 28 90 66 40 29 58 99 9 49 63 78 87 81 48 25 31 87 18 13 62 20 55 6 65 7 33 73 100 93 73 18 81 78 23 27 73 79 66 16 33 27 2 3 71 83 95 8 44 58 14 93 35 30 7 70 86 68 27 84 66 73 33 69 75 72 70 72 0 87 39 24 28 7 7 46 66 86 63 24 89 78 81 32 51 58 34 63 63 57 36 76 30 11
41 82 13 0 42 58 49 58 13 69 48 68 51 46 36 6 92 89 5 74 77 76 39 0 71 65 35 51 38 90 75 31 48 56 61 30 65 75 23 15 65 62 68 58 55 59 41 9 85 43 34 90 21 33 36 18 50 80 26 55 1 92 72 18 20 66 41 21 17 53 95 59 32 17 3 92 98 27 31 91 83 39 68 100 46 6 31 1 41 77 56 56 65 0 31 84 98 94 29 6
42 5 79 25 96 75 10 33 60 50 21 64 14 62 83 37 37 18 25 58 12 57 44 37 76 57 65 100 41 44 54 46 6 47 66 7 20 66 2 84 55 49 76 43 30 31 24 52 17 99 55 71 40 66 31 30 28 8 46 97 54 91 2 64 48 63 0 75 54 56 40 13 58 41 41 66 46 17 88 29 91 49 26 14 74 96 35 78 4 64 24 6 98 98 58 97 57 100 58 53
38 97 55 58 74 7 42 31 90 59 54 12 6 23 9 1 19 8 97 21 7 18 70 87 42 44 4 88 37 77 33 10 60 11 49 34 83 95 73 59 38 17 44 67 35 54 17 91 67 22 25 14 78 8 63 89 2 57 10 22 95 61 67 92 14 79 17 26 44 73 13 26 15 77 13 15 99 81 34 92 65 78 47 78 53 18 97 31 15 32 51 58 47 51 5 0 79 12 23 50
87 82 68 0 34 84 35 62 60 64 65 90 56 3 75 64 30 79 12 77 65 50 27 75 42 10 22 26 4 95 32 54 5 61 69 61 46 81 80 30 92 19 100 93 53 3 42 93 2 35 53 93 31 17 64 63 78 50 79 73 41 66 75 88 26 75 7 60 48 37 10 50 73 46 90 27 47 46 86 44 13 79 67 75 51 38 48 100 41 89 35 65 93 36 93 66 35 14 14 87
67 58 9 13 27 85 99 4 5 43 74 4 32 37 67 23 80 53 52 36 11 38 91 2 78 23 88 68 13 16 9 76 14 31 70 80 42 6 3 7 1 55 50 82 44 94 27 51 84 24 27 11 75 25 24 25 69 15 25 100 98 83 63 34 63 50 53 65 35 70 18 82 70 69 9 27 3 42 69 17 44 0 78 8 96 87 10 31 30 74 56 50 71 86 12 99 22 91 11 61
74 73 63 15 1 19 81 30 77 7 79 99 68 34 90 40 17 74 60 60 40 85 35 69 21 25 96 94 38 69 77 70 31 46 58 88 38 78 35 60 60 13 12 7 17 60 17 61 85 41 11 7 35 54 35 90 52 64 56 38 61 70 9 100 79 81 50 21 90 81 99 71 84 47 20 59 14 72 43 37 40 100 35 99 78 73 91 33 75 48 39 63 98 88 0 1 44 18 67 16
1 2 99 25 47 7 44 18 5 64 11 34 33 64 24 11 36 43 29 10 57 2 24 67 95 86 57 4 77 4 45 2 1 78 81 85 31 25 53 37 24 69 58 77 23 16 44 7 28 63 95 12 69 21 34 90 12 97 3 34 96 16 28 59 68 23 39 18 81 3 31 93 11 14 65 89 77 93 98 4 7 14 61 58 70 10 38 13 35 88 55 8 4 61 73 8 12 16 97 99
100 53 45 94 98 77 46 16 37 57 56 17 32 15 3 0 87 77 53 68 66 4 95 53 37 97 16 17 0 49 29 53 79 87 96 38 88 18 91 73 31 10 96 75 50 22 98 75 41 39 62 48 66 50 59 87 34 8 62 22 41 92 42 92 59 94 26 87 75 7 1 85 65 19 49 24 75 2 81 57 87 10 41 19 97 44 14 28 50 60 79 36 68 8 17 69 50 54 18 73
41 58 38 61 23 18 51 32 48 44 99 13 11 73 85 42 11 55 55 26 98 85 86 97 71 92 26 33 8 91 25 71 26 77 52 55 17 60 37 12 19 13 71 33 76 45 91 5 26 47 48 46 10 90 14 53 31 87 39 63 53 98 34 0 85 10 64 31 95 17 12 84 22 39 73 39 32 33 92 76 18 42 12 0 56 99 31 87 25 77 93 65 13 100 0 13 7 71 51 19
52 49 83 66 63 95 10 22 6 34 7 46 100 94 32 26 60 66 47 21 45 8 60 82 32 58 39 43 69 80 99 99 58 85 65 47 89 87 83 59 69 90 100 64 7 6 18 23 20 88 94 43 71 83 11 0 8 14 79 15 39 46 68 13 42 40 66 15 19 78 47 95 59 4 17 64 49 44 76 94 54 5 0 6 8 64 15 83 39 54 4 8 45 41 10 14 63 45 66 89
31 36 50 15 20 45 64 24 2 15 75 34 94 74 82 35 90 80 57 88 97 95 46 15 41 42 18 11 10 82 30 96 34 60 11 67 24 39 84 92 71 62 2 90 4 72 10 1 25 57 1 26 48 59 41 58 20 89 15 84 63 86 62 34 19 14 26 100 95 39 22 1 43 72 81 38 89 13 20 96 55 83 36 92 81 46 3 32 9 89 84 12 21 88 81 99 60 14 91 83
70 66 61 97 97 94 44 27 44 58 1 6 48 39 90 21 94 26 89 91 67 87 37 69 46 76 56 79 54 84 22 8 7 81 59 13 68 14 75 11 22 9 84 28 23 26 6 56 47 19 29 30 18 27 75 4 19 92 56 52 9 5 13 65 10 88 88 65 77 16 6 31 28 94 55 98 73 21 82 98 7 97 59 35 85 76 99 53 74 80 84 85 35 38 99 97 41 44 81 64
11 30 99 1 64 28 5 44 46 91 83 87 13 33 77 74 65 79 73 9 7 36 49 93 27 55 98 24 40 75 60 96 43 0 44 58 4 8 22 44 20 74 61 68 36 82 62 1 18 26 36 26 27 35 63 22 95 8 20 42 56 94 40 10 58 36 45 4 0 92 64 7 42 43 93 19 55 37 14 18 29 89 13 50 91 15 92 18 12 55 18 89 60 43 61 36 9 31 67 34
32 23 86 74 54 20 90 95 8 100 58 5 19 11 34 60 21 43 68 88 75 10 86 68 49 63 72 51 93 29 31 8 23 100 1 68 22 35 44 3 30 48 43 86 51 78 45 11 14 24 14 79 11 48 72 2 66 21 48 39 85 32 95 15 15 93 42 19 59 58 41 52 30 37 39 12 26 85 97 89 77 80 35 12 67 16 51 36 69 35 69 53 86 8 34 26 85 23 80 30
35 99 38 21 28 94 42 95 35 34 44 56 85 66 83 61 95 3 9 41 2 38 15 81 27 40 37 83 43 82 72 2 36 56 31 4 60 94 74 76 0 87 27 62 83 84 12 9 96 59 49 17 42 95 96 49 75 17 46 52 62 61 97 80 6 1 91 72 25 4 24 1 0 2 35 66 98 86 4 39 15 78 17 18 99 35 46 1 53 23 5 50 35 2 79 61 51 59 79 62
27 42 38 76 17 15 41 34 32 18 82 45 58 68 32 27 45 29 95 98 65 74 24 5 4 98 26 89 16 59 93 84 26 90 66 44 38 13 4 93 18 20 18 60 68 84 64 37 0 33 66 79 25 88 2 66 40 20 34 45 18 27 89 2 70 32 11 68 56 49 77 46 52 74 22 71 95 67 30 53 51 26 5 38 21 69 76 54 96 56 56 53 21 19 91 21 74 95 35 87
6 8 53 56 17 6 11 44 27 28 81 96 31 1 12 87 31 48 24 76 99 9 4 42 26 16 41 7 63 68 93 79 45 26 88 60 68 6 74 91 50 7 22 88 97 97 10 73 63 64 50 51 4 49 51 63 19 37 8 84 81 44 50 1 72 77 73 43 86 27 70 65 16 95 84 39 99 89 5 11 54 16 84 51 82 94 22 67 33 67 23 52 56 0 46 18 25 39 36 28
15 99 2 2 93 95 34 20 22 84 39 9 41 60 57 1 52 37 68 1 58 24 58 56 77 86 93 20 16 9 49 65 82 72 74 37 7 28 25 93 60 83 81 50 85 53 72 89 0 60 54 96 28 66 70 36 54 50 66 67 7 26 81 60 66 43 62 67 95 45 13 5 98 40 76 41 84 96 50 45 100 78 13 86 40 51 29 34 34 10 80 90 1 99 67 33 6 13 19 53
50 49 65 40 81 26 21 12 95 63 24 73 80 22 73 52 5 59 30 35 43 68 57 74 3 83 67 87 63 29 63 55 80 97 86 71 11 23 39 40 11 62 82 23 6 55 41 44 15 84 42 92 36 81 46 27 60 86 59 71 36 67 43 0 78 11 73 78 68 84 79 0 6 82 21 91 44 42 42 25 88 1 57 28 20 10 72 18 14 46 58 72 29 10 85 7 81 17 73 82
43 6 34 15 90 38 7 14 21 29 10 27 87 14 39 13 18 5 46 22 41 22 11 69 19 67 64 36 35 12 45 34 42 54 41 74 5 68 89 36 98 17 82 79 59 33 74 43 57 21 22 21 40 82 27 49 98 54 46 33 3 86 100 45 45 86 59 98 49 67 26 58 48 75 51 92 86 64 17 74 57 0 35 32 53 91 92 53 93 82 11 7 37 48 90 56 5 76 77 43
17 100 89 9 73 37 36 11 57 19 10 75 94 74 57 37 85 9 90 91 20 5 74 65 95 15 21 9 32 85 46 32 7 14 35 13 59 85 57 79 78 17 61 75 11 41 18 80 93 12 50 10 60 56 98 69 92 0 83 59 86 46 30 44 75 71 91 26 25 36 17 68 22 97 21 41 3 60 27 95 27 3 40 26 85 15 96 16 15 21 14 0 37 49 15 67 83 19 24 68
95 83 97 26 1 62 38 26 20 16 1 6 75 25 57 53 6 69 90 24 19 19 58 90 19 47 73 92 57 68 17 55 35 49 76 51 57 71 70 1 66 71 33 14 2 17 79 91 88 32 31 25 24 99 59 46 61 86 60 61 57 72 81 44 92 41 87 68 62 40 41 47 31 81 91 45 57 26 71 18 31 84 94 47 78 86 82 14 4 0 2 29 6 27 87 30 95 3 20 56
23 7 75 65 66 79 19 20 53 30 62 57 46 59 88 87 93 68 65 60 78 93 47 35 49 26 31 46 12 54 81 77 48 79 43 91 93 90 70 18 36 39 63 61 59 21 51 23 88 42 1 60 22 0 72 54 46 9 19 58 97 21 74 37 25 36 76 66 17 91 13 94 67 81 80 77 89 7 21 40 26 49 8 52 47 72 38 31 62 83 45 17 97 20 78 86 74 89 4 59
91 91 31 32 74 31 76 92 38 72 82 24 14 84 18 95 15 9 95 75 33 16 53 79 6 90 13 42 19 75 32 75 17 74 65 12 2 41 81 41 31 63 20 30 97 42 41 40 74 21 89 23 38 62 12 25 26 1 82 39 25 18 72 9 5 78 95 11 40 10 39 64 10 14 41 31 99 80 14 86 78 73 25 33 70 81 80 31 61 46 20 93 6 33 77 35 96 71 23 78
85 5 34 59 12 10 11 94 52 61 22 33 17 18 69 44 11 32 40 4 98 100 79 11 87 63 35 65 48 71 60 88 62 16 59 78 25 21 23 56 77 9 53 6 76 14 79 29 80 35 93 72 91 82 43 35 5 25 66 50 54 10 95 34 17 28 65 63 21 79 13 14 2 11 75 96 16 25 16 88 96 29 74 52 18 72 68 59 12 43 13 31 59 13 26 73 0 41 48 32
19 84 94 87 68 41 69 14 50 2 13 27 30 31 45 53 68 95 76 68 24 77 30 88 4 5 62 55 74 27 56 46 66 41 26 60 68 43 8 21 8 50 3 95 22 92 15 96 40 36 35 1 18 95 46 44 51 35 67 2 5 42 88 99 53 28 47 46 44 26 37 2 59 38 77 71 36 25 92 21 12 24 23 36 81 54 50 4 95 16 48 67 44 68 20 66 19 96 63 28
49 7 46 98 25 54 17 85 72 94 93 21 2 66 66 7 81 5 19 74 22 15 78 81 21 97 51 17 22 6 46 44 92 87 12 19 29 99 42 13 88 20 100 4 54 14 66 61 46 66 21 76 28 71 79 80 28 29 2 0 67 37 12 3 22 61 62 26 97 6 23 5 14 90 31 50 76 2 40 9 57 100 29 40 48 41 51 43 5 7 2 23 62 82 49 57 89 84 27 19
40 31 39 40 40 66 19 66 58 91 72 86 61 75 19 94 74 10 92 95 98 83 27 75 31 5 21 31 21 18 68 9 100 2 71 60 11 9 6 44 8 30 72 55 89 1 23 96 44 42 52 18 98 68 92 66 83 82 55 45 8 43 40 36 46 44 58 39 36 19 5 49 42 86 33 63 7 48 75 31 6 51 47 76 59 44 64 44 11 82 62 97 79 68 90 32 61 79 16 52
65 29 82 15 56 46 72 98 2 58 15 10 96 94 80 7 47 66 61 55 76 47 0 49 57 91 48 30 48 28 62 35 89 63 64 100 6 87 96 15 90 37 12 11 10 10 87 26 77 50 9 47 53 44 71 67 79 5 77 83 58 97 86 4 28 35 16 55 77 38 5 13 86 88 56 82 59 71 64 77 93 42 59 19 86 30 77 36 17 76 12 49 54 50 64 50 47 80 67 61
64 94 45 33 36 3 4 30 13 99 24 70 62 72 45 63 94 60 86 72 65 77 12 83 52 17 52 22 81 14 77 38 79 41 89 79 81 68 7 67 27 46 53 9 17 10 63 15 62 51 47 76 88 70 82 30 56 75 98 50 53 0 88 87 69 100 32 84 32 6 45 74 71 75 18 62 55 1 74 74 62 77 6 46 34 67 67 23 52 44 53 63 48 20 93 58 91 97 2 85
6 50 0 62 22 16 26 75 37 68 96 28 25 100 1 82 66 20 53 86 22 25 55 95 100 23 58 3 67 38 72 68 73 46 85 5 94 100 24 39 82 97 65 51 45 54 19 18 4 60 97 72 72 6 55 73 44 28 68 82 12 56 97 78 83 9 63 13 59 52 27 65 19 37 17 63 29 33 88 28 27 82 79 18 11 55 13 60 70 30 96 87 60 78 76 90 16 11 15 13
99 11 84 48 77 97 48 21 17 83 5 23 30 59 77 67 79 61 59 19 100 61 64 2 33 75 54 85 49 91 18 69 77 89 67 33 87 86 20 94 92 14 59 13 23 52 59 25 99 37 0 57 36 23 92 55 87 15 24 22 81 13 57 31 11 67 96 36 61 38 32 61 53 35 14 49 54 71 56 71 82 21 81 5 78 77 51 44 7 85 62 15 45 63 87 32 26 5 48 65
84 96 28 12 74 32 48 42 73 29 95 31 41 21 96 52 10 96 21 3 57 3 2 43 73 12 87 49 91 26 73 70 50 90 3 5 16 48 78 26 42 49 7 31 25 52 44 17 9 85 49 28 36 17 66 30 97 12 2 69 61 19 0 93 96 15 100 20 26 6 36 45 16 85 89 24 44 75 11 67 43 25 21 72 66 8 68 70 50 37 10 28 18 59 23 94 9 43 22 93
84 45 93 13 42 80 75 87 9 32 68 50 26 90 22 7 91 78 4 30 10 71 70 34 20 62 23 32 66 5 9 21 100 28 79 91 57 3 38 97 73 75 33 5 82 31 47 13 56 3 25 77 20 54 47 6 16 3 76 98 89 89 46 27 30 85 81 38 81 87 11 75 20 35 46 49 3 93 3 85 52 71 16 19 78 25 7 55 33 81 14 33 25 77 33 21 35 65 90 8
79 58 14 45 9 37 68 76 78 23 95 25 22 94 69 70 57 63 41 45 43 19 2 20 99 56 78 24 88 53 31 32 31 10 43 33 73 67 67 38 27 80 18 54 32 45 48 68 88 40 4 60 43 95 4 94 76 79 20 12 70 0 62 5 30 4 75 26 7 64 80 60 66 36 53 37 44 80 87 86 29 39 59 91 11 31 91 7 2 77 34 21 12 76 28 48 31 73 74 21
55 61 79 26 42 35 47 63 37 3 13 45 49 72 78 14 30 33 4 98 2 94 93 11 35 19 68 68 34 50 79 51 0 91 80 62 51 51 10 14 15 2 92 58 6 24 20 90 31 54 93 3 29 59 95 69 2 51 95 92 75 13 17 59 35 41 4 54 96 2 58 69 21 88 57 71 100 29 0 9 22 13 7 16 34 6 98 70 51 90 41 68 14 60 77 97 17 70 8 33
44 69 45 61 66 31 51 87 46 99 53 9 9 39 16 68 92 6 52 55 92 54 86 85 15 80 91 54 31 76 1 7 48 29 24 100 77 10 93 55 30 42 53 45 95 55 44 77 37 6 7 86 71 75 99 73 90 89 36 10 58 42 19 88 86 20 17 16 6 70 98 35 60 90 63 50 85 22 10 72 20 96 100 49 72 88 67 75 19 7 45 89 80 65 94 49 64 54 72 79
65 89 46 64 97 52 27 99 41 71 87 26 20 76 88 50 66 9 79 33 0 80 10 81 53 7 53 80 67 79 35 16 10 1 56 43 9 50 73 86 7 64 48 65 96 6 91 70 7 51 100 84 84 54 56 17 43 17 44 87 4 88 89 96 27 28 79 90 60 3 49 74 67 10 42 61 44 84 22 33 75 57 40 60 6 53 54 33 0 75 56 55 89 42 92 63 7 18 28 5
59 93 69 93 64 62 93 6 51 86 16 29 41 31 2 65 88 0 4 79 32 57 75 12 62 38 28 34 36 61 98 77 56 100 16 10 76 4 63 9 63 2 8 45 10 57 72 62 38 3 66 100 71 83 93 59 74 85 50 79 91 85 80 21 29 91 7 50 97 35 91 44 69 44 46 19 58 12 62 17 34 65 80 74 11 25 7 70 55 50 23 97 47 46 11 53 67 61 86 93
45 40 12 37 100 5 61 39 96 33 72 19 47 60 18 28 69 29 47 43 77 44 74 54 43 12 65 53 1 52 3 96 14 15 36 61 75 85 43 90 72 53 45 96 62 10 84 12 40 80 60 18 35 27 16 80 81 57 80 21 26 94 81 68 59 34 62 28 21 27 53 7 43 10 20 69 68 78 10 66 36 50 53 35 27 28 74 70 54 89 31 16 75 45 92 3 13 35 92 0
68 11 92 34 48 0 16 34 22 93 99 55 5 21 8 4 38 37 2 99 84 7 30 68 74 19 43 96 0 79 45 99 26 69 42 79 31 11 39 65 17 23 41 54 20 46 19 88 53 43 51 68 43 31 38 72 99 63 54 37 96 15 49 46 31 23 60 13 35 19 78 21 23 41 6 95 6 38 79 73 94 90 21 58 17 22 19 71 19 77 73 21 90 89 34 13 39 68 45 47
