25 92 75 95 76 98 88 33 39 85 49 5 11 79 16 99 23 35 18 48 87 28 100 15 50 13 52 94 84 96 85 65 62 95 36 13 12 56 61 2 43 86 56 41 64 37 76 81 74 70 42 82 18 94 24 11 70 24 66 28 77 48 64 66 23 62 51 78 58 20 31 94 24 11 19 19 67 52 73 57 99 15 59 46 53 83 29 29 15 67 67 44 77 40 78 35 45 25 49 12
94 3 1 22 88 82 46 98 66 22 21 89 41 11 25 78 38 71 63 77 71 37 23 50 87 54 24 16 15 71 18 47 3 12 84 74 25 27 52 10 56 42 56 55 74 53 64 10 45 18 73 22 79 44 24 35 89 78 50 31 66 24 60 58 0 35 14 72 3 26 71 66 14 58 73 7 64 57 12 62 17 12 47 76 70 10 57 62 51 76 18 56 35 89 25 51 13 67 1 70
49 11 3 60 90 59 59 9 14 80 18 75 56 65 56 62 10 97 46 57 100 63 25 53 45 75 1 87 68 66 19 18 55 57 0 83 42 42 98 76 20 54 40 44 54 25 64 57 28 27 13 83 94 44 13 90 36 11 80 59 26 26 91 30 81 77 9 30 20 18 34 7 14 37 41 87 16 97 72 33 58 39 16 34 52 61 71 100 66 39 52 20 98 26 48 10 77 90 95 31
46 28 79 93 30 34 23 71 74 88 77 3 44 31 37 34 75 33 15 58 61 13 95 92 4 47 90 36 92 32 54 7 36 94 98 44 87 20 64 32 75 67 47 81 86 54 88 27 46 12 9 19 58 20 2 27 20 77 0 96 79 9 23 49 67 94 51 2 52 82 83 83 92 89 53 81 25 39 58 65 82 16 18 99 79 70 50 91 46 67 56 56 47 44 26 25 56 5 83 80
14 42 94 7 1 21 43 73 42 46 11 16 35 20 67 68 57 62 5 79 68 74 16 93 57 46 18 97 81 73 70 66 66 53 61 91 31 24 21 100 89 27 88 86 60 31 11 70 17 4 33 63 14 0 51 98 15 3 72 23 61 44 71 24 18 35 79 20 55 98 68 35 61 10 69 63 19 61 35 19 59 31 31 39 31 36 21 35 59 22 45 21 75 84 41 98 83 1 92 10
55 68 53 74 45 68 5 8 89 8 100 69 56 13 55 91 18 77 12 23 73 78 2 62 49 52 56 44 76 89 48 99 8 85 9 100 59 21 59 9 11 93 14 22 23 10 55 7 85 93 14 93 11 51 2 7 82 93 52 5 60 51 8 35 83 88 42 29 62 84 51 73 88 10 47 90 30 38 77 80 20 77 69 14 51 47 41 90 10 26 58 1 94 83 14 77 67 46 77 90
18 39 43 81 36 21 12 19 0 61 36 98 16 22 26 13 99 72 98 3 78 69 92 52 25 57 92 58 4 56 64 37 89 74 47 43 77 43 32 69 2 33 63 28 44 9 91 1 78 22 0 93 60 86 98 84 26 31 24 94 51 9 16 20 85 82 46 96 29 67 39 29 9 87 88 4 63 66 37 93 25 32 14 48 29 5 11 99 32 81 38 57 53 46 77 95 74 36 61 78
43 65 68 37 64 13 83 93 13 89 12 76 81 20 57 30 41 59 47 38 89 47 43 11 71 53 54 18 11 44 60 62 21 16 67 15 16 55 55 29 21 13 35 70 25 79 84 33 96 61 51 47 35 34 24 24 17 83 45 28 79 63 73 17 86 46 28 2 89 99 57 71 43 83 20 96 0 86 87 9 31 83 64 99 77 25 15 17 68 31 91 20 98 5 2 89 10 25 17 86
81 71 85 7 54 29 48 29 88 39 11 54 81 64 6 76 74 19 7 56 25 11 61 97 99 23 40 73 58 27 18 24 79 75 26 22 41 6 95 58 6 60 100 13 45 60 71 88 25 54 8 23 81 18 74 51 99 70 74 95 88 58 73 2 75 46 100 86 71 93 16 0 31 56 15 74 49 26 76 96 94 97 85 75 82 6 7 99 57 71 32 3 76 35 62 100 29 1 51 70
37 73 50 78 83 95 47 71 57 80 69 66 2 75 88 35 67 76 52 11 47 41 62 59 15 45 46 49 71 7 65 38 17 37 11 44 95 70 64 33 4 99 71 94 5 76 45 58 84 39 10 40 16 99 80 2 10 3 3 39 13 77 89 46 36 73 98 94 94 30 86 88 59 45 18 30 36 71 90 49 22 41 73 32 34 48 73 38 79 30 0 90 68 28 47 41 45 2 86 82
29 25 73 64 90 91 61 94 33 88 91 49 14 60 100 43 61 90 29 19 14 55 47 90 57 74 86 7 53 19 69 84 2 93 49 23 17 76 24 24 81 65 5 64 78 49 33 35 54 48 32 29 3 84 76 42 52 50 20 56 56 23 83 31 14 33 53 60 49 23 91 19 99 77 85 60 19 48 100 14 58 77 12 45 79 96 2 64 13 65 4 6 23 59 41 99 32 37 50 90
97 13 22 82 29 86 11 62 90 90 54 30 80 37 92 93 39 73 68 70 25 6 50 72 54 30 22 37 93 99 10 99 63 23 6 5 30 22 38 37 72 45 4 65 53 56 35 87 20 20 33 88 91 20 90 84 77 82 0 66 51 89 92 34 18 100 13 61 11 38 4 81 96 92 91 70 10 10 52 49 41 96 98 40 43 40 17 55 36 42 82 81 26 82 34 58 12 71 2 88
95 88 27 69 64 36 5 73 94 94 45 72 40 76 45 88 96 64 100 75 84 91 3 54 79 5 69 40 57 80 4 3 25 89 13 77 82 51 14 49 41 45 23 4 71 87 59 21 71 98 8 43 14 97 44 11 90 87 38 0 84 17 32 11 3 77 83 54 41 55 57 73 49 8 37 48 56 86 44 71 9 87 56 82 84 21 53 4 20 32 3 67 36 63 21 41 46 29 38 83
19 39 68 84 70 8 14 67 36 39 40 53 92 65 73 86 13 38 39 28 75 76 56 51 21 13 67 84 8 7 1 69 85 55 14 97 45 43 96 87 74 95 76 63 47 42 23 83 70 5 25 3 77 51 10 94 17 73 99 13 86 78 11 96 51 93 84 53 69 81 48 16 92 17 73 64 94 75 42 95 73 87 9 12 23 38 72 70 71 75 8 58 55 29 77 9 28 20 39 48
14 12 71 24 23 65 42 40 76 92 87 26 61 39 49 33 62 90 73 57 70 45 34 10 39 11 21 52 71 89 25 7 82 49 81 67 99 18 1 74 89 13 94 34 88 29 52 98 64 39 87 44 97 33 20 40 78 43 47 10 32 89 69 5 8 94 1 37 59 19 97 18 72 31 19 54 22 59 96 90 49 96 5 17 9 78 95 34 79 5 10 99 57 36 21 25 46 85 74 67
82 62 11 33 85 67 28 19 16 78 43 16 28 76 26 91 61 2 60 8 25 84 11 15 46 26 36 69 31 46 10 83 52 8 90 57 54 8 27 76 5 90 91 23 7 7 52 4 8 54 41 6 47 75 83 26 53 31 76 27 28 8 4 29 14 30 80 10 79 59 84 45 33 21 80 51 21 5 91 68 61 62 29 60 20 39 22 70 73 20 9 50 100 67 81 64 64 17 7 3
1 32 49 56 77 20 16 36 64 25 28 69 40 31 100 72 86 82 83 22 29 75 91 99 96 7 6 83 23 39 74 3 79 59 39 34 63 25 36 75 67 87 58 16 3 5 0 14 96 59 18 78 62 42 29 61 13 86 83 77 67 46 41 19 57 18 47 93 98 60 4 9 90 32 70 53 90 18 35 38 41 93 76 11 20 53 9 100 53 49 1 40 32 60 20 68 57 75 7 54
95 81 65 68 25 2 34 54 10 23 44 95 26 73 89 5 55 98 20 48 28 33 96 34 58 72 16 34 14 88 21 6 67 58 17 31 26 17 24 82 73 63 79 4 90 82 69 92 5 11 42 59 42 57 86 8 74 19 67 40 73 91 97 61 18 65 70 97 32 8 94 56 68 79 43 73 40 25 4 54 31 85 80 38 61 67 84 80 52 88 30 54 80 99 29 93 8 40 95 71
81 46 76 32 72 95 80 11 25 88 63 6 66 13 22 100 32 16 12 15 29 25 98 10 57 96 51 86 1 85 41 40 37 22 18 84 62 38 81 67 35 43 50 31 71 9 74 56 43 25 30 98 100 40 86 39 52 40 77 83 88 20 58 22 23 70 93 64 39 73 96 17 52 66 46 77 91 95 23 91 73 63 53 75 53 36 37 12 42 27 86 11 28 27 17 97 41 89 12 12
2 58 87 87 12 14 60 72 54 86 96 73 24 37 81 79 21 96 49 14 48 100 67 31 61 9 98 71 57 95 20 64 82 16 64 68 50 22 4 97 11 4 18 60 37 19 94 80 86 15 46 5 36 49 80 3 70 55 16 38 6 87 80 68 16 80 7 5 42 53 12 42 46 5 90 85 73 81 0 17 94 53 40 13 4 88 49 61 50 12 62 50 82 27 33 9 21 34 33 81
28 37 26 26 6 66 38 59 41 51 71 94 94 85 17 94 43 4 14 94 95 62 22 70 45 92 78 44 74 53 13 91 64 24 22 8 71 14 48 73 55 38 91 18 70 20 9 76 24 21 69 87 1 44 6 67 57 8 77 90 20 5 82 99 56 21 44 25 10 60 35 94 53 11 65 26 90 85 38 51 3 36 70 7 1 87 82 11 2 74 82 7 88 42 97 35 26 93 65 96
51 37 0 69 32 72 35 77 94 49 75 85 19 52 99 5 25 81 15 56 87 95 28 74 95 68 8 97 87 54 52 27 32 98 3 38 36 17 52 6 81 67 31 26 32 58 54 86 35 87 34 22 70 1 58 21 48 66 56 100 44 33 79 68 11 10 24 12 53 33 86 72 41 30 54 4 74 28 96 77 59 90 82 80 63 45 1 84 7 85 69 75 60 68 24 96 19 99 76 78
86 63 0 21 46 27 58 29 19 63 94 74 74 86 65 100 56 55 0 13 75 73 87 73 9 18 75 14 47 76 39 9 61 76 23 18 64 57 33 93 76 76 73 9 36 90 10 20 36 13 100 83 79 94 37 74 31 5 19 13 88 83 54 47 54 86 81 3 26 3 73 39 14 10 80 3 22 23 25 90 27 90 80 27 21 31 11 79 83 19 74 42 70 9 60 6 99 72 26 44
58 87 96 9 16 66 29 18 35 22 66 1 63 28 28 10 92 4 34 82 23 26 82 98 13 79 63 95 76 41 93 5 12 94 29 76 62 79 16 81 49 47 18 61 82 92 43 99 75 39 60 63 43 47 28 68 79 80 20 29 93 14 53 35 83 72 47 22 87 14 52 43 12 26 32 11 34 81 22 77 38 44 67 36 58 17 51 45 91 42 5 62 81 56 99 33 54 85 76 66
40 16 21 27 18 24 20 68 82 72 2 67 34 33 66 61 1 3 68 78 3 64 96 13 19 76 98 77 65 71 88 5 17 11 18 23 85 55 22 0 42 97 30 44 47 48 55 86 63 32 99 59 34 95 45 74 19 29 87 49 23 25 28 86 82 18 85 54 87 41 84 58 1 17 7 67 81 35 64 80 88 85 94 7 94 38 71 52 72 50 63 50 53 29 16 8 18 2 35 54
46 27 12 33 16 62 57 87 28 91 32 39 51 93 94 52 15 24 9 63 37 18 78 76 65 7 65 65 60 36 78 56 40 36 40 34 30 22 48 8 92 38 6 54 42 56 61 4 93 0 44 94 22 98 25 41 83 6 69 69 97 85 64 41 2 66 39 35 2 73 24 54 69 42 12 80 23 50 83 23 80 36 7 82 32 29 51 74 77 74 0 86 14 11 97 3 95 98 24 96
24 95 35 81 80 41 55 23 96 23 67 64 77 42 98 12 99 43 82 26 27 40 84 54 42 29 59 37 9 36 79 91 58 9 83 5 54 56 81 11 83 69 7 46 92 20 23 8 6 84 81 85 95 75 97 32 63 95 0 5 89 98 2 4 48 6 40 2 82 59 89 21 82 62 22 48 66 37 3 75 18 33 74 64 91 68 40 69 83 95 29 73 92 88 80 45 33 36 3 60
56 30 10 33 11 85 36 40 25 70 26 8 27 70 20 16 14 5 17 19 11 81 2 83 57 29 33 21 100 78 69 7 56 54 86 63 57 61 37 40 21 12 20 59 49 38 25 74 67 4 72 85 78 15 71 31 60 93 46 25 77 37 13 4 54 9 57 94 46 45 3 95 87 60 46 28 16 63 63 62 78 59 94 30 50 87 45 47 22 44 38 25 6 78 26 43 72 63 94 36
8 48 85 9 79 74 69 90 40 75 18 24 64 7 46 11 95 13 95 78 77 74 77 44 67 87 23 79 34 15 12 94 84 83 43 20 80 16 86 49 10 18 12 90 63 37 86 2 41 73 13 57 91 59 9 4 8 63 15 59 8 80 36 25 53 0 31 9 77 74 25 72 87 15 26 0 41 83 90 10 57 90 84 4 52 80 7 12 100 28 16 45 89 90 16 70 100 37 83 45
93 22 44 74 29 98 87 20 33 70 26 83 76 20 30 88 14 65 4 86 70 66 86 1 15 49 84 4 5 19 57 49 14 59 75 5 17 70 46 7 22 14 55 77 2 65 1 37 94 26 37 100 0 48 70 62 64 7 53 86 90 91 25 57 44 41 97 84 15 87 6 47 5 86 0 31 89 4 27 92 9 37 53 98 44 100 37 67 63 23 66 53 94 66 95 1 88 96 50 27
25 36 33 76 97 18 61 58 58 20 49 27 55 90 71 88 48 12 6 95 21 88 72 90 54 2 71 93 96 40 81 84 50 59 78 81 10 43 16 96 89 72 35 22 18 14 100 90 60 70 63 92 69 9 10 83 93 34 41 20 92 81 40 10 56 65 44 6 96 18 35 67 17 94 20 98 31 58 14 6 74 59 55 62 29 49 43 92 29 36 15 53 31 45 64 48 61 100 58 54
15 100 99 79 95 52 20 78 0 38 73 41 35 40 20 12 44 19 10 42 99 40 61 6 71 42 48 35 60 100 100 71 42 99 95 16 48 56 44 55 65 51 15 80 89 40 45 20 24 10 64 22 85 48 82 29 64 15 7 99 90 59 66 97 34 52 96 2 90 33 29 81 48 0 16 55 74 8 44 23 24 61 12 6 25 95 64 18 52 70 24 91 95 29 86 13 5 12 52 52
64 82 35 88 63 46 69 36 93 94 16 12 44 43 73 93 35 61 47 50 10 32 99 78 58 16 75 42 36 56 12 87 7 40 52 49 2 92 96 12 81 93 72 74 46 41 41 32 8 76 13 46 95 10 3 41 77 95 23 74 8 85 99 39 38 12 79 6 51 15 1 31 18 43 22 60 100 55 70 4 35 55 43 17 43 20 27 7 6 41 96 83 25 87 45 38 44 25 47 42
6 5 68 78 45 85 95 83 40 79 87 87 88 83 50 9 87 12 41 10 18 52 82 27 7 63 85 27 83 92 19 25 56 65 13 69 29 0 30 5 35 80 49 54 15 94 88 61 79 51 90 94 0 38 88 12 89 89 18 14 78 72 28 99 93 26 23 82 25 42 39 3 65 83 47 56 60 39 15 15 79 81 12 28 30 79 27 9 84 76 36 12 26 6 14 77 83 1 42 89
26 82 58 31 20 54 48 70 40 98 69 91 23 99 71 41 83 78 54 16 34 32 68 12 99 12 28 60 13 92 61 31 96 50 90 81 31 59 16 57 59 62 74 15 100 10 47 89 80 65 62 64 88 64 87 30 71 40 25 28 34 60 5 70 88 36 42 52 96 33 28 34 59 79 77 45 13 38 72 68 38 49 60 29 51 32 22 7 82 70 91 3 96 75 10 54 35 18 93 68
19 27 25 41 94 29 44 56 32 70 61 80 77 31 28 4 64 66 13 10 1 98 13 15 2 100 72 28 93 69 28 72 83 30 92 60 94 51 95 95 98 94 18 60 90 15 82 36 81 44 64 69 87 90 93 33 0 9 28 31 83 42 81 24 84 49 57 57 1 66 9 96 95 4 3 78 31 82 11 28 60 20 69 24 20 75 25 8 34 97 50 59 99 23 93 3 16 59 91 93
68 51 37 63 7 65 72 84 44 91 97 69 95 5 52 85 85 18 66 72 28 3 3 37 67 93 80 4 87 56 46 0 72 81 17 42 43 54 6 53 11 31 16 100 25 13 77 34 61 30 63 23 39 61 5 92 31 72 67 91 63 85 51 45 45 3 93 4 84 57 29 40 23 80 3 58 0 30 2 56 12 47 27 19 90 96 53 81 43 61 21 0 41 54 13 22 60 12 38 21
7 44 77 22 97 26 14 52 9 70 85 76 51 23 42 0 67 61 11 20 89 74 26 62 21 5 39 31 55 33 48 15 97 45 72 27 13 16 4 54 13 15 69 68 85 61 24 73 15 78 31 58 10 36 74 9 25 39 1 64 27 77 32 45 24 76 20 74 31 16 43 85 21 64 51 14 52 77 97 93 23 43 39 53 24 25 24 14 24 7 11 59 6 88 13 51 78 0 62 3
97 45 26 70 14 0 25 75 59 42 25 39 52 23 70 23 36 29 62 36 47 94 43 87 37 56 45 7 56 79 95 11 10 84 98 98 45 27 21 13 80 64 97 23 60 7 33 100 70 39 37 19 44 89 55 94 9 86 24 99 88 53 55 53 89 61 99 55 15 88 93 49 36 4 7 61 46 29 50 97 86 61 42 71 40 82 51 69 55 97 28 87 61 12 98 2 67 46 52 70
97 29 60 45 70 8 49 55 76 24 10 65 20 82 63 42 40 6 39 64 57 19 63 73 73 42 67 92 64 69 67 20 7 100 53 5 36 18 62 68 53 19 5 7 26 82 81 50 49 29 5 73 13 75 60 15 17 4 56 30 48 23 95 4 37 76 48 46 73 29 90 4 71 53 57 16 37 65 29 10 94 5 6 16 10 47 58 30 19 49 2 13 91 64 7 60 43 39 42 61
88 85 86 17 13 97 19 71 25 86 2 2 54 65 45 81 16 5 19 15 12 15 49 4 38 2 39 10 90 65 16 52 67 67 51 36 61 20 62 87 6 51 67 18 48 68 78 92 90 31 17 39 22 29 35 46 2 96 27 77 68 30 96 0 23 100 62 76 3 90 72 0 21 64 31 76 40 9 94 52 46 7 63 57 17 28 95 19 6 85 72 88 83 34 58 39 49 17 88 63
46 90 75 83 99 90 16 67 56 95 84 19 14 98 80 20 51 82 21 44 52 84 27 3 20 51 73 99 61 29 2 13 35 79 26 89 24 51 35 20 96 98 2 42 93 33 13 47 9 68 66 87 89 69 33 68 0 59 24 57 64 92 13 25 87 33 39 55 68 27 66 93 5 31 25 64 13 43 43 89 57 51 64 12 72 66 74 0 50 1 97 5 32 1 86 40 54 99 29 50
13 61 95 13 6 57 84 69 71 20 40 94 14 63 97 56 7 11 2 89 28 2 88 40 61 45 10 38 46 50 76 16 83 66 87 64 19 69 21 45 32 93 33 33 84 59 30 19 51 96 29 65 37 46 76 15 0 10 81 0 27 84 44 100 81 78 52 79 49 1 93 70 72 77 21 87 72 31 96 3 91 43 81 74 32 30 79 22 36 40 2 31 84 17 82 30 14 76 89 92
55 16 51 28 88 15 72 96 67 91 71 11 24 35 33 43 42 12 47 77 42 40 10 0 89 21 80 44 35 56 68 57 96 59 59 48 82 60 11 6 1 92 61 3 45 62 54 87 89 56 36 91 62 62 99 5 66 43 80 26 76 98 35 16 92 57 34 90 2 47 94 24 100 95 73 0 43 0 93 82 24 89 81 12 100 74 79 32 87 78 77 54 43 72 34 93 45 58 29 63
60 38 29 13 53 59 0 53 15 3 50 69 16 100 62 42 80 93 39 3 92 2 52 75 56 46 76 89 30 52 66 57 14 24 16 46 61 53 18 65 44 68 54 66 60 46 52 34 97 100 34 5 58 3 14 58 100 57 67 39 75 55 18 6 10 15 19 11 93 27 80 13 23 1 81 99 22 64 42 29 97 69 29 70 87 98 28 79 0 47 32 93 38 50 93 72 59 21 24 9
35 15 20 69 70 25 1 47 68 37 91 7 100 70 85 32 28 2 62 12 12 13 32 1 68 26 80 98 38 9 22 61 90 29 60 59 74 25 6 2 70 74 5 44 52 71 26 22 100 15 61 55 80 33 10 52 59 13 93 100 40 66 50 81 62 80 74 99 25 64 70 58 31 29 58 59 38 16 84 95 26 17 27 17 74 59 88 33 99 42 16 100 15 13 46 92 85 100 64 100
10 4 73 10 46 21 22 97 25 58 85 82 64 74 80 82 78 89 87 23 32 37 80 79 19 95 75 56 71 40 67 82 98 72 6 87 82 67 3 33 43 96 96 3 41 40 29 81 62 14 63 22 70 48 32 58 73 46 82 25 35 42 47 30 53 34 29 39 51 73 54 64 60 96 97 49 52 71 53 89 96 13 92 18 48 44 72 52 67 60 61 89 67 88 21 58 53 49 21 51
39 1 50 18 63 77 71 51 52 37 18 61 24 2 70 50 20 72 70 23 12 11 27 32 55 85 97 80 32 41 69 92 60 70 56 33 96 79 75 43 86 94 71 82 1 38 42 10 19 64 22 66 70 47 82 5 46 72 89 7 56 6 88 36 82 100 1 24 37 67 35 60 19 74 3 45 84 33 56 44 64 76 72 100 93 15 89 7 95 44 78 58 46 32 91 16 45 62 60 1
77 22 68 50 32 45 61 5 83 19 84 44 43 27 88 33 42 50 43 62 86 52 48 8 83 53 20 61 55 21 16 33 44 82 64 80 83 94 86 66 40 10 70 85 43 94 67 36 88 33 51 97 25 80 31 51 61 6 81 21 5 75 68 65 94 72 95 9 65 40 42 82 45 36 66 54 7 48 15 42 40 30 94 30 56 65 20 77 89 36 1 95 30 1 76 34 97 55 44 26
49 71 75 73 45 72 47 3 22 88 30 13 56 44 48 35 50 30 57 3 39 61 20 17 82 6 57 4 66 6 78 16 8 30 58 39 75 45 39 27 22 22 19 37 58 76 59 21 45 74 58 66 46 69 42 66 21 68 75 14 91 33 43 84 47 28 99 5 85 62 3 69 81 30 70 83 28 21 26 5 66 60 30 75 19 27 49 60 32 33 17 49 92 75 33 90 99 96 84 49
8 11 40 80 72 9 87 4 14 36 19 94 58 99 98 85 41 59 22 70 9 8 97 77 28 2 1 92 100 31 96 62 63 27 51 98 92 20 13 91 85 16 90 83 26 71 98 23 5 55 62 21 11 40 100 78 31 49 57 10 1 11 75 71 52 79 69 65 11 30 0 85 12 78 58 99 56 61 61 42 75 75 64 4 36 93 36 31 69 42 68 6 76 53 81 18 29 11 32 3
87 56 44 52 100 40 55 23 78 48 100 70 80 67 6 79 22 36 52 95 84 65 31 43 16 79 11 72 34 92 61 99 5 46 35 4 44 74 20 91 79 80 43 65 40 66 85 74 76 14 89 67 54 16 73 3 30 40 100 76 69 16 42 36 18 43 20 59 64 24 27 67 42 16 47 51 31 69 35 26 10 69 17 94 39 93 7 19 58 82 85 37 94 64 66 50 48 19 84 14
93 87 45 71 98 33 53 51 33 87 95 48 47 95 52 31 90 94 65 44 87 7 2 73 65 5 96 86 17 20 62 39 85 44 81 65 32 62 62 7 31 21 75 1 67 86 90 99 83 8 10 92 65 26 39 26 25 95 7 1 13 28 13 14 5 12 81 89 68 78 9 37 64 81 96 62 99 89 39 31 95 28 82 14 93 100 67 20 78 65 80 23 34 21 90 61 37 30 23 34
21 76 40 70 27 0 63 63 93 88 88 65 13 56 15 65 49 12 56 46 33 88 40 25 61 77 61 9 70 40 56 66 97 77 82 5 62 86 25 92 22 33 77 11 50 95 80 12 29 50 86 29 94 98 81 71 40 82 72 90 48 38 78 11 94 3 81 62 99 79 80 29 86 70 31 77 96 55 11 34 19 89 76 45 87 77 95 66 48 8 44 22 73 45 76 6 1 94 2 91
35 97 76 71 46 69 48 65 27 60 44 17 47 80 36 8 37 72 71 73 86 83 48 29 68 5 62 68 22 95 20 40 92 14 25 59 69 99 28 58 2 48 9 31 49 17 84 23 16 57 63 70 53 43 70 32 26 41 76 29 27 80 72 26 3 87 71 26 75 41 34 76 82 74 8 24 40 65 2 91 73 17 60 61 82 22 65 61 61 97 22 0 95 3 19 50 99 31 17 8
57 45 92 95 99 5 41 46 24 39 44 80 24 3 77 10 98 38 72 50 3 36 3 30 90 99 65 55 47 47 65 78 97 8 58 94 50 75 66 69 43 90 53 71 81 48 31 45 97 25 10 22 49 6 23 2 4 96 12 30 21 82 23 45 30 58 45 68 97 66 39 81 93 48 80 48 30 70 55 68 98 34 99 25 7 99 100 72 30 35 3 17 75 30 54 35 55 28 11 4
34 75 47 87 73 7 60 27 50 33 79 96 74 13 53 21 7 49 5 73 99 77 92 87 97 0 90 86 78 80 7 91 72 39 61 73 64 87 40 57 65 65 32 57 37 44 6 38 85 11 8 55 80 43 60 39 26 51 55 89 26 32 70 49 75 59 88 91 2 4 42 6 2 83 52 24 39 87 77 57 7 74 9 20 92 4 67 69 88 86 72 61 37 85 2 34 53 81 13 30
9 37 40 69 65 40 5 4 76 53 56 14 85 70 20 17 74 43 4 38 53 94 32 3 68 60 91 93 50 30 78 3 80 80 65 77 76 43 93 8 6 30 81 57 38 13 87 49 7 40 70 12 85 17 35 75 80 44 19 10 87 84 10 66 49 87 15 47 7 10 21 9 31 52 57 67 10 61 40 74 18 87 41 16 25 37 65 76 11 51 11 65 72 34 27 4 53 16 53 85
58 13 55 39 48 80 92 9 29 61 86 21 56 12 55 54 92 32 51 9 45 89 51 21 86 45 2 93 100 29 88 20 1 18 18 51 3 36 78 2 12 6 93 80 3 24 62 34 28 0 86 15 40 81 36 6 7 41 77 16 37 56 82 40 48 3 63 16 78 90 33 32 6 58 32 42 54 86 77 41 69 13 19 36 13 40 45 34 17 24 69 7 75 72 4 35 4 75 41 36
49 20 80 65 65 90 68 24 8 64 18 53 40 10 11 37 14 56 74 82 94 53 1 48 77 15 30 83 60 46 53 17 11 64 21 6 20 95 3 81 75 67 31 42 16 96 55 41 24 92 85 12 25 69 66 87 32 11 83 74 54 91 69 71 13 5 68 20 3 77 5 55 25 17 72 49 66 44 18 9 98 80 69 3 13 79 91 46 81 76 54 93 40 36 19 42 20 88 70 6
8 61 28 45 70 45 81 64 69 25 74 98 40 15 41 1 21 78 13 72 30 36 98 51 48 66 66 81 16 80 6 19 50 67 70 27 79 42 21 65 76 33 99 13 85 18 61 32 85 19 34 79 57 41 54 9 33 27 75 5 95 6 82 25 45 10 85 77 64 77 1 40 6 25 91 97 6 24 91 88 62 4 38 93 94 86 50 97 38 44 87 21 99 61 29 43 14 59 85 49
49 87 94 99 65 50 33 52 39 90 12 78 39 95 89 28 22 24 47 34 61 75 97 67 20 88 20 16 93 8 44 14 54 1 23 40 35 84 42 44 90 26 28 50 71 50 41 76 34 21 100 56 46 93 8 89 29 52 32 2 7 83 32 20 58 42 59 41 0 80 17 22 51 31 45 0 23 14 53 37 97 55 73 44 98 35 27 14 83 60 52 49 22 42 23 18 4 59 40 79
24 85 9 65 49 87 87 45 88 54 9 83 99 90 70 59 11 8 61 25 33 90 68 31 20 94 91 5 43 33 30 39 9 42 77 6 100 67 24 53 63 1 88 29 8 10 75 10 5 13 35 68 33 87 26 73 36 54 75 48 51 75 73 64 16 44 47 10 51 99 68 10 19 73 78 78 36 47 33 2 66 65 76 12 46 98 30 84 67 82 71 19 56 62 13 85 21 86 73 86
22 13 28 14 21 77 98 60 37 62 27 66 99 15 14 86 10 30 19 21 47 24 93 100 51 22 26 48 4 78 11 7 91 71 37 88 22 28 84 1 26 42 91 60 17 67 36 58 34 53 36 46 33 50 87 30 60 59 66 16 18 99 40 38 81 18 61 27 69 36 52 50 54 85 1 53 86 96 20 79 52 10 13 52 5 3 70 61 76 19 51 2 33 20 61 24 6 38 7 76
94 36 16 75 65 71 60 92 51 35 4 61 65 16 4 49 2 92 67 37 70 11 30 78 64 75 19 6 8 39 65 11 70 33 55 37 58 74 64 26 100 28 35 58 43 80 32 95 92 96 66 33 19 48 60 52 89 91 58 75 28 36 8 31 61 97 39 99 53 81 23 95 100 35 37 6 72 65 16 41 61 93 76 19 20 54 35 71 59 19 49 82 23 85 71 48 35 70 7 48
12 80 89 25 20 7 28 8 62 57 47 42 68 99 4 44 24 63 21 20 84 20 69 60 84 60 12 44 69 42 83 92 15 99 62 99 48 19 42 87 65 91 8 26 71 11 34 14 20 46 70 4 23 20 24 54 70 6 76 30 43 31 88 3 94 64 26 10 27 60 66 27 15 26 13 18 59 51 11 62 13 51 8 47 60 46 82 25 51 86 59 18 78 4 52 87 92 80 45 48
61 29 69 50 45 17 11 98 60 63 1 35 83 93 60 18 98 38 93 69 55 93 98 89 97 66 65 92 88 55 25 31 50 15 97 40 34 80 92 42 76 11 26 52 77 77 46 93 38 45 89 73 14 43 53 81 51 99 85 72 39 14 10 75 7 2 68 32 10 32 92 67 35 98 30 2 43 19 78 99 74 22 58 17 75 28 25 74 89 94 20 99 59 52 2 4 57 22 16 9
62 19 73 10 43 8 92 47 12 76 96 97 96 75 25 34 58 14 58 25 22 48 97 60 85 91 12 7 22 24 12 64 57 15 52 82 62 29 70 81 17 67 67 64 94 98 26 61 48 21 89 51 74 73 93 47 13 74 67 9 89 1 92 46 61 63 38 71 97 4 39 44 92 7 47 10 87 19 29 100 100 8 4 13 8 93 26 47 69 19 93 91 41 73 12 95 90 61 15 53
21 99 32 58 68 18 83 67 57 77 91 27 77 73 45 75 36 91 24 7 11 92 10 61 6 61 51 63 17 42 65 58 83 10 60 88 71 32 80 93 88 24 33 49 14 10 90 50 29 0 7 59 33 2 36 93 2 51 9 7 83 78 57 76 24 31 97 83 31 31 53 29 29 87 42 43 60 63 78 77 7 64 40 9 45 85 89 39 20 54 89 41 43 44 78 96 48 98 14 72
16 0 71 62 43 74 4 39 98 42 61 4 4 98 59 97 20 99 94 90 65 65 43 37 29 73 62 38 25 20 61 66 82 78 72 2 3 68 96 17 15 81 91 98 77 86 50 42 48 24 94 78 66 64 32 16 27 14 42 98 99 59 57 46 13 9 15 78 35 23 49 37 55 92 62 7 93 65 50 61 3 51 79 47 13 58 9 84 58 98 96 11 13 34 26 58 81 93 47 45
36 93 47 77 26 78 7 70 10 52 5 59 67 9 65 9 16 6 80 71 94 49 24 57 36 54 80 97 55 84 38 94 100 15 45 92 95 41 20 93 61 30 30 92 62 26 81 56 49 9 87 93 53 27 86 41 57 84 84 62 90 47 60 68 4 19 13 5 64 25 86 76 83 38 36 57 9 36 32 41 34 41 65 58 50 27 67 33 29 94 32 82 46 29 72 53 80 24 89 52
40 11 10 68 71 93 51 17 4 5 0 69 42 93 73 19 74 32 3 2 4 58 86 33 69 81 66 21 28 14 81 71 16 40 31 33 56 64 10 87 39 47 71 92 3 35 27 22 63 62 43 80 23 11 32 93 45 74 3 0 37 70 41 65 36 22 9 49 53 62 48 78 1 40 24 40 10 4 55 0 3 77 87 39 7 90 35 77 21 76 72 77 54 88 4 42 87 22 2 0
86 86 13 21 91 38 71 78 28 49 54 82 26 53 10 87 80 70 81 4 84 76 46 75 31 29 78 53 85 38 48 70 39 38 99 81 41 2 22 65 7 98 83 57 73 38 2 57 71 69 68 39 49 67 10 80 65 23 60 86 0 94 72 53 12 55 64 88 40 81 96 60 20 25 17 21 20 44 68 37 33 48 13 27 66 10 90 7 54 4 94 67 78 97 60 45 69 92 81 64
10 35 48 0 57 96 44 90 10 40 10 4 80 68 65 46 6 27 14 60 79 87 6 69 40 82 64 17 68 61 64 82 57 9 2 64 100 38 86 61 67 94 63 29 12 47 79 28 50 73 86 94 33 49 56 66 58 100 62 33 48 45 49 57 81 83 79 1 60 95 82 69 64 10 56 55 32 88 82 31 44 39 69 83 96 70 46 94 23 70 81 95 45 20 47 63 8 45 79 9
35 55 71 53 48 3 10 56 16 62 56 31 14 53 87 51 73 62 71 63 98 98 34 50 58 6 100 72 80 89 11 86 31 78 47 83 79 17 71 71 33 61 89 52 71 65 92 4 0 60 86 79 92 76 66 5 28 99 81 51 13 34 14 2 12 78 48 19 74 20 77 66 60 5 26 62 90 93 87 88 14 4 17 37 99 42 19 75 19 21 74 25 28 37 98 90 73 59 94 50
15 25 33 68 83 52 11 95 81 99 6 79 64 36 19 70 71 54 70 79 50 77 98 82 33 25 75 98 75 45 91 3 17 63 57 72 69 18 3 28 94 81 62 6 96 5 82 57 52 65 61 90 87 40 59 71 27 87 45 45 21 26 16 96 70 91 71 2 5 4 85 74 34 52 67 20 31 69 44 22 47 43 53 47 28 50 59 35 64 71 12 41 64 54 60 39 31 41 0 19
22 80 24 19 20 72 22 9 39 8 1 57 30 90 78 67 33 52 74 64 93 56 76 89 64 63 49 28 96 79 96 15 2 6 30 46 5 32 38 59 23 8 78 63 72 98 25 89 12 30 90 65 21 36 37 92 37 81 39 25 36 18 85 0 65 20 30 48 69 3 74 53 9 36 64 10 93 15 100 99 19 45 36 43 46 2 51 23 4 97 100 9 72 35 62 0 60 78 94 7
81 28 80 16 76 77 15 16 9 86 100 9 93 70 66 5 50 21 68 29 69 65 9 0 54 1 29 10 43 43 75 89 50 75 53 41 67 58 44 42 4 82 49 79 31 54 83 47 21 82 41 1 25 41 84 66 58 23 16 99 57 93 44 12 51 10 0 8 26 94 34 29 23 85 98 8 10 91 81 66 73 19 15 64 39 24 14 85 49 38 50 72 84 19 86 85 56 39 4 90
70 60 90 31 32 47 11 43 69 53 90 61 41 15 39 52 27 92 11 1 55 11 58 4 28 38 56 85 1 5 57 3 31 67 72 88 56 3 49 82 87 97 41 71 16 48 55 53 13 41 46 68 53 54 82 60 51 12 83 33 14 87 5 77 14 8 4 73 5 76 75 7 45 84 79 83 35 69 97 24 57 58 18 76 79 21 1 55 90 61 55 89 70 39 54 60 77 37 14 69
77 73 80 89 80 39 17 26 64 79 100 67 10 41 3 88 12 54 44 64 75 98 13 74 26 72 49 52 95 90 34 28 17 57 3 16 36 26 75 63 27 39 55 86 58 20 39 50 19 6 14 70 17 61 73 25 17 8 11 84 53 39 82 14 100 33 37 75 95 56 54 3 57 99 14 21 64 11 46 28 23 65 80 22 62 60 65 50 40 23 8 34 42 29 43 31 0 99 63 85
94 97 84 75 43 83 44 7 55 35 1 22 100 93 24 5 3 69 81 84 7 77 42 50 60 30 21 98 100 12 16 81 21 39 80 16 42 48 83 14 22 66 49 41 38 21 50 32 88 77 9 64 92 76 39 11 78 67 87 18 95 7 85 39 89 72 86 61 1 60 89 62 77 53 12 86 60 18 97 82 22 27 98 99 71 59 11 22 6 88 71 2 21 70 11 36 91 62 95 55
42 82 6 86 31 90 15 11 52 11 45 5 6 32 50 9 93 70 19 91 83 55 43 72 47 16 14 2 20 79 78 67 69 12 25 0 80 30 93 62 70 75 30 23 3 48 46 7 11 77 35 17 68 52 39 85 84 27 10 35 55 41 73 38 80 44 57 29 14 8 42 84 22 90 70 94 74 26 74 6 43 60 27 64 88 25 62 36 27 36 67 67 53 43 82 89 99 29 46 1
17 70 56 16 100 42 41 10 77 69 49 31 12 97 53 65 16 44 66 78 55 96 91 21 79 89 76 98 25 85 32 59 26 46 67 16 20 75 2 100 92 27 25 100 67 54 27 85 40 98 36 36 19 58 57 69 8 62 18 98 9 47 54 59 51 57 37 94 55 8 40 24 27 63 88 94 94 12 12 41 6 22 48 64 32 5 16 59 22 94 14 14 3 15 81 61 73 94 45 20
56 68 47 66 41 15 41 35 52 93 24 97 63 99 1 95 89 57 66 68 10 0 100 9 44 87 64 55 90 89 18 1 53 78 94 5 54 29 38 38 96 19 86 77 5 99 74 100 31 85 64 39 6 73 74 24 14 33 4 71 100 5 55 77 7 100 19 9 76 4 10 23 47 37 30 79 87 45 51 29 74 100 41 15 65 41 53 96 83 36 12 66 50 81 41 99 41 2 16 6
41 5 66 14 8 22 73 36 13 93 98 33 2 10 13 38 91 40 33 9 46 27 50 86 74 23 44 41 41 38 33 15 40 6 76 97 50 70 86 85 90 44 95 87 48 93 94 57 87 21 28 87 63 44 96 78 28 7 85 8 55 60 22 60 59 95 36 36 80 39 82 71 63 17 88 47 46 4 81 100 5 58 62 72 32 16 11 54 79 35 9 70 23 26 63 56 17 4 51 61
27 96 90 7 76 63 55 53 74 79 69 33 99 94 42 54 38 31 24 35 65 17 9 2 25 79 45 51 68 28 77 67 2 77 94 96 55 39 94 79 5 84 94 0 83 26 0 17 34 76 48 85 17 55 10 61 29 46 48 43 1 83 75 70 33 55 58 85 57 39 9 6 46 52 85 20 73 4 15 92 4 58 68 17 54 0 65 9 13 16 12 5 38 18 6 82 25 60 91 57
31 79 71 58 95 33 98 65 58 16 73 12 25 81 93 80 86 99 56 76 50 72 57 5 58 93 57 47 15 92 17 8 17 52 90 68 83 65 17 9 100 59 21 92 80 98 19 6 39 84 19 89 62 96 83 30 49 84 52 48 67 72 14 48 85 2 22 84 73 37 33 50 5 7 68 39 40 70 40 69 77 1 53 60 29 47 14 91 41 57 47 99 77 47 41 25 41 75 29 82
85 8 73 96 31 16 35 4 54 93 66 28 90 42 58 87 1 29 4 70 1 65 61 84 64 80 22 81 35 56 58 93 31 67 39 86 18 75 28 32 70 37 34 13 97 73 44 12 2 44 49 88 90 99 3 24 8 31 67 37 18 25 46 29 47 96 66 1 61 87 99 87 68 97 30 69 52 82 68 68 48 29 62 2 3 99 58 20 47 63 79 45 78 32 7 68 70 4 14 14
52 53 52 59 95 94 84 14 62 88 34 47 62 85 40 39 77 16 46 43 79 58 6 67 83 25 88 60 45 18 88 67 14 94 71 3 16 57 30 22 1 45 79 34 36 67 32 11 68 75 1 18 98 91 76 86 49 74 15 47 36 22 8 10 60 59 61 24 1 73 70 70 97 69 29 71 87 29 17 40 32 74 86 14 9 38 81 91 5 97 95 5 80 98 30 60 94 61 67 0
8 75 4 81 7 29 74 81 11 19 100 26 70 35 15 41 64 19 13 88 40 77 7 99 35 53 25 11 87 43 43 59 30 29 56 36 23 21 68 15 8 76 32 86 17 67 6 67 20 61 37 0 5 96 73 22 77 7 15 100 72 7 63 2 26 65 73 40 22 45 4 49 7 43 69 75 100 26 35 2 92 3 21 55 54 81 33 44 35 62 72 1 25 66 84 21 71 67 21 34
93 64 74 53 72 98 23 85 60 30 67 22 27 82 88 4 39 58 27 16 41 93 96 77 100 81 53 29 2 83 41 1 41 100 26 13 94 39 77 13 71 65 61 7 53 46 62 82 40 90 37 92 69 0 90 88 69 32 72 2 68 78 80 43 16 74 68 57 34 74 56 58 67 9 98 37 20 31 82 55 65 33 85 11 30 39 46 63 19 39 23 50 26 69 80 91 62 4 34 25
65 64 71 3 71 0 54 43 84 45 64 80 30 81 2 42 7 76 93 59 85 16 77 19 13 90 56 13 20 38 93 32 93 94 62 78 26 75 12 62 42 30 69 82 47 80 58 86 2 3 58 59 55 95 10 63 22 48 35 48 51 19 25 64 97 89 89 8 27 67 73 9 34 34 61 85 6 20 6 75 40 99 12 83 20 59 85 64 94 9 24 46 36 11 11 28 55 18 9 38
23 55 71 82 5 61 12 89 82 80 1 81 9 80 42 56 27 44 58 53 29 98 6 10 58 17 53 55 66 60 21 96 52 56 3 60 50 86 78 14 48 51 30 95 62 77 88 2 35 57 18 48 55 3 22 28 44 63 66 24 51 75 31 69 48 99 22 21 79 2 82 12 50 34 78 84 93 2 49 99 59 83 88 26 52 12 91 37 33 4 16 4 10 30 39 1 45 92 76 0
63 29 82 65 6 89 34 12 47 91 59 0 98 89 47 95 89 18 5 56 48 27 20 0 44 93 30 12 28 49 5 25 97 71 73 30 30 64 28 13 81 71 8 38 80 25 14 100 65 30 3 99 4 62 69 9 2 74 49 79 23 87 76 95 33 15 67 42 84 34 3 33 75 16 45 58 79 96 87 93 71 53 51 0 51 6 71 50 89 63 5 61 13 3 44 31 53 83 13 0
33 65 8 91 20 7 96 30 0 93 7 2 91 83 18 59 23 90 30 99 78 91 33 40 26 99 20 35 25 34 14 65 5 50 30 20 11 98 48 64 15 40 95 9 94 1 62 67 5 97 51 44 51 40 28 59 35 72 28 54 17 38 50 28 83 94 32 31 19 41 58 58 74 18 20 16 40 13 60 41 2 72 69 96 0 57 45 82 52 30 51 60 78 31 49 93 10 100 25 41
51 81 30 33 89 5 92 61 71 50 69 53 63 89 73 47 38 34 58 85 17 26 46 6 100 0 95 100 99 98 49 19 39 13 19 18 91 17 94 96 78 13 63 82 80 16 2 73 5 62 46 32 63 97 62 59 38 85 20 70 42 31 59 61 56 24 100 98 50 59 78 16 43 8 92 97 62 0 74 39 41 25 22 4 8 26 25 79 95 75 77 16 27 2 69 60 43 7 59 61
77 72 96 48 36 45 74 58 12 69 99 84 97 5 9 14 0 59 9 33 49 50 48 71 46 21 54 46 84 84 16 85 52 50 8 73 58 69 4 50 0 44 98 57 45 97 94 44 24 1 92 4 13 1 60 42 86 79 55 48 8 24 61 24 25 46 65 55 51 83 89 100 42 29 9 1 37 17 44 87 19 85 95 87 67 95 59 92 81 76 100 2 1 13 5 11 71 46 68 21
89 10 23 37 53 55 53 18 25 92 87 70 77 1 73 52 12 70 8 19 38 38 39 40 6 26 66 77 86 57 61 50 18 85 74 42 65 89 14 31 23 50 97 27 78 92 66 95 42 87 79 5 37 77 67 90 26 39 56 96 40 29 62 38 3 54 14 66 23 40 32 58 63 21 6 86 41 70 1 46 59 38 33 72 14 55 41 37 46 32 33 36 51 11 96 28 85 55 2 70
85 38 36 31 29 1 76 81 40 32 59 27 100 56 18 34 48 15 26 78 10 30 1 100 34 3 54 27 27 58 39 31 89 11 44 19 38 92 18 54 76 13 49 22 3 100 95 63 25 63 62 40 18 92 53 0 92 58 63 46 22 80 60 82 14 37 54 86 37 42 87 45 9 43 42 87 76 11 20 45 45 9 22 1 1 2 70 43 89 36 68 5 89 53 27 41 80 50 4 3
10 82 55 54 42 82 29 73 59 31 93 81 49 35 37 5 79 45 51 76 62 58 55 1 50 11 30 94 60 46 82 45 4 1 9 41 60 88 70 20 91 51 17 67 57 87 31 67 97 21 58 17 68 90 58 48 38 70 85 29 19 64 57 54 22 48 71 77 12 66 15 12 69 58 91 67 35 51 92 67 21 99 93 54 18 3 48 80 25 27 2 41 36 29 49 3 18 73 33 98
