90 75 15 88 87 19 27 26 2 57 95 32 98 96 5 81 77 57 44 80 43 2 3 54 65 12 30 6 28 32 73 73 14 5 34 11 91 84 91 19 38 23 69 69 6 68 46 77 43 55 8 82 30 50 8 82 74 99 95 36 42 86 71 37 5 38 0 70 75 49 32 24 7 69 9 46 52 55 48 22 21 1 50 47 14 86 81 66 17 74 15 74 4 2 32 78 16 48 48 80
90 33 40 50 20 48 50 0 89 64 48 50 8 82 42 66 61 82 76 33 79 42 33 76 15 21 95 67 16 39 23 55 78 90 20 47 51 47 50 44 28 37 98 58 25 4 43 56 19 96 25 29 20 19 92 42 21 53 21 43 16 0 22 59 98 86 2 84 61 21 91 2 36 19 62 9 24 19 30 60 5 86 76 57 27 69 18 45 83 88 67 49 78 87 34 49 86 6 91 12
98 95 35 31 57 84 17 55 5 81 18 35 17 48 56 2 61 4 60 3 84 94 50 76 96 74 10 46 72 48 22 56 13 89 52 93 58 70 69 59 22 94 63 36 67 88 41 78 27 14 62 52 73 33 94 35 61 30 31 98 29 75 70 80 23 43 93 89 95 83 39 62 7 49 7 60 51 48 13 49 7 7 34 85 28 12 13 11 82 31 9 29 46 11 77 44 88 49 49 36
73 15 83 76 70 90 68 90 58 22 54 66 87 54 93 12 41 38 46 37 91 64 56 57 48 94 46 82 80 80 67 76 86 40 61 44 46 20 32 69 33 50 69 0 71 22 75 64 52 67 40 22 69 16 78 37 7 78 28 96 72 97 75 50 97 85 44 10 29 99 29 97 71 99 100 77 9 21 24 100 57 35 80 47 43 0 12 30 92 46 21 57 33 10 32 14 57 20 6 7
51 1 72 5 49 43 31 0 78 62 93 32 22 100 60 31 9 86 51 56 8 14 45 90 1 6 16 32 36 84 66 87 54 13 30 94 65 19 16 90 85 5 33 61 65 62 10 31 5 95 2 36 49 23 69 17 12 99 29 5 97 17 48 86 63 17 57 26 68 80 66 25 85 48 24 62 32 65 94 11 66 23 24 18 44 52 37 46 23 97 62 61 34 80 55 94 43 37 68 27
16 23 77 39 93 16 38 82 45 36 6 77 33 71 24 75 100 43 47 70 48 75 49 62 89 85 37 20 86 42 47 42 50 53 66 47 55 7 84 42 6 39 49 94 71 42 48 76 6 69 42 34 14 64 27 72 89 72 12 50 92 68 52 74 68 13 56 64 94 33 89 39 58 27 29 82 54 19 38 100 32 60 61 65 88 82 51 79 45 38 82 70 61 44 87 67 35 65 24 44
37 21 90 45 93 71 59 2 36 26 56 82 45 94 85 55 64 31 8 88 20 64 56 4 73 3 100 61 88 8 49 56 41 59 44 91 13 83 20 74 51 14 14 83 66 60 41 37 72 93 37 30 71 98 90 4 17 75 50 65 39 19 37 65 57 31 47 62 54 54 25 98 49 25 24 63 33 82 20 44 36 39 18 99 9 99 17 71 66 70 70 50 15 54 73 91 39 68 18 37
73 100 60 82 98 21 9 81 98 86 98 50 55 0 57 65 54 2 90 1 6 55 63 98 61 2 30 33 57 26 44 24 12 98 22 21 87 39 42 13 18 46 60 97 75 91 95 51 31 28 62 51 32 12 48 60 26 43 4 75 91 55 68 48 39 1 85 52 3 98 74 94 48 64 47 83 82 62 54 71 21 39 12 63 51 70 54 49 98 33 25 5 6 4 25 21 95 80 57 33
66 62 6 34 86 79 93 82 68 76 33 2 68 57 88 10 31 22 60 57 3 90 48 33 6 18 73 4 23 64 21 39 26 89 4 88 3 80 12 58 53 11 5 70 88 45 70 95 18 96 77 10 96 30 23 2 76 70 50 46 21 7 100 18 87 88 76 73 89 95 43 51 42 83 7 73 58 30 80 90 54 7 15 37 13 71 58 57 96 53 59 96 55 23 39 31 40 14 62 86
1 40 13 39 69 7 62 40 28 35 56 58 17 48 51 76 69 71 57 89 74 74 78 24 69 53 86 62 47 16 49 94 42 45 59 50 66 70 46 49 96 7 74 68 86 14 78 91 48 99 70 99 64 4 79 81 58 56 85 5 60 23 67 59 9 24 99 51 97 82 24 49 23 26 65 31 50 44 78 82 1 75 71 46 47 90 70 23 50 47 95 74 92 70 63 7 50 63 21 7
11 44 89 44 45 59 49 58 45 31 25 95 31 99 11 84 75 43 7 71 13 34 2 13 57 43 78 67 98 28 92 21 4 86 74 60 70 29 81 23 41 52 29 84 87 58 45 56 24 36 83 91 78 60 11 95 99 56 98 23 48 97 56 18 1 65 18 65 76 79 89 54 6 54 7 82 41 27 4 96 61 17 55 63 43 69 42 49 37 44 82 20 73 73 92 29 69 55 84 73
60 39 91 66 33 42 88 7 36 63 63 58 57 21 69 53 96 61 92 68 30 17 11 58 39 54 62 44 47 43 78 88 26 32 10 32 40 3 40 69 3 96 67 13 66 97 2 19 15 5 41 16 61 88 75 37 68 0 8 44 30 13 27 39 90 80 33 16 13 35 77 29 49 94 73 27 22 60 6 98 41 54 64 31 11 24 43 54 89 37 91 30 27 62 64 86 67 81 81 49
15 55 87 36 100 97 37 24 97 18 34 31 4 15 68 69 68 97 39 56 37 74 16 92 65 62 30 59 78 42 99 71 43 47 49 52 19 100 84 100 38 88 43 90 17 26 7 33 30 83 73 36 65 63 83 40 18 97 64 49 41 85 45 55 77 48 76 20 14 80 24 72 11 8 38 30 34 35 30 35 65 61 35 26 90 11 74 17 85 97 54 57 92 77 61 26 4 7 24 71
62 74 78 80 100 38 30 6 30 83 86 76 25 38 71 29 98 65 0 69 87 87 30 27 93 81 87 31 41 81 51 85 64 81 95 72 9 42 45 44 94 85 93 82 45 54 10 98 27 42 7 97 16 87 52 49 75 38 56 74 55 49 84 66 36 57 59 18 44 100 16 80 37 3 53 49 46 31 36 79 21 100 71 68 39 5 40 0 66 1 80 19 26 98 6 10 7 31 56 26
93 21 14 62 99 49 60 21 74 32 45 97 61 18 3 67 96 39 93 16 74 94 24 77 9 23 34 67 30 50 47 23 91 98 61 36 84 87 79 34 13 10 70 0 56 85 96 45 2 16 42 49 69 73 92 52 63 76 47 67 12 90 63 23 22 100 4 69 45 98 42 23 30 38 68 59 77 20 49 49 94 84 16 82 43 31 99 46 7 20 26 71 10 25 24 73 54 25 55 38
81 2 55 55 47 1 75 8 26 39 51 2 95 71 86 67 28 87 97 20 85 15 81 81 50 51 73 69 91 68 67 75 4 94 97 17 0 99 7 18 85 81 40 7 76 3 97 61 17 100 100 91 33 6 0 7 23 75 29 69 13 41 26 38 12 8 3 64 50 5 45 50 8 100 13 48 62 10 15 82 23 97 98 39 67 52 7 32 25 31 19 90 8 77 56 5 91 16 36 99
87 52 71 19 81 6 68 18 14 15 72 3 82 68 33 67 74 84 25 94 99 38 35 54 51 11 94 33 7 71 77 55 13 84 31 0 44 46 34 45 8 51 46 20 5 53 93 85 62 37 22 86 41 70 94 71 31 11 72 9 31 41 3 88 54 86 41 71 88 86 40 54 52 38 47 39 90 98 66 44 85 87 93 35 1 36 58 72 96 5 45 49 34 53 15 13 71 38 37 33
8 8 13 44 15 40 4 91 26 37 8 82 76 56 35 92 48 0 25 87 30 46 53 4 62 21 59 54 6 83 64 80 16 49 25 51 63 41 49 48 47 65 73 14 89 42 17 57 8 3 37 50 74 51 13 17 57 23 89 45 41 83 81 32 13 2 6 100 7 46 60 2 37 0 23 80 81 88 12 16 1 63 69 26 43 49 75 20 24 44 82 37 59 62 0 14 62 20 67 33
2 71 31 56 75 86 48 8 73 49 19 99 91 46 2 8 92 99 69 4 22 73 68 22 81 30 31 97 8 44 62 4 20 46 15 9 95 63 90 3 66 63 61 23 85 85 67 11 8 87 28 39 61 76 48 81 97 93 24 16 29 36 56 70 13 92 84 93 13 21 67 1 21 10 89 68 96 25 47 2 22 78 32 64 36 45 79 16 59 19 59 53 9 32 40 82 20 60 31 68
52 92 11 17 59 25 33 44 68 90 64 75 46 88 54 51 67 87 34 94 78 55 89 84 41 10 71 80 1 88 100 47 4 10 77 33 98 9 87 74 44 49 45 9 9 1 4 10 18 2 56 55 90 68 8 60 44 5 32 67 6 60 79 79 21 23 49 11 69 58 78 39 96 2 98 92 27 71 32 43 88 99 42 97 4 67 86 23 69 43 12 12 29 76 0 75 65 90 50 92
69 67 58 4 59 97 20 53 24 55 46 12 24 62 31 5 69 40 86 4 54 46 76 58 69 79 5 47 80 81 93 100 64 93 63 2 55 12 59 4 44 3 79 76 34 46 37 67 37 58 45 0 85 30 100 89 31 44 25 48 73 2 96 30 44 56 87 5 23 0 44 42 99 48 50 46 8 21 63 39 18 53 14 24 93 64 92 90 96 70 47 91 3 89 46 27 1 21 91 51
73 92 84 56 44 15 47 71 28 62 68 93 12 1 12 10 45 85 57 26 13 37 66 50 16 67 71 29 86 54 20 68 15 1 63 13 10 8 68 70 72 87 41 12 8 65 87 100 97 20 14 40 95 15 84 66 27 31 52 46 69 97 44 11 18 10 21 59 74 58 91 26 83 90 25 66 71 86 24 81 57 23 59 10 63 53 76 93 55 1 4 38 65 7 92 48 10 46 82 14
14 42 72 58 88 89 29 76 61 89 28 68 50 7 18 58 93 46 99 8 30 74 50 79 35 94 89 66 40 97 4 10 34 79 7 48 12 60 90 20 71 54 80 86 21 38 96 47 37 51 81 62 65 94 74 24 30 64 31 93 5 92 46 4 35 0 3 95 30 78 83 77 0 3 89 6 68 56 7 18 9 44 32 97 49 46 57 75 100 57 42 0 37 32 2 34 60 42 49 27
59 8 84 78 96 21 78 51 70 24 42 62 16 40 54 88 64 75 72 36 51 89 81 84 63 20 67 99 58 42 60 53 47 66 38 40 15 2 66 37 92 10 67 15 80 71 14 63 59 12 15 51 52 22 95 4 91 58 76 58 18 13 29 89 3 55 5 3 8 94 44 76 82 8 11 49 89 39 9 100 49 95 59 65 30 85 41 44 75 37 32 25 49 78 75 47 55 73 59 47
32 20 53 81 52 100 35 24 61 80 11 54 47 84 63 27 13 48 16 8 44 18 98 6 100 46 76 45 6 25 19 55 10 95 80 53 56 20 19 40 43 99 57 42 53 56 35 75 98 37 9 17 55 84 0 87 54 76 20 36 75 36 24 0 55 77 37 51 96 92 19 81 37 36 10 42 93 21 88 83 90 1 67 19 69 33 92 22 65 13 17 54 100 94 18 30 9 83 56 42
82 3 59 54 56 100 24 80 70 19 41 49 81 64 27 41 77 31 27 63 75 83 13 27 15 52 35 35 28 58 51 100 71 28 96 35 61 2 58 76 77 80 37 43 93 34 34 88 70 76 50 85 6 66 48 4 76 27 43 31 82 8 78 61 1 15 89 57 68 53 30 99 31 72 91 60 9 89 53 61 51 44 84 51 95 47 76 16 64 20 32 73 0 48 73 30 39 34 53 57
30 100 9 54 14 42 2 63 21 93 50 32 0 62 93 88 92 32 47 30 26 12 68 21 89 93 21 20 70 35 70 27 52 21 73 91 80 65 71 74 98 29 22 88 20 84 70 40 37 92 15 100 13 41 68 76 65 70 85 21 77 76 26 78 57 22 37 73 94 3 55 0 82 96 2 2 13 25 18 54 56 6 26 52 14 78 1 7 67 37 25 10 20 53 68 10 52 85 42 19
61 86 86 76 67 5 96 13 62 17 73 51 68 27 83 82 30 71 62 2 10 94 24 2 2 85 10 7 16 36 88 99 2 73 25 82 94 6 28 71 82 13 54 100 55 100 100 10 25 100 5 80 3 60 14 39 85 45 28 1 73 88 18 59 78 60 99 72 84 27 96 0 87 62 88 55 5 76 42 83 38 54 63 76 23 3 87 17 28 72 10 82 75 33 4 73 76 48 4 78
43 42 4 11 72 78 89 85 98 97 8 81 19 14 21 79 43 43 77 40 99 64 30 36 3 48 62 60 52 91 25 71 91 45 25 89 7 52 94 23 29 82 14 80 80 75 26 13 38 45 72 10 8 40 38 21 16 23 97 66 8 94 54 34 92 49 51 10 72 6 30 60 40 8 32 29 10 66 6 65 96 56 81 30 39 83 34 80 32 68 38 41 65 7 77 29 87 70 32 54
44 27 7 8 46 2 78 53 71 65 41 66 1 86 99 42 73 75 60 93 36 84 81 99 27 75 25 86 63 25 48 72 25 82 9 35 28 44 89 51 7 41 96 85 73 28 30 48 73 53 53 2 77 48 68 94 44 49 47 96 0 21 100 71 63 16 0 14 17 21 65 30 49 5 85 58 28 90 43 68 42 21 63 91 75 88 16 38 2 68 2 75 91 98 15 65 41 81 81 53
81 17 77 58 44 19 12 39 36 68 35 90 51 47 0 48 72 5 36 88 60 43 78 57 12 20 78 69 13 50 77 29 39 91 37 48 6 73 37 3 80 9 35 57 21 93 67 75 33 45 93 62 30 22 66 26 36 26 62 40 27 39 76 95 31 15 58 47 20 91 95 82 96 14 96 33 68 9 17 81 8 79 4 68 71 57 66 40 29 89 67 19 14 10 61 37 19 28 37 9
2 49 12 3 88 13 9 86 76 80 31 94 62 11 70 67 66 58 43 81 73 16 33 83 88 7 42 81 81 36 61 67 84 74 33 46 28 46 81 33 21 53 84 45 27 46 48 19 15 15 23 58 60 29 4 68 19 65 21 57 18 86 66 89 94 63 99 54 46 78 17 19 60 3 71 62 38 93 56 79 94 2 13 24 54 26 75 92 93 71 76 46 76 44 74 86 3 87 100 22
31 57 21 70 15 27 31 94 30 93 54 80 10 22 64 70 4 12 5 24 32 51 100 28 21 73 75 47 76 89 81 88 45 35 96 99 16 30 43 54 90 32 17 81 70 74 75 37 22 41 10 24 60 35 42 80 97 74 69 28 37 84 47 59 12 70 86 0 23 5 11 36 88 94 68 82 11 12 63 10 11 40 66 75 77 17 24 85 55 66 57 9 67 100 48 80 82 40 21 43
96 8 8 60 45 42 49 81 61 67 87 72 69 56 79 88 65 74 70 55 34 61 85 49 69 41 100 89 24 40 75 69 39 20 61 26 91 6 91 12 67 41 66 7 43 63 38 82 63 69 66 30 100 61 34 99 0 42 13 78 61 9 36 59 34 3 87 59 66 4 0 96 4 67 57 84 18 8 88 49 15 77 42 4 98 22 55 0 88 66 66 43 17 21 50 30 48 99 26 86
54 54 5 11 92 65 16 1 29 2 98 29 94 63 92 71 12 66 49 98 14 10 69 2 46 100 55 94 88 51 78 27 63 11 66 62 33 11 30 99 26 70 98 93 38 24 31 70 9 33 84 12 44 60 71 35 80 49 66 31 64 35 18 89 69 14 3 57 30 89 12 68 32 54 0 38 83 35 35 76 22 67 6 65 46 38 36 84 33 77 97 92 64 0 87 32 29 27 46 56
22 96 90 32 94 96 5 19 6 79 34 80 35 25 71 97 95 5 26 62 9 95 8 4 97 86 85 75 32 91 19 54 35 27 4 7 62 65 7 2 94 25 32 98 55 7 1 98 18 18 59 32 53 16 58 28 30 30 93 23 83 16 66 86 31 6 85 48 1 66 77 2 57 30 93 70 59 94 74 46 0 18 94 23 37 27 94 13 96 3 15 68 22 94 24 36 24 34 59 48
21 66 96 4 99 42 62 14 69 66 45 59 95 47 76 50 22 30 8 86 3 87 73 50 74 12 97 71 2 81 31 25 32 91 19 98 27 4 79 100 19 59 62 0 39 35 25 59 47 34 32 53 16 6 97 18 18 100 52 94 41 99 16 24 80 32 26 81 75 54 82 30 47 80 16 77 81 65 19 61 11 84 62 10 68 11 44 96 64 40 14 37 52 3 86 40 97 68 30 84
71 29 47 10 25 1 67 75 81 53 62 14 15 37 21 86 25 3 60 69 57 92 8 56 59 24 92 18 100 31 24 91 56 27 70 11 29 55 80 90 2 94 44 75 26 4 14 93 80 69 82 92 98 57 68 2 92 51 29 95 3 25 62 38 43 18 29 22 97 81 15 98 20 6 74 74 73 21 7 84 61 85 44 87 13 8 1 31 51 41 71 53 96 97 94 80 16 23 39 24
92 99 2 15 50 20 37 37 96 27 51 26 42 65 6 92 11 97 25 30 68 35 82 24 79 6 80 49 38 14 62 53 37 82 64 79 23 6 5 13 18 39 63 11 0 78 64 5 74 61 26 4 48 3 97 34 11 37 62 96 19 86 57 52 22 96 40 41 74 11 91 9 2 41 58 73 100 52 70 78 23 87 56 88 51 87 26 82 11 49 41 45 62 60 78 23 57 79 64 87
90 31 99 78 39 62 63 85 9 47 20 75 5 54 44 64 58 65 28 57 16 70 87 58 77 28 64 84 77 100 7 83 21 19 34 12 11 36 57 23 31 58 25 14 10 5 100 55 30 84 29 23 34 76 40 31 76 55 32 87 53 18 42 22 70 6 69 17 88 27 67 83 54 0 79 61 0 59 98 84 45 4 65 61 52 30 90 15 27 87 90 67 79 56 79 81 28 57 6 50
88 37 12 75 84 9 86 59 85 98 41 8 66 13 73 28 47 18 76 19 61 37 60 93 69 66 82 50 92 23 93 97 73 77 62 27 91 32 46 13 63 0 34 42 91 40 39 69 82 20 69 42 3 3 67 16 82 72 77 3 20 9 25 17 6 61 66 95 40 15 40 25 9 2 4 57 78 62 0 50 88 92 68 28 30 62 1 78 76 18 44 39 86 51 24 47 35 32 14 91
39 82 99 14 9 75 97 24 94 19 96 68 97 64 24 54 81 0 8 33 58 46 4 5 5 32 93 4 8 96 12 50 57 62 80 100 32 1 28 37 82 86 95 38 98 60 49 39 87 59 85 88 8 84 62 43 39 85 16 31 1 22 69 15 44 64 42 55 84 34 73 8 77 3 73 95 21 59 69 37 23 8 29 0 13 1 56 27 41 81 58 82 66 82 43 74 19 42 49 6
84 50 60 53 62 6 30 20 58 57 73 17 51 38 87 30 67 32 22 38 41 2 83 38 56 69 1 24 90 98 45 17 56 14 25 97 42 23 92 19 97 45 16 82 48 1 13 92 34 53 16 18 58 3 6 20 19 80 27 50 26 32 20 43 67 78 100 75 75 20 69 19 41 53 52 30 45 45 19 97 26 92 14 82 27 61 62 87 91 84 50 80 63 77 88 83 37 63 48 11
21 74 70 23 57 54 3 3 37 52 14 41 30 61 17 2 14 57 10 13 88 50 88 18 62 72 79 57 91 70 78 53 52 36 89 32 37 12 100 54 59 36 83 36 25 93 96 20 90 96 39 25 88 98 53 23 29 30 74 30 74 93 18 2 80 29 32 41 79 66 15 20 36 48 8 88 58 75 24 26 84 63 46 44 33 6 59 0 63 82 89 56 42 31 13 5 23 45 38 0
16 69 40 56 74 94 37 63 9 80 81 77 32 0 98 53 47 33 28 66 93 47 86 18 10 34 33 20 88 68 90 76 48 13 81 87 49 56 52 88 18 20 91 78 65 59 54 77 38 91 10 73 31 28 71 84 94 62 75 37 32 13 13 71 92 0 92 5 94 32 85 14 16 31 97 37 41 80 16 95 6 38 0 5 87 44 45 88 38 28 44 81 79 94 68 95 89 0 5 3
59 27 61 16 0 6 71 23 2 50 21 18 37 7 88 31 79 16 40 8 7 34 57 76 37 100 68 20 10 38 92 87 9 84 40 60 34 87 50 31 10 35 72 42 37 88 23 17 59 70 5 10 14 87 3 22 69 44 43 3 28 36 96 18 39 99 1 93 48 11 35 79 74 75 98 23 50 22 66 34 45 87 60 3 82 77 88 95 85 66 4 82 28 87 71 50 9 78 30 36
26 62 96 29 35 86 37 68 87 87 65 86 17 31 3 17 4 53 96 18 61 93 13 46 40 41 40 65 70 87 70 12 90 75 16 32 11 6 26 36 75 48 74 50 39 94 12 77 7 37 98 19 57 45 92 75 27 78 15 16 75 17 11 72 40 0 43 0 38 19 80 24 14 82 81 20 51 70 18 94 76 21 21 98 94 77 23 7 98 95 41 79 86 65 93 21 85 48 84 81
4 32 11 1 81 74 49 74 16 80 45 97 89 53 53 65 82 73 73 99 94 31 99 98 59 37 35 21 8 70 23 86 28 77 18 59 24 37 33 68 32 35 66 85 7 62 58 81 65 95 4 27 61 98 58 37 6 73 33 23 92 53 4 81 98 42 69 55 71 62 52 16 67 0 19 66 5 14 3 38 32 89 10 3 79 51 81 77 43 24 49 85 1 97 0 39 26 30 45 34
63 65 4 100 92 9 74 92 51 51 3 11 41 74 47 6 50 47 59 84 78 71 3 51 42 84 19 56 16 11 71 37 28 46 24 2 58 54 79 56 94 59 37 66 5 19 2 5 94 48 68 63 95 84 81 1 50 86 5 39 67 100 93 0 16 80 89 82 45 24 60 60 55 1 35 18 42 56 4 77 55 87 100 37 17 20 25 78 88 26 75 94 3 56 98 42 43 95 42 4
8 15 64 1 83 3 32 10 16 13 99 33 94 36 79 99 85 96 46 4 21 23 6 56 7 46 22 78 76 1 73 70 25 68 34 81 45 29 61 34 96 27 74 76 4 35 57 54 99 25 98 62 33 69 11 39 22 59 82 52 43 71 9 11 76 30 44 75 59 80 79 42 65 62 8 94 19 21 71 74 47 99 54 53 2 17 42 78 83 52 94 33 83 94 48 16 8 50 31 15
50 90 80 52 73 63 17 36 21 7 10 96 72 44 77 19 14 5 98 89 52 68 49 48 61 79 78 90 1 52 61 33 90 54 22 22 5 81 20 0 73 87 85 96 22 75 33 61 63 6 74 46 92 67 5 72 41 98 63 61 78 59 28 57 80 44 53 87 75 92 27 76 18 82 2 53 20 66 79 86 62 84 51 1 47 47 67 54 47 1 84 39 50 85 28 54 92 32 93 95
65 79 29 49 3 58 13 77 20 57 19 29 12 99 30 49 88 1 75 70 72 69 46 21 65 0 21 37 61 15 45 92 54 49 95 34 26 40 66 0 95 91 60 68 24 33 21 75 38 40 80 95 37 86 69 97 76 15 6 5 25 53 91 59 39 31 70 80 37 49 25 13 89 28 9 86 25 28 29 82 89 65 86 98 97 63 75 18 85 27 58 90 55 10 88 89 17 21 88 43
55 92 85 70 45 61 70 74 69 66 92 94 5 5 25 90 96 20 71 90 20 72 49 18 88 72 60 10 27 9 80 21 93 34 50 48 20 37 85 48 54 100 54 16 22 63 76 10 64 24 10 11 17 27 17 91 71 73 96 2 47 53 9 59 47 58 85 21 79 96 82 75 78 68 38 64 55 28 47 20 43 84 30 90 33 56 38 88 27 97 21 67 95 27 3 0 32 27 19 43
26 85 48 29 99 85 19 37 97 84 17 85 30 53 6 80 80 28 83 60 1 25 22 96 84 75 63 56 31 11 6 51 2 90 79 24 0 9 80 79 1 49 31 7 40 57 98 0 16 58 7 55 88 31 37 51 73 6 90 29 56 8 9 29 75 6 15 49 58 95 74 19 77 66 85 83 67 84 9 89 53 37 17 49 25 80 1 58 1 46 38 63 23 5 2 87 91 89 5 29
96 55 31 6 99 22 64 66 9 92 11 68 19 91 15 1 56 53 32 51 56 7 53 52 89 23 31 88 84 84 37 98 21 15 57 50 24 33 94 83 68 32 53 84 78 79 34 63 71 93 22 41 7 6 21 54 2 68 36 28 80 55 60 29 45 21 72 61 19 19 34 89 80 10 6 18 93 3 4 28 100 12 46 4 12 57 39 45 0 27 17 30 27 26 43 66 2 95 76 92
16 96 26 50 39 76 97 1 76 33 3 36 63 14 21 21 67 53 99 94 49 6 84 54 68 17 81 74 53 75 89 38 67 78 13 97 64 80 68 72 21 92 87 74 34 34 29 80 0 96 43 12 92 7 44 2 18 33 84 55 50 27 61 24 66 1 33 48 34 70 45 17 3 66 32 67 53 40 37 31 2 90 70 62 26 62 32 30 38 66 14 61 84 88 74 5 1 87 24 3
84 1 17 98 64 90 93 46 77 2 58 93 83 20 43 34 37 3 42 68 55 69 22 65 90 29 56 39 65 19 70 21 53 50 63 6 15 22 52 12 72 97 74 43 97 15 20 3 61 73 77 80 24 43 100 4 82 89 21 51 98 21 64 11 24 47 55 10 85 34 57 79 71 13 63 97 100 48 34 47 6 43 96 54 19 65 70 98 49 75 67 94 61 3 36 91 63 93 28 95
38 70 73 38 42 9 19 17 30 16 52 20 4 7 47 27 93 76 7 84 10 38 38 54 36 97 4 19 84 98 80 98 52 14 87 91 75 3 22 16 56 21 78 5 34 77 24 40 69 70 50 88 25 79 57 63 86 69 65 14 48 18 40 47 6 28 50 82 93 32 87 21 62 35 27 95 59 57 29 39 41 9 73 39 80 16 9 22 71 22 64 85 94 29 2 53 50 75 38 65
31 67 27 95 17 28 22 44 69 68 38 7 37 23 10 54 20 85 97 89 99 92 3 79 66 48 11 7 74 41 94 45 7 19 17 56 68 35 61 30 11 37 83 84 40 69 34 7 4 76 6 59 5 5 62 37 37 15 99 22 84 21 42 22 25 27 19 98 65 32 79 54 81 67 83 71 59 98 96 1 63 89 63 2 90 38 23 23 3 21 73 30 91 4 74 14 99 31 38 67
70 46 26 80 91 29 43 43 47 26 5 41 66 73 80 25 79 15 30 96 48 60 68 84 66 80 81 64 43 89 51 80 8 72 91 36 34 78 2 89 76 13 25 64 97 51 69 69 98 57 68 43 46 100 77 26 49 66 62 77 3 35 75 89 3 15 45 44 46 46 0 92 22 36 33 82 90 42 34 73 84 53 73 7 84 66 100 77 61 0 10 21 15 9 99 82 86 77 46 20
85 60 38 18 70 68 9 80 98 36 39 97 14 61 80 25 80 39 72 52 24 25 37 85 8 0 69 50 82 22 81 63 76 72 69 65 92 10 3 58 88 25 69 93 40 73 88 94 23 52 29 58 88 59 83 30 67 60 68 4 98 23 5 79 96 77 78 70 12 85 67 2 57 42 52 63 3 88 39 63 46 77 84 85 62 30 36 52 8 32 93 99 87 77 12 56 58 82 82 12
90 68 29 48 10 56 37 30 79 70 45 71 43 53 45 42 57 55 21 5 95 70 33 66 85 98 73 90 24 42 95 23 76 5 75 83 92 74 42 75 7 13 42 21 14 44 5 93 47 2 68 5 72 79 57 52 77 92 36 36 73 6 41 49 4 52 70 61 7 39 59 20 21 48 85 35 89 38 50 24 18 37 2 90 39 96 24 95 69 39 42 97 50 43 75 26 2 32 78 68
67 26 41 7 37 23 48 64 84 51 30 26 39 66 52 34 74 55 64 29 71 11 19 6 51 43 43 71 18 0 13 60 56 46 80 3 43 59 97 96 6 0 20 15 21 84 82 78 11 60 56 46 94 73 40 47 24 54 68 38 80 63 10 89 6 6 8 80 79 24 19 13 40 26 61 79 93 84 69 5 71 35 64 27 25 54 80 70 37 42 31 57 43 73 48 10 100 20 81 7
42 70 96 88 55 71 44 95 59 46 17 85 89 66 27 13 99 40 32 29 31 97 48 39 95 89 58 19 84 23 26 97 28 36 27 31 30 28 33 85 80 27 3 81 13 27 9 57 33 73 40 20 60 80 30 8 20 22 74 78 84 46 58 25 8 31 20 50 64 39 72 21 31 14 54 87 88 93 3 12 95 63 25 67 68 47 15 72 10 100 0 24 91 65 53 21 82 99 64 43
80 90 54 4 77 29 84 25 18 53 73 34 11 53 17 82 94 93 97 35 55 75 47 9 42 66 59 41 58 4 49 100 9 42 54 45 66 59 80 57 3 29 50 52 26 57 1 95 25 71 72 47 83 32 38 45 97 64 65 94 15 72 68 17 19 5 49 20 77 61 90 83 72 18 49 77 2 45 7 49 17 6 76 85 17 44 45 3 44 29 59 32 87 68 32 56 29 56 92 44
54 38 73 15 90 93 98 16 72 30 78 4 53 15 26 53 27 35 80 81 16 17 13 37 95 90 3 68 62 52 86 52 52 48 22 36 77 87 40 43 13 60 4 34 33 97 98 4 45 66 92 68 85 26 29 7 4 60 11 32 41 46 76 58 99 67 46 92 18 48 55 89 74 36 14 63 54 72 34 21 29 96 92 54 10 4 32 77 77 100 23 9 48 45 55 75 62 0 95 83
35 100 57 99 97 55 76 34 30 63 0 45 99 36 86 30 45 94 74 19 17 1 82 48 46 3 41 65 24 100 22 89 77 86 45 0 96 53 15 9 70 61 32 82 33 84 65 51 5 45 49 44 98 94 86 73 0 63 28 10 45 38 53 13 87 68 91 33 84 11 84 74 48 17 63 52 99 39 72 85 23 63 5 43 57 87 2 36 77 94 82 54 1 88 51 64 90 96 15 6
24 93 99 34 67 61 97 56 43 80 51 14 3 1 96 39 43 46 57 76 18 20 0 68 68 27 11 83 18 70 17 30 8 99 18 2 82 91 89 95 43 30 81 12 99 92 88 84 80 18 36 100 63 82 63 72 23 15 19 93 96 89 26 43 97 10 33 70 57 73 23 2 74 73 24 34 27 95 14 17 13 47 95 98 94 91 19 56 57 65 0 48 16 77 33 93 78 71 59 79
41 75 63 58 78 50 42 42 22 64 29 10 57 52 95 27 21 68 12 68 40 30 85 64 83 75 79 96 42 89 7 99 17 92 30 43 89 8 90 75 18 26 57 86 91 70 0 37 24 91 11 6 99 25 87 58 99 94 46 27 20 25 29 41 97 18 14 4 70 38 15 53 18 33 4 65 32 73 89 42 39 92 61 98 13 30 68 41 43 11 98 38 69 61 14 74 92 92 74 59
26 17 73 60 66 37 22 33 51 100 11 100 75 75 17 51 29 97 67 83 63 46 59 76 23 3 67 39 91 54 93 86 42 33 62 44 1 14 1 5 49 77 96 48 22 64 66 20 80 10 31 29 84 0 41 1 59 68 29 57 87 6 89 8 29 15 84 53 1 45 94 79 35 22 88 39 8 81 29 63 93 78 27 29 43 95 4 23 95 17 14 10 49 8 72 82 39 77 69 84
93 85 25 9 20 48 77 87 19 74 87 12 54 55 41 93 58 76 15 98 45 90 64 39 96 23 23 47 27 7 80 3 84 76 57 32 72 91 45 80 43 57 68 66 62 27 51 86 44 3 36 63 10 68 99 4 62 71 72 96 41 1 82 46 10 76 15 74 25 92 1 78 62 25 60 15 8 1 91 0 77 89 100 37 80 7 63 6 21 8 18 25 59 66 13 8 11 39 90 77
92 85 17 54 33 35 82 86 31 36 29 57 63 71 20 54 61 83 82 78 31 87 20 99 37 88 0 18 36 84 3 97 63 7 88 41 21 68 98 54 82 13 5 48 100 16 13 12 72 58 53 75 46 53 53 72 56 9 16 38 67 53 60 10 86 19 67 94 21 43 13 67 18 4 69 16 81 56 47 78 22 71 10 92 36 76 30 62 45 32 97 10 47 46 19 51 80 27 11 42
70 2 11 4 33 34 52 38 47 27 19 88 96 6 43 79 57 10 13 59 22 57 46 3 46 4 83 14 59 21 83 53 99 94 50 7 25 8 44 59 10 34 73 98 2 33 15 46 29 95 63 60 44 76 21 17 79 56 65 84 74 60 91 13 84 19 13 23 81 79 26 31 27 77 55 83 45 75 96 80 48 61 76 96 35 97 85 23 82 53 27 28 29 96 2 68 5 55 12 7
50 13 49 55 36 22 81 71 58 43 95 89 27 22 59 66 27 39 94 15 97 93 84 62 82 37 33 49 78 33 34 22 55 73 93 3 27 21 10 57 56 32 29 61 76 83 8 92 45 11 37 92 67 60 67 3 49 8 11 72 26 13 24 86 9 9 62 2 56 1 37 70 22 76 97 16 14 57 32 77 81 74 0 83 44 0 17 38 61 93 24 34 33 10 52 94 76 20 69 62
72 34 95 80 41 83 13 85 78 85 23 12 16 34 49 13 32 37 50 65 84 84 58 59 40 81 33 55 77 87 68 31 60 73 1 12 45 3 80 56 58 59 49 91 76 77 18 48 15 77 34 36 52 59 55 7 7 23 70 34 33 10 14 48 17 55 29 59 57 58 57 76 4 8 11 49 99 53 86 41 80 8 74 49 45 11 16 37 28 26 41 37 66 88 36 32 84 95 24 5
89 15 24 17 67 72 84 94 68 22 75 40 33 84 95 9 15 53 34 2 71 44 33 90 1 98 34 45 19 88 76 13 45 37 96 92 98 31 55 17 71 65 2 85 11 43 80 77 60 66 76 7 52 58 36 50 39 89 70 71 50 25 96 93 60 57 61 95 19 6 92 91 9 36 48 26 49 41 98 86 83 28 44 47 81 22 13 95 88 65 83 6 91 64 53 33 42 99 47 16
65 98 90 44 34 91 6 63 35 37 100 32 27 92 90 15 79 39 93 78 88 33 82 95 70 22 57 54 45 69 19 45 6 5 71 70 47 46 99 0 80 58 51 88 97 39 28 66 63 10 45 94 73 65 77 84 90 62 29 35 21 100 49 69 86 55 22 5 72 44 2 59 89 94 70 47 46 20 76 31 26 55 4 98 75 51 51 15 24 39 41 53 79 32 33 6 56 62 4 98
6 56 71 71 79 44 62 14 57 53 17 81 33 10 55 64 28 82 97 41 77 27 73 13 77 74 84 75 65 55 68 87 52 85 99 76 88 2 100 0 62 16 58 2 86 74 99 69 36 65 2 83 19 30 12 58 26 30 45 59 3 95 36 100 63 88 98 97 33 34 91 61 60 30 9 57 82 74 53 27 87 70 96 53 77 38 57 92 87 10 4 61 37 56 67 26 71 30 38 35
35 6 21 6 85 62 76 3 89 61 6 8 17 6 11 100 71 18 98 5 74 57 28 96 58 69 5 88 73 83 39 24 8 61 10 16 47 62 16 48 23 80 99 7 40 87 34 93 52 65 38 34 50 55 45 89 77 59 45 85 85 16 63 65 5 73 99 47 40 38 64 70 67 31 51 29 25 4 52 49 58 71 65 89 99 80 27 46 88 100 45 5 1 49 41 69 56 89 15 30
71 82 37 1 90 40 17 45 46 77 42 61 52 10 55 87 7 58 58 10 19 9 12 11 60 86 34 93 78 39 24 36 22 21 40 38 86 75 91 51 52 59 12 66 8 20 27 20 9 64 57 10 60 74 89 89 33 3 61 11 55 61 17 26 67 52 98 0 26 37 73 78 60 90 2 87 17 38 41 85 41 51 45 33 4 78 68 76 20 40 67 82 76 88 47 23 99 74 82 4
22 99 81 60 88 97 73 57 12 63 61 32 55 4 94 9 1 56 87 15 89 91 44 47 30 22 54 93 62 55 5 2 15 20 54 66 13 92 47 84 19 95 50 71 51 21 46 7 72 3 38 16 65 97 33 7 80 99 14 79 44 62 8 7 79 78 91 34 50 15 0 43 9 59 85 17 14 38 82 71 75 77 67 37 67 97 57 47 8 54 86 1 63 93 23 44 34 62 34 75
1 98 21 18 46 62 28 92 60 66 38 17 98 16 74 15 25 11 23 78 72 52 18 63 88 4 53 42 39 38 94 34 54 4 13 86 26 7 81 20 66 52 70 32 97 88 35 62 19 69 18 23 73 95 62 29 2 71 2 83 2 61 49 36 22 67 85 80 78 98 77 38 31 40 16 44 6 5 33 61 42 86 68 98 95 98 6 99 59 96 2 38 89 74 73 84 3 53 14 94
98 0 37 14 81 14 11 100 71 30 75 100 78 92 61 49 79 40 66 61 14 87 6 77 19 87 78 51 12 48 65 54 85 90 86 70 15 92 80 28 39 28 5 29 12 54 81 61 31 4 85 12 58 26 31 78 23 60 51 84 88 85 9 88 57 81 85 25 4 31 16 94 94 41 61 58 24 61 63 89 2 19 91 21 7 15 37 84 61 47 78 10 50 75 20 47 41 98 37 3
46 23 65 64 69 31 51 10 88 8 96 28 52 63 10 38 53 90 75 13 88 85 96 59 54 50 13 81 74 26 84 3 70 32 75 3 84 59 71 58 64 30 10 28 34 12 31 48 79 74 23 89 23 32 98 66 35 55 0 6 7 72 47 15 19 16 89 87 100 88 80 43 9 90 84 47 40 23 18 86 22 58 25 92 13 39 25 25 28 25 31 34 29 66 75 24 45 99 23 68
75 89 29 29 34 44 3 0 86 29 100 100 57 76 5 31 82 34 85 40 89 78 20 93 11 67 59 24 24 52 90 44 42 34 94 4 86 41 10 25 28 29 35 52 91 100 68 95 81 66 97 31 86 83 73 77 71 14 26 42 11 36 6 64 73 66 87 31 71 1 93 67 32 32 12 97 64 48 99 27 47 56 85 0 94 41 23 20 42 61 99 82 11 60 22 13 72 10 9 64
64 92 75 83 56 7 27 34 26 70 79 72 39 73 69 69 0 18 96 87 62 35 11 69 12 83 12 91 49 61 53 89 27 88 10 82 41 53 5 32 72 16 7 56 83 56 6 27 27 40 11 29 18 28 79 0 67 46 45 40 85 17 46 98 10 97 43 58 76 1 31 24 40 21 30 53 8 98 25 84 74 51 5 94 47 57 64 27 85 17 55 98 46 29 96 57 24 55 15 61
59 62 93 97 84 71 17 63 74 42 40 68 49 10 90 10 18 6 87 72 51 11 70 70 52 84 83 65 82 26 88 35 48 57 9 67 13 9 88 14 7 46 56 35 21 9 30 30 25 15 14 16 87 66 100 67 64 25 55 36 47 22 46 90 18 93 3 13 54 13 75 26 92 77 21 7 37 26 1 27 59 69 17 99 30 28 78 0 9 46 32 73 88 48 16 59 38 41 7 22
30 21 6 58 22 68 20 92 61 44 45 96 91 100 71 79 37 85 78 81 75 9 32 91 28 36 70 90 14 2 13 99 5 47 32 55 59 74 41 27 55 87 50 30 40 77 89 59 77 27 82 12 57 16 10 18 1 8 95 10 14 11 11 9 94 99 14 62 20 46 98 80 71 71 82 49 33 4 53 55 18 15 16 27 100 54 70 0 92 34 34 35 48 31 100 10 44 20 50 14
20 57 54 2 26 44 47 13 47 35 59 39 34 81 24 25 64 77 10 53 74 14 16 45 58 96 11 93 62 57 56 68 39 62 91 2 35 8 93 0 97 77 72 66 35 47 16 81 77 41 63 7 70 6 59 84 7 51 24 66 74 70 36 0 53 89 67 49 57 16 26 31 64 15 14 9 80 54 26 24 19 57 3 44 17 62 74 91 92 38 56 86 0 39 84 39 33 40 44 60
18 69 19 69 51 88 33 71 31 89 12 98 27 77 39 81 33 73 18 38 3 28 45 29 24 24 71 28 49 64 4 87 66 72 4 61 33 94 37 83 92 82 3 2 5 57 39 47 81 23 86 86 54 81 16 36 75 2 6 37 53 77 1 88 6 5 6 96 25 8 32 96 35 1 7 86 11 37 66 68 94 36 45 73 76 60 26 8 88 9 81 45 56 81 30 86 97 97 74 26
18 83 74 52 94 17 63 73 64 62 29 50 69 52 87 31 60 60 6 21 8 52 10 2 0 90 2 20 47 34 45 54 34 42 89 78 58 84 50 28 37 67 53 84 2 21 72 71 12 27 14 100 25 78 66 4 51 65 79 11 22 77 78 75 22 83 81 95 44 5 82 49 76 45 26 35 54 64 49 67 98 39 39 70 25 26 95 8 16 51 61 45 58 31 95 41 82 28 66 29
31 85 64 81 50 30 92 76 13 11 4 2 6 76 68 68 84 73 5 3 57 96 77 2 82 29 95 58 17 21 20 99 5 69 31 8 75 4 98 14 88 16 22 43 78 63 43 94 28 5 42 18 19 46 61 42 67 77 0 97 6 16 0 22 93 79 95 63 2 72 94 40 87 100 42 13 7 19 30 24 47 49 47 51 21 25 96 20 30 91 95 65 93 38 93 1 88 4 26 17
86 82 44 67 71 3 43 16 18 28 39 21 99 7 44 37 96 62 99 73 58 42 52 63 61 18 90 76 63 79 69 32 3 84 98 10 13 61 16 96 29 68 61 51 78 42 19 49 36 52 50 34 68 21 21 84 9 57 20 88 79 84 0 66 12 17 37 35 16 78 92 58 28 21 100 13 52 42 26 62 100 42 38 10 59 10 17 40 51 33 33 53 89 21 63 85 1 9 72 83
40 92 0 48 60 64 69 8 94 58 74 81 4 16 92 88 67 64 0 85 39 19 31 65 48 81 62 41 76 37 27 39 24 98 32 3 97 19 15 96 21 18 27 44 74 86 2 42 43 70 15 77 85 54 22 79 28 45 82 5 5 93 85 50 69 27 26 63 2 70 73 74 68 64 87 75 88 18 3 29 26 34 69 57 0 93 37 34 24 45 3 41 35 66 100 40 100 57 23 31
40 26 51 64 8 39 52 94 79 13 97 100 9 23 2 87 91 95 37 45 58 49 17 42 17 0 10 53 63 9 54 61 76 14 100 60 60 5 13 39 6 94 41 41 11 68 13 57 89 17 71 43 15 5 66 14 93 50 40 0 9 62 92 1 36 59 31 13 99 31 50 0 92 71 74 92 22 95 95 4 29 98 97 94 7 75 22 41 29 92 68 38 96 1 14 71 33 33 95 71
90 37 97 17 31 95 43 47 58 36 82 29 91 94 5 68 72 82 25 88 42 89 0 68 46 79 31 64 32 82 89 27 40 17 8 3 52 7 52 94 56 72 49 33 16 31 93 23 52 54 58 42 34 35 31 43 1 64 39 33 70 71 68 59 49 9 55 43 13 3 19 11 35 29 18 87 52 52 98 20 7 92 25 41 6 6 65 50 5 99 60 6 73 4 49 86 99 60 19 43
2 69 54 78 69 25 7 61 3 51 0 45 92 46 71 17 55 47 12 6 70 25 73 72 31 69 12 37 80 7 64 95 71 38 63 63 95 5 75 25 62 89 59 11 20 4 63 59 67 16 69 33 37 21 78 3 20 36 11 62 10 76 64 10 85 10 37 74 43 16 94 7 9 29 54 79 50 4 83 30 2 75 36 87 79 19 35 46 44 57 91 22 31 59 12 23 77 33 55 29
75 25 34 2 17 80 41 95 97 48 37 35 84 79 86 58 5 43 47 58 39 52 36 88 94 83 92 11 23 26 86 38 46 36 7 69 20 84 3 31 77 85 54 0 78 95 63 67 19 21 1 61 35 48 7 31 51 58 94 21 77 33 56 49 13 34 32 56 43 40 78 43 2 53 94 23 83 42 86 58 49 14 69 6 76 60 19 45 2 33 43 65 97 56 60 6 8 14 97 14
3 98 52 70 50 3 47 66 7 18 31 18 42 75 41 58 79 42 50 74 34 95 34 15 15 86 37 42 87 16 70 99 92 48 79 53 66 97 89 18 24 2 36 86 8 30 35 20 6 42 40 9 6 87 69 94 87 64 64 16 32 26 32 21 31 36 43 65 22 9 40 53 60 47 65 66 52 77 42 72 22 31 89 16 34 26 3 31 85 54 24 94 53 99 90 46 10 78 20 7
15 92 88 81 53 56 27 37 21 1 54 75 77 11 9 33 87 20 40 36 33 28 89 56 18 77 59 19 10 16 57 32 99 22 83 6 85 37 87 99 24 9 10 45 16 52 58 31 66 31 75 40 77 40 24 55 16 66 50 92 54 30 4 82 94 7 92 35 29 78 15 72 95 18 15 76 80 37 38 41 67 68 7 55 48 16 58 75 89 26 43 78 5 59 41 73 88 71 21 20
