42.4568379269135 44.386312308114
40.7204891014775 55.3994450245951
66.5265779053007 37.3697440611156
45.7115880870842 49.1812310384984
38.9068596660088 45.9533705151394
57.864454345963 65.713529722671
47.3182053295664 50.5665828161907
52.9756364114492 63.8374581781897
66.6657593478123 48.2190991050201
50.9105412131845 51.4218071595966
53.2658541938973 68.9052558970202
42.7918174440805 76.4106005805753
42.8378056605906 83.1899502139245
64.9298993621475 64.7981720537545
41.5782366389235 32.7325288698684
44.9347397586385 47.2672677157808
57.6185045356728 54.5536612539162
55.0871670746436 67.4765614674167
49.595964194833 59.5009738084876
46.7504572122814 44.6338793813018
48.4656115973844 60.7476524014973
53.816971540006 45.9032993462716
46.3732792584744 70.0893346545509
39.2284977131177 59.0142907922133
50.2530926442442 63.285477781999
68.9216261696611 54.8371402990617
65.0631646366027 91.1080676105026
50.1464906292552 52.9399431267039
41.3456471019169 79.4184835615872
49.3665934758122 30.0865406324004
52.2155773235299 63.8296256474655
47.3837032817373 38.8151601776257
46.9449745992957 43.919140869226
57.9583106241942 54.5983263185576
43.2982684211284 42.2836769486187
43.536571712523 64.3666918650679
43.7417867525252 74.3031883861651
40.634044162386 63.7307384242118
37.9424886776096 85.271098169196
47.410102154259 59.1227394220959
27.2479642634699 53.8778640601159
44.9277219006215 54.1724169022093
48.9318111558964 52.4803807463003
40.9940176109987 41.5944410388211
52.6608183827385 64.4366435514818
50.0985075202098 46.4311075860112
58.8873759882581 63.9142020151405
34.503758231799 67.7704949443479
43.6520687825057 53.1309136201454
47.3878632456379 46.32690995203
40.5343873289595 44.3610844716988
43.0242184741811 67.0270078471366
60.6313699656444 45.9479459991093
53.8366881331525 13.4153654272966
42.9002840693552 43.6646416869702
49.3365459782926 53.7389687006404
54.2364350323606 51.242177663832
58.84393213296 31.9054261222022
48.8183704232707 32.8041097614106
44.857677397945 64.3778888140953
46.5926044447572 31.6960721668668
52.0387344148635 43.0905550160518
45.1234416897255 42.9031035177223
55.9775172837001 65.6462698572788
47.5495598297719 68.1792675012852
49.0516734268523 57.965753466818
43.7978301609958 90.1362475587288
58.1011066801458 38.7056452180896
40.9989627643366 19.8849257851164
48.7168200737737 29.0251561761014
55.0290106561052 57.9205475273544
45.744754089986 69.7047828840216
36.775007800997 46.0772767646744
50.9594302748018 47.6197718903282
49.5186188908758 46.6571346956833
38.8115340926595 39.2180747786029
49.9271896488522 43.710927955835
43.3355523979961 53.062064230601
38.5841931963691 46.4185748999285
63.7902312087004 46.0610688020636
51.3963548810933 30.6040250189266
57.5758163578369 54.7031216952638
44.1599231766137 46.354330993298
47.5042842485074 59.7849773074392
46.9516793667477 47.1361894240223
60.6396361049641 38.8895378569645
38.8124651287428 43.0148456513378
46.4130612236287 54.4519924798917
44.4611856593905 34.1044903441895
54.9342698443029 64.3674281751911
46.3029979025904 39.9128260222286
57.9756493776785 64.5295530795431
42.304447781678 29.8981119635624
66.5685110050475 32.3845063219602
37.4543857000789 31.4360429132062
50.1087050812581 54.0575403314827
60.6860435743466 32.133892665954
61.675546862405 35.6703129793421
49.5708653664498 71.0284925575668
60.8795866236223 45.8222764799313
