44.071549920458 54.4710507818391
54.9857612686418 64.7614239821942
52.2332084667778 63.2497950603903
44.5377714335043 44.1294513126951
62.9508980109024 61.8640397180078
55.0025742613027 60.52165905592
55.4210633065508 11.3240554289696
62.0813954276258 50.589798132827
46.0692849976531 76.542503151642
49.9429880406589 55.508314343017
31.6742615614101 80.0209999295766
58.8902121533544 57.7647779296452
48.9285608412178 32.124541715637
65.7309004083384 39.4722013849771
41.1649341872976 43.0848353810909
58.4012599690885 44.5978338501574
40.3362581690883 63.6370632084113
56.5964779069173 34.4257492456695
50.8022632135282 72.2624721668585
35.2406373167932 60.9811696859521
52.3712885537842 61.4950576584614
36.5146590609105 48.9821328903578
52.5790751370415 48.8886876963419
52.6762247398669 47.0458097799414
58.2292244908286 47.67207205367
46.3566740246835 30.8670110769067
52.9546097908045 64.0313645309793
58.6744807021551 56.8928841305154
42.7387999924782 54.1870157508818
50.4075156543829 61.0048300090211
45.0114958543233 47.8248357156456
46.650824741596 38.1361715879051
49.1420839115561 44.3753396840017
47.27794743933 39.8328343796603
62.2190411144734 71.7602547881157
58.5523394811673 40.229649073322
53.963803198266 24.9638189272116
57.1497734467108 37.3459560131323
51.1258318992509 37.8988686003447
54.3076198990464 34.5107423157968
60.6217845791468 31.3733753568875
67.2328606399673 36.3893317684848
41.1314028473676 38.0826586029812
45.7873567378322 35.4295779325283
54.0695894311709 21.788157149056
54.6629977903336 69.694497615918
55.476583588408 22.2110474028652
43.2010209071008 24.0213128676323
41.6991148366091 72.6222571587105
58.089352486935 59.15232983753
47.998024965763 38.1285135577873
46.3594861375236 11.0126897491744
55.484594916736 60.4616658596033
55.2013781540895 52.4529889857223
61.9725349716192 34.7378899931805
72.2810553558218 66.5069278463244
57.7294147142052 54.5333862751866
49.9148581813667 7.44541790836373
62.6272932494397 25.1930128040798
47.2076704489551 53.7491676469387
60.5272886040904 68.8315964652544
53.1416853206464 47.5698584823242
44.3009316239989 47.937121437291
42.3800915721129 39.7899487601682
60.2750873354826 82.2943343878994
45.5207394573957 27.6006164423181
54.5772116247993 50.7200325940912
48.1383907151734 27.6815537431113
53.2211296261237 30.5108803546188
50.4263396143031 27.0296944338048
33.3400977984922 75.978676298746
42.1838225160498 40.2764074411971
44.5699491473492 63.7762179084922
48.84010299747 61.1531047056001
40.5601776254543 59.7481002289752
61.5466712128209 27.8153670496155
47.7571236533959 41.4313118893428
57.606817967865 22.6118623874853
49.7814969319358 28.8330909002362
57.7734533225553 33.0732180323986
50.8413950555906 26.7631502828005
42.5455426811039 63.2852200485852
47.055522513575 58.5864611951718
53.0257711504935 40.342104321146
53.2384981065706 65.0735994483253
49.1792199460889 42.2686304104712
50.7008165979658 24.3974813499866
52.1428359659441 74.3040236738128
46.2214502445347 60.2529826401599
59.8102348952409 32.3395681612495
49.3697528076113 44.4565099340707
53.6767705252966 39.5165347974408
45.8087540119346 56.5871670066217
49.0167276367165 49.7893785971677
44.2836879601915 52.4798617505913
51.4941720985636 46.3449566022128
61.1702854229604 33.500163562044
60.5292611677662 39.1209907102389
49.023329007736 45.2560242794217
47.2426929255367 41.9984624945983
