52.691033167007 57.2265585685104
48.6743838006432 49.3965590183983
64.0717568706899 57.8195307666573
59.244501543946 46.7151945447807
64.1384611033339 59.6783332540411
46.3498894408771 27.8566192992058
51.3016850348431 41.1509611016134
49.5759355211321 33.941611068626
56.8731757338921 56.2847048420255
29.7206533318216 49.8147383767189
45.3964364898518 60.3756785870978
57.6571648685805 -2.93975282920156
45.7476518486047 42.4305745334825
50.0649555966892 35.7336747280285
44.7760512931019 65.1345728825401
59.4626337919559 40.9877999185984
63.9905207258219 12.0330207045909
55.2290824183477 34.827759474426
47.3122383955385 52.1725709818798
47.4979476357246 56.4539579300689
62.0524655282106 58.1083023944199
56.1021539380087 53.6496085024193
56.5519854997712 44.2218048860142
55.3163900882402 50.7306515111993
53.2027833207343 61.931548874398
37.0669286962312 43.960111393359
67.3785646303032 50.0329144177753
60.868370001888 48.5319325877488
43.0809873236956 48.8811975538617
43.5545039298525 53.7552498784123
52.2735633361883 73.8678637292484
39.342972092318 32.8544114849608
49.0371837606776 31.3323415973367
43.6057547630926 33.3680450867662
47.1240862317669 48.9128522286365
46.6327047650338 40.070123876042
42.7261745215002 53.1647791136547
43.8556025424944 52.9098830039516
39.3062136061677 60.8313731034548
50.512857180017 50.8972119986298
60.7397080249531 12.1493041550635
59.638673283833 69.2103383838761
51.7638881276014 67.6254934135437
43.8264418515681 40.8220191230564
46.1491873222095 38.8269847455375
44.9163022802432 73.899973653689
45.3776140871672 38.211933214345
61.9852021934774 60.2893073000947
42.4277736769607 39.7458911004068
44.7372273085416 44.8531938798386
52.3370770681317 64.8507021858446
54.7294885119674 44.7818856231076
63.6975271512225 38.9910819798021
43.6920181613271 48.055700817051
48.9677317473496 58.1850302412165
40.2241219061963 52.9229120791043
51.3593465356873 13.100036686177
55.0918929872605 50.8758489538941
54.5645909565959 15.4832257266348
56.8055795910011 84.1221832558624
52.3985515903476 21.2977360685773
52.4374040902173 80.989380766578
49.3732988585597 75.0450478586703
54.0837092863224 32.5447522526869
32.7237633043546 48.5857846781186
54.523889648536 47.3799844079375
45.4143749687278 27.8229833728067
51.6910181463563 84.5121401477934
48.4633331032114 55.7212075052915
36.9866139950812 35.940579541572
51.4358996460753 64.984772424559
33.339936042061 59.7904066173953
70.6534980491972 63.750074647588
35.5704984985957 39.765350044661
54.2311853143311 49.7566901410269
50.5145848955495 54.0721672110889
30.3250783908371 58.2772388677348
44.4694256708887 59.5910531023587
43.7133490727224 56.0397515695541
50.6160200603088 61.5331690640494
52.8850026885214 60.2569657744806
45.2511359465426 12.4507015188773
45.9828654272517 61.7578829864743
46.6630981795316 53.5426026256173
47.9654478875707 80.343816685298
57.9621160181313 37.7864283922879
31.7518011235807 39.6590287497482
46.0118340482687 42.1396191828417
42.5418773261614 74.1866825079208
56.8560537205941 48.42554236739
37.5369429326805 59.9467119580042
52.4328061002797 53.1593933406152
46.5273674064931 50.3450826777269
46.6407762300413 35.4004539110837
55.2763543131585 56.2665345673889
43.7777775041648 39.5179971903319
63.9747055844821 48.6565266000889
38.0870792029385 45.4454485067364
42.8231660805084 34.5102329761535
53.9715958760697 33.0917496455824
