54.6884867008593 62.0119620652027
57.8968197532803 48.4809972751429
44.9144467336655 51.1092464152526
30.8686900777868 47.0357405815518
55.07733593378 49.3680295862036
54.2229190300108 74.1391171107892
50.6123987479291 71.765431489506
53.723565434753 83.9717207094335
56.3370582431068 63.1809613191797
64.7642014642637 60.9797897907022
42.0593902864395 25.7066436404117
46.8221579236059 81.2114668742032
48.8596813423241 44.7778083519127
55.3092427972035 74.4736469782552
49.2238234259439 58.3587148475934
47.1709267419516 64.7700141580576
45.7877150608742 55.2038008562283
36.1696448886346 38.9712778327761
49.9028379347987 48.4717797493952
47.1980708796768 35.514967517692
51.1733276152146 34.08473686808
34.5209587066672 41.3343932419522
34.8918535864253 17.3291942362507
46.0285972493795 44.6038595574966
56.2875377093195 52.3217866900818
49.3088377133679 32.0053181154342
58.0811854828206 62.1216464526894
55.6301122248053 68.2158019547845
58.2154247896711 70.357917441186
60.2636934511341 52.5710652881534
41.3293101468404 38.8710974909439
50.8871876267646 75.7533197513776
46.8417021854346 52.6917038279446
59.585112264587 62.4730085412505
40.5832194331276 53.5481458665153
47.2850461065395 53.5959730257771
68.5484377569293 43.521512896584
53.6062265180049 46.0630488723967
45.4098346071493 46.6137078116798
42.0932512022484 24.5602274728021
26.8490078113988 55.2564714401697
54.8142629800869 51.4036274793215
48.2885958158484 60.482811757777
52.315714122956 30.4017566825257
42.8887922087494 31.3495897812128
37.072285329973 39.1566997626465
51.0736204680596 24.7245735375912
52.5178594448558 36.5790208209118
43.2117344482906 37.2708708722174
52.4436457770628 22.8677994702644
60.4440403218122 38.9257339088221
48.4996675634694 48.6213719028638
49.0007675783509 31.2951741777605
53.9903727653319 28.5976970340568
52.4445597880525 26.039200785105
56.6795818159932 21.1325059760385
64.6684126417153 47.3981548226221
51.8992518870276 52.5156848967416
42.1652252079995 61.5693617610153
40.544828589911 63.1014829030488
43.8334845644842 39.6300609703128
56.9252097762413 60.5407610468086
55.3510590303917 90.1956258717111
45.8623401492389 45.7063249614651
33.5531211804073 39.4486510602186
38.7966984777352 35.01674603421
70.5935823630707 49.4446466972746
50.1845080177579 43.0170299627525
48.9267740971115 70.1187354315018
48.1674246887106 40.7897160052345
54.6197120875723 45.6471444440852
37.4303223671665 72.2132646330007
46.0513922237044 38.5775955500836
55.2119352664633 39.3016240913243
37.8391009445156 58.5493400872852
50.1959518401672 45.6884919419975
47.6085520622097 39.284375942366
52.3963255435953 74.8465273568184
62.8041674484862 59.3718880803381
52.0788913542087 56.6508410315279
60.2640913128353 30.7200065784319
48.2316559379659 51.2288922126121
51.3834804701308 30.7591929496437
57.371296711043 28.9311780463403
32.4628831654267 83.2845356152555
51.9330655927718 59.5053563140306
42.0866380099304 75.9990058236314
56.0019125247762 14.4525916248533
54.1835784155687 40.7390329308121
50.6840232432825 28.5825283355533
46.1288431582955 53.2594777997838
49.9540345976823 45.5256222654679
55.0307917718206 48.3823682617054
38.2361972143314 42.3273658865097
55.796642624592 73.413986238991
28.7314207846174 16.1932287770725
29.6906691958037 30.951210918353
58.5764327852104 54.6209105477146
43.9342920998205 43.0542585113921
48.3652543359626 38.7046978404643
