54.5971311985286 45.0118668394826
43.1038485168672 43.7371945223451
54.2497403816808 68.6986318516376
52.1703874204778 41.2164904948659
36.8439901205754 36.9628871632087
56.9303193606147 25.3676646401696
45.4391367934429 58.2415096010418
49.749678473733 60.035188922723
56.5157232234006 39.0482944719505
45.6355336236766 60.5042617064439
47.9828742485497 29.0944137354971
53.8609012117324 47.5844215334064
53.3437035424468 57.5158365376146
51.1248248728788 66.6927562026381
42.3365833712267 42.4220892399704
61.1444247469293 36.5880130469897
55.3266475700454 53.9536419206323
60.9986195227111 35.226317597366
50.5207913047991 46.3375596911726
51.8620825907526 21.863805142235
47.7098974812065 32.8061917768921
43.7797424956696 56.4502806937886
54.1603252403078 54.2135601082622
56.9214595652944 30.468704121047
54.4211238549973 44.9733572309817
59.5348601582991 21.4323104948195
45.9325613011922 52.4896458460875
69.0974802820835 59.3950925543701
51.2216976588215 41.3500276172996
50.5447082933801 41.3294824313204
57.5662518925787 51.4782115404293
44.8875661641644 53.6284011824717
39.9104902717839 26.3240469638943
31.5585947354736 70.6599673972818
43.3618475070068 38.6796156598872
46.0981524667459 46.7283298177593
34.6958847640236 22.0320229250947
60.5836891456899 38.0970041092007
51.8343847575662 36.3077745949751
25.2320276535447 45.9520638700168
40.785812682507 33.5825809985688
41.4448639934333 73.2444202995072
48.0534185039416 41.4831100985049
47.5959195154319 38.2849353285249
51.418692492317 24.8353381272129
53.0901314227708 43.6141605887298
37.7493411678827 63.7688554553064
48.7454863105913 40.7735379624555
36.9503165382556 57.1603662352125
48.6348696786065 66.4027960424171
51.9453101352441 19.8683737147892
61.3358200296059 62.0059447479301
53.7127107571611 28.6981427437536
42.2288016907924 43.2712041470593
66.8232093190687 44.8172680822739
54.3667207913094 53.0707550292213
40.8761808492271 17.7830251079633
46.8819658366831 44.0441514147033
50.9493682974902 33.0869052993497
24.1179548548467 43.1300954576757
36.8895426235606 36.7252518267511
49.7911160490963 38.0415337901014
65.8424519341055 59.230653984195
46.0437118936752 41.4090842323022
53.554450652404 13.0295560299942
52.5539164847952 61.5249461907606
50.1057929319375 44.8390915194026
56.9485851956143 50.5784167922339
53.6210657971666 70.4217961627995
50.1455790809355 44.0695901953342
56.2326353929607 71.3553861755528
38.5114394297913 47.1200349253581
59.2262408673051 30.7459722531233
40.0909135424725 58.6713623611048
40.1160025633653 44.876416012809
67.0070512706395 63.2829891207604
45.5118025288638 23.1416774181196
56.5165495838763 36.8198384928717
45.4239867079103 30.5277075662177
47.264777672233 56.0567439000363
50.2382283718126 44.2617336102737
43.7703103795783 54.0693819141917
52.1771048760444 51.2756765433248
57.060406705383 36.0894258338531
56.8440100631421 22.1846430484599
49.92291256274 75.2103763766722
41.2995341077803 35.9114123948001
45.0939107617024 54.2064832375535
39.6522830180823 76.966568164219
51.9643653458786 76.9511568965575
50.272161305707 58.8780059628837
57.4937116760946 30.1039374294408
64.583631003363 41.8567898050651
54.0472291933773 54.4859366777248
47.0853383168276 55.9236025709801
58.8229873525492 41.4364189861082
39.713007982166 66.1896567865246
46.451061540621 40.7684688027275
48.0260187271668 65.0414450641979
46.9929158702818 31.5809678825869
