50.6291804004756 68.9754544245491
56.1453846522091 26.3349535266817
51.4601183677101 58.1476858384802
60.432809933481 53.7543546435922
59.0164902049113 84.6136496305673
59.8002375189615 59.9497817859784
62.3737782538862 71.9930585797346
47.1388259604856 35.3575055714576
59.0138909329462 45.2302071460679
44.4738013683001 49.2685752744215
42.2407031514245 37.8679114004561
43.4142700441272 25.3518076561799
51.8711836272581 20.4152668698234
59.234620735305 37.394173384334
55.8086483437756 43.8196897882098
33.1848285459166 38.9870748353865
52.5300338676762 26.065811521218
58.087538303703 58.7381475504812
39.2849558100292 67.0925932330569
52.1823195701512 67.4688789171499
56.5999181372152 66.4944203787587
60.5618949962565 53.0261578740661
56.6134270015581 53.0363122624906
52.7444691052001 39.4653324947793
59.8853822686695 42.0230197170847
57.2414414759509 63.1799327180466
46.2101847095816 76.5811405933083
46.6188872195148 75.0068165720474
28.5335595607342 48.006054126016
55.3853965982849 60.0722736285389
37.8827592858565 24.7789206789825
60.3944655198513 72.1996029078673
40.979255634149 38.9227679916902
35.5203655938022 72.8290205266807
48.8958310820777 49.1552857594146
51.6215466149028 21.1619870272027
39.0002501655185 54.1937035582833
56.3328128197374 64.7058169947902
34.2965359549699 61.3997230550376
63.5036826183794 56.5586889341482
41.888766868699 40.0804273937843
47.3122030980599 27.5407346370662
56.3178637807878 74.5615609088848
47.9903440826022 50.7835751535535
53.6072988782563 69.266409397851
55.9097334861697 46.4562331535987
41.2282728831098 61.139125230282
48.4239489226048 52.2736976578512
49.0608046552086 54.1904929833426
51.8407776531069 98.2107884300958
60.7020234782629 49.8809687726034
37.3680627040655 48.2486760597112
35.014718930121 30.3094458102249
61.0709761252765 55.7923264874028
50.0468581579463 42.0032232296761
55.8630493940836 74.2822442446345
48.8072290123004 55.797291524391
44.3293908882641 29.6980224850975
57.782729840474 32.5196369118928
45.8295027678494 47.9218554542369
36.55772437258 40.4587987888888
49.9118523544271 36.2394677353812
44.2475526030208 48.2007712779335
34.3849154944258 33.3057074950302
45.6633744136686 66.5684676236111
58.2791164829927 2.8224906829486
49.1383638700056 70.5395584975598
52.4633077048682 42.2384713236473
52.1458702991649 33.92805341252
48.3339037814677 44.0167297090576
48.3771010921573 48.2763926441499
56.1188574861664 68.3297488678744
47.0513176243811 45.9548914107464
54.2804058591054 72.4283664869351
38.5626625111672 42.4547826308353
48.3494825866491 43.931371013828
40.7625705518815 38.0698003636369
68.320301547487 46.0715253426476
50.2086012408089 51.4782466582013
44.8157447247814 26.9534162755825
31.0617674610497 60.4624781273863
47.3290558694 49.2136945901599
60.3230538192071 46.1264919614389
45.4336920255039 69.9977616970614
43.708584507659 62.2251455755915
54.3152915594472 64.6726021467805
45.414780673614 57.9019828170368
56.0692785894531 52.0908203543808
47.3345476636376 84.8575578941946
41.8991385322668 40.8081581906045
53.3284436405666 45.5871843463179
41.5377662805761 58.8981558936063
47.9475486827673 46.9932820584128
47.1322510498768 60.7067753062322
52.5616352750828 51.1948789277027
48.3947841332696 38.839244057869
54.5552890523145 51.0325173685027
35.8754905082779 40.4526316942855
55.0046373760219 29.3977962961021
42.6053452040121 71.1297886434209
