51.5684064826049 22.6439948312361
65.4301015659934 90.6303280641689
41.5148305873332 65.1785630156072
53.6599325359701 38.14325917091
57.4400921088145 37.9836109155049
47.7469284381829 39.9597901528605
45.1348636781362 27.266846053632
58.2771219241986 63.2414093118529
42.8389935519749 22.6407249677477
56.1624445137561 31.835974913982
43.8632716266727 73.1312272762247
57.8450858742283 63.1255390844461
56.3848865096951 38.1186560324294
44.3106171469592 53.7759953363624
58.9598766039757 34.5777414610562
53.4725977506439 42.4683622049355
76.5197367247551 88.1383996194867
42.9596921888653 54.1895447092641
49.7335029965742 42.218973790047
46.1419916809708 39.5625639849355
53.9149388642597 29.9408086023775
45.630796955902 59.9035477872855
50.3915338222243 41.0481174083898
59.3779649868536 99.3991892026578
47.2484203173324 44.7919426221496
48.5561076099881 61.1717402876905
33.0319599185384 32.1279345825895
59.7760882054668 83.3851326710078
52.1889407622262 27.2433508973516
40.5838273965986 29.1129319270506
42.8889477161368 37.0700836889297
35.6641267909402 77.1687301283455
67.4322910011879 45.8850751620572
68.0034469483485 32.2582569629289
62.0944760671322 52.2350473583822
54.8367093628024 39.9831502429195
56.0961224440616 71.0887321354666
60.0174725141229 38.2755172936085
43.0530731078637 40.7442510908865
43.6569320113748 45.1335576657376
51.9398005180369 43.0031143300155
36.5112647002932 39.1638828409498
45.9707565669611 41.5378381103704
44.499983181523 36.5940032735227
47.8577168999256 29.2550645578569
62.2569664760763 44.2860749353971
44.9665227399372 51.7687925046315
41.511917645452 62.1326623058484
46.3968035906419 49.4149636960151
53.6970700442897 53.5524589643472
51.6792105856192 54.001387789115
60.7827818600658 91.6847994450249
50.5013086853599 88.0977181001235
43.2171820146103 49.7617181388947
58.4461777766445 51.0405148907419
55.37736631604 61.2858407884098
54.0434771000648 40.0839008626188
54.6927562642593 57.4185623327049
37.4696928127431 27.2547462794143
49.0284326892335 83.157336366533
47.9385893202686 57.8687901888417
41.0330521695364 32.3162048380716
47.5438390599607 50.242592536108
44.9383145703812 16.8139268678549
51.5218393284632 32.4646471375649
40.994927972654 55.7435895721819
56.3776647126931 26.053357049963
44.4364479349202 56.983217231041
48.5202451264535 60.3997335174634
55.0358469779615 48.0493894218653
46.8011252290729 47.8710848567151
65.9057732904304 55.5713701725607
31.4161566722337 33.8161196322965
53.0155795069391 22.8007699853572
53.2856173235317 57.6318366850727
49.9854239967051 46.271129168433
54.9313515653551 67.4051938604455
68.1632933223254 45.2725589830684
39.8851505293162 35.1537756859924
53.733163534806 73.3259967952872
57.9906507906109 31.0015740276908
29.1768038036066 53.6131426190992
44.5330296586096 44.4725072785881
53.027043453643 92.4024261028338
49.5252008573888 46.6877273727662
42.3513251196296 35.8054351755875
63.4975622241532 9.32659341739906
57.4413196255291 44.3887302419548
41.6756545381534 46.1304171099756
47.4770247376225 78.2208143557237
56.6885469734571 17.5692371117925
39.4785295686701 66.2498109556803
45.0825082962304 24.6600905741279
43.3141667156739 58.0513113392259
40.4417376824488 26.9612637936845
55.6812832017981 62.4636234640181
37.6157562619658 39.4910484887781
49.1853653703742 42.7312463221885
62.4438689660421 53.3452447150029
52.8779334825398 42.2079463542142
