37.138367341066 72.4649917463383
61.3176716406119 61.0341190736762
49.0061677136482 56.6151696514691
43.2986428147341 48.4014450741237
58.5534299591746 62.5203297334404
67.5447129802752 45.5484942098064
54.5461281164384 42.3268161143615
44.7287621905733 22.3636663006189
48.7607523039689 52.789338374648
36.9513072108544 41.3431874076562
58.6425722249302 73.4481006233127
50.9570564379499 14.6205260768699
59.5508274836482 46.5550268148244
55.3682134214309 49.4548823082879
54.9089066165791 62.8959923918545
52.1394196278236 48.5031887697859
37.619383203025 35.0997237690766
62.5353444893807 56.8357631687182
46.6950319840282 49.4012810313186
61.5791794188099 53.7153740899756
53.6570359379373 23.4449403668045
29.1275620163837 29.161087915711
45.0886933686343 24.4334193979405
50.1292591432735 64.2328299018308
43.3648825991363 40.8187300387029
58.195235705977 38.376981198875
48.4030106075929 55.6488176005193
59.3007325654935 79.2639509884998
53.056459739073 38.0107517690775
61.5816297963968 62.6510481859299
44.7618027053886 46.5760092742015
63.8136581665629 20.336020210057
51.8019293386257 43.1691963243695
22.5446056255142 29.5863145487612
43.9535424620766 27.3024762627936
45.8901871625587 56.580703633311
49.292338941047 30.6845361678156
47.9723602236486 35.1019928204161
36.5078970391133 29.5705760855329
46.6738745289441 46.2929315316614
47.3868953235985 61.6914509455333
59.4219742885201 48.0699262254903
48.811200194275 50.8084178560082
49.8867932618966 82.1809844650117
49.3065843728239 66.7033488842408
59.6616047503724 71.7813930903183
53.9286190498459 70.8897422688104
60.7322981422962 32.7801734246927
35.1760706811109 81.0451119299898
49.6360796574127 64.66101354672
45.340721667647 56.919741013388
47.8055761034848 76.6585753154557
50.793968329526 49.4377556336135
53.966371633417 48.8207422747863
52.3032957763358 35.8211006434909
59.0845626174568 42.3646291718208
59.5064205004258 18.0775680973166
53.4234915567455 65.2498606571914
39.5397473951441 44.7082626196481
49.0500870786242 59.6314102201141
56.938849326348 42.0596840256723
59.752823058707 84.7605283942471
41.4284270833045 46.8689907920055
49.0401779896682 57.0335461850875
45.4150719642358 51.5215906531509
41.4390364110259 53.1285647165198
49.1855376671107 44.3487411028721
53.2684166980929 71.7011493552759
47.1551656833569 40.7010088890251
49.7061119653536 58.3912508139881
67.6869354409089 34.9878917781982
62.4422190179023 66.1991007760523
55.3031136262136 45.5086911648524
38.3551116140889 58.2710581615904
42.9800118048069 37.3483110316588
59.2129289912385 31.1063322699022
53.5461849854003 51.4563711238713
52.7153855380647 48.1172423903109
48.8127489898219 45.0607545472185
54.1104904476531 55.3696720729288
30.9044678881882 54.1050165119025
51.0809209490032 31.1366450422776
42.1252055417253 38.8437421093992
53.3696398405344 58.9815118918968
40.8405461485035 39.8234093746581
50.1642377140559 23.7851632688993
55.5093732009265 55.1076858530966
28.394310300082 56.59113285999
44.0542638066312 15.3370976046148
55.4376440665419 48.1273279068462
53.2607898845594 68.6764409441274
51.5646046079713 30.1412578814021
40.5315670825872 24.7861488528429
45.0040996362521 15.8959412844963
38.9467648686134 25.2615179766216
44.6616907465357 41.2951362017003
49.2343935735489 52.3070417104938
54.023774049976 76.9189112510223
57.4895993504451 94.1634313125503
53.5211872441556 49.6490962291405
