61.7820089666505 47.372622015751
40.4436992105946 19.5824531840687
52.7799125640642 54.0204107953621
52.6021322169442 34.7635036103369
36.8528009674691 42.1467981740711
49.24017400379 61.6244834964339
51.2985390291533 57.3575307268918
57.5352982072361 38.3618859823678
48.882173102737 49.5627974438551
34.9172768151982 58.5624020212307
54.9481368730053 64.2838316672829
44.4799029444572 40.8618517371319
54.4492250699358 34.5984465774684
50.8232009730573 32.5839874448477
42.740191998889 49.9775756338567
53.4796635266498 14.3856263300337
51.7023840465589 47.8535713931291
59.9117654900879 56.4083463709095
42.868959384859 54.2008457347405
42.6652438428955 53.0858836389515
56.7146850777533 57.0416714001315
52.2723549678272 35.2933669558923
56.9528461675427 27.1841299354695
53.1837418293765 16.5164052861513
59.0129666741678 27.6840198352688
59.7786307619194 45.7360744466115
53.4819557368008 55.9896785639344
56.4385788041782 58.4660525810127
48.6220715178811 28.39001182116
49.7563226652396 63.375312724514
53.9499075634151 54.4610338797211
41.5949023623121 62.2270399145242
51.4345775940939 41.9120500503803
58.8240461449041 71.2163653203787
50.4804429254124 36.3583970093763
57.1652637315144 27.5726669709059
40.8962972275067 55.619740135572
59.9586788173113 50.2483386855668
56.5617386623558 21.7219827409814
46.4706958017916 41.4082352538911
50.5254727084253 83.3928092135616
60.0647104245406 78.6002765921099
43.0986207384572 74.3934786434155
62.1410545736039 31.3422263662574
42.5169191145658 53.7645344011172
42.937587567781 54.3716003144356
57.8237407409003 79.8303723817146
61.8368312806639 41.8021929959397
54.1560156962563 45.4049161625639
64.3693532597591 35.2097231995354
56.1459191153537 43.5927067897687
46.8952579963679 44.0670648444664
45.6127269582277 67.2400000150195
43.2627560597552 83.2032709802412
60.8321611608744 42.0381102420627
40.9193343492191 38.3184738554703
53.2917515435659 26.4498134119505
53.6572584939785 37.7320328197035
44.8848319716005 78.9625477346788
53.2374219468972 47.4046571716683
43.5696706161755 38.7050710283499
51.2849024463517 50.376131298277
50.6834371041176 41.9439083251994
49.3113395923957 42.5594410886647
42.1302942881471 3.98298524830062
52.1154124889816 104.267277279031
52.1254974928095 41.6564864983507
52.5487721348864 58.3551361675152
43.3251554164869 56.7010484986728
62.425212422016 33.8757358352215
62.15439806262 46.534399913175
49.3760773843733 21.2893199273951
63.6235394586978 20.0891041300107
52.817394316845 14.7160368347951
50.5206282117541 40.0105024101143
44.8564483872891 42.5640038277681
45.8980003728063 44.4947370481986
52.1032309132075 38.2130252329994
41.7870066825397 39.769368258403
55.5236617337706 42.1347125307222
45.9860104822849 36.2135091935998
46.7933320890322 21.0908376362507
38.8858064245346 27.4795955076242
57.8421495095875 22.4635891006048
33.2276050143275 45.576772407963
36.0784096001641 72.2746160369692
42.3022197873497 71.212316694651
44.4328998753154 62.6600158429141
56.7280183149953 63.5164496013301
48.6558998465392 51.2617477974678
47.055820206981 9.60361410014877
51.0144977110037 43.7330796528695
52.5985251437981 42.7829929263929
49.2272976106921 61.6816807542958
41.3619854867275 46.8554062579066
64.5885392857052 29.5173756497898
51.6321007277241 68.9410546482389
53.3322100717927 37.6291550598753
47.0063499737065 35.3080511456482
47.3770134083831 40.2762648851854
