73.0896926288713 54.6909398042766
36.2033033155022 59.3463837837314
54.8453767172944 47.3254813078671
32.6415434960228 69.5485986937791
52.3638326332101 67.6395746269699
34.0645116833349 56.7050663544316
51.5564810097573 57.2408897063375
40.6538408705742 39.6191617469501
59.502072237177 22.1317616100141
45.8587775458931 59.6305260232228
58.3563674807991 47.0566493155586
40.8386681814226 58.9168257347942
41.900822144436 52.1833576147806
56.3821551891599 42.4358249223562
51.4194348746412 43.4788164419188
47.057703141823 39.4614802676249
48.0609336215833 84.0922807876773
55.9580676643821 35.7829694458167
59.3365696053435 66.9569645377135
56.5193630319848 53.5078400948074
64.0355310965107 76.6679346905542
44.5004280405572 68.1421559379366
47.0553907636186 36.5220329899859
35.1152383925522 41.7848164179815
43.0404478572635 47.7725839921695
48.2059854216718 54.1349174288228
56.3111426324525 78.6008605812951
66.2990449629833 35.8881487193767
47.1432258884618 51.3669494248702
63.8898936924509 48.9943757965764
56.6644859341632 55.1837334204929
54.052458543578 5.32463231189285
53.3237519006381 -10.5364070998593
52.0325565608051 45.4723028446757
47.1247671133361 47.0887827307838
62.3323081694958 49.1775387985306
48.9643870329183 24.51891663579
51.0433345121322 45.3240966096615
49.0752162252544 36.9421531017945
56.6299083415567 42.7153729745313
49.5449022889841 20.6706318544366
61.8797725709553 38.9045176280029
48.2194590549466 50.089169013118
58.5840596721021 42.1794104430843
44.2334825099436 32.6687703441734
69.4525673282712 41.7693077404174
61.2875996032911 42.3026791318002
58.832469527394 49.9213159241577
45.7511347241236 45.5050603031725
61.356697022569 63.5810360124371
49.7792666057053 17.7979374242658
47.5211790345606 54.2983397812336
43.6259674638685 37.5668747848296
60.066973118523 59.7005166003072
46.6876053420857 59.8844361676801
50.7820954604585 57.128526356495
48.0039367082903 35.0686924302356
53.7569344808954 52.7993769502072
64.0441702950768 32.3876725115551
62.5616305713851 39.060575733881
55.3476303410517 51.7242789635507
61.2705155536668 41.8221433072411
56.0847288173105 71.7527213928406
55.9014967199486 55.93666989314
48.4034199974258 81.8817529937106
52.0084045873091 57.708986938888
42.8988656452926 54.2444039521113
38.4845403201938 15.3058357835873
61.1291749430564 60.1183769568533
41.6043532089552 36.7964156738737
56.4780204140967 64.4253809086271
45.4623192570547 67.6968830709432
50.3213186918105 60.8932187935487
48.0178488777065 42.3111914984869
47.147298593113 58.1472110985934
64.3446793283413 28.9812232480629
56.0446865950528 74.3936219798514
57.9531264323469 46.6400678198466
44.3062772974762 77.5289888790739
59.7457642749801 55.5512810548911
43.291427615865 49.7637735462321
50.9013318802755 29.9038268671924
35.7670056786887 73.8749520722146
45.4934928989598 41.5505394429122
55.9305505859635 49.0258316625221
47.7707842523087 49.0079638950748
48.8369108930625 43.0489384476108
54.2998292389836 65.6724549615357
46.078228279919 54.8636925333863
59.8866771793717 40.3830009965957
51.2260621593765 50.570879160864
28.6375108841031 59.7001104988356
53.0234845059162 51.3134164249264
58.1178673095931 31.6618465133923
54.2627889184292 57.6297374377165
50.8902319276478 74.6883567454356
58.8190095647129 21.6156398457659
29.6939041415859 37.0057677729397
63.4173721544896 42.4737125533564
41.7090147698642 87.848904743248
