49.1938632455098 50.0461715648357
49.8872337413185 49.9910538015403
50.0186304571087 52.257878418077
50.1830123650531 49.4855544930096
50.2328377746249 48.5963594552196
49.4285885517349 48.4654549448965
48.2365106073693 50.541993915485
49.3518790284698 51.0912621003534
49.728773655832 51.5969699416522
49.5534609048196 50.9383944150301
48.1924439050207 49.2800955367945
50.0636179070875 50.3764476720088
49.3420658941152 51.283927519263
50.4488639348937 50.5475905112465
51.2385867221801 49.9416463314118
49.7544540506198 50.3671216494453
48.9486093110043 48.6663326565826
48.7553910172064 50.8943255190201
49.5049751848488 49.6044839739819
50.5347359240061 49.1613835549044
49.0001093327257 49.4687323204293
49.9178755747537 49.8406744678385
51.3954934365383 49.4414754952611
49.0635950558356 50.5722555003244
49.509184304735 50.2607724021719
50.5552895802434 50.7129706063086
50.6190827347583 49.544726617811
48.7947886149104 50.4950805245426
49.5999388273798 48.9682247789324
51.5980145443952 50.2926182584528
50.0993256817694 49.0842289181012
49.3107599321395 50.6808226652991
48.7814683368468 52.3483799074482
49.5719993808872 49.0540656704027
49.869738753262 49.7281712896161
50.1635374458685 50.1865602978409
49.885477189179 50.8407685464605
49.4106588009339 49.5806126848524
50.7073683679647 50.596481139351
49.7858463103882 49.0215296851437
50.2364893361965 49.2778972253935
52.0026039480392 50.9319383450674
50.3222310215883 48.9245949131697
51.5169311004762 49.4824217642718
50.1654736415356 50.3953722265199
48.7906244404017 51.2265737180891
48.9377680738968 49.9385386557205
50.3654464761755 49.3107948388725
48.3547284571286 50.3738364704115
50.7860726927647 50.7566943430554
50.5218163936054 49.3514931499191
51.48968793523 49.4746463119297
49.3521170355762 50.3160357071133
50.5962253965485 51.707130660842
50.0734816041508 51.0285167891486
50.0592938413273 49.8775679406201
49.4171083053811 50.1795262929614
49.2886438286744 49.9258802844017
48.3234281892202 49.0421660081219
50.4919150281487 50.132489233325
49.6154595868944 50.935532324215
49.8320506340257 49.0126934292663
50.1001313675428 49.9316808756565
51.3887467696513 49.6087607966558
49.3908686511147 49.8141179095239
49.7597974629397 49.5310225373427
48.7268651487285 50.2366631851526
51.083121118495 51.9164707324093
50.9553894989367 47.8261653744449
48.888486295313 47.415910174765
49.2949276489638 49.3940881971791
49.2114028877813 49.8951187692604
48.6260565009625 50.6970150053979
48.8367837799852 50.4743858557971
50.344485169378 49.1189575132365
49.4143677205098 50.8404912958742
48.7607809263617 50.4577043534173
47.9932298552147 47.8861906688341
51.023385452715 50.6045907782113
50.0853804998065 50.321562424386
49.8608223679294 50.1624898343101
51.3140265422601 50.6536369743562
50.5105398599181 51.5506388011996
51.1895782568808 50.4144945647432
50.4878360451162 50.0959275605992
50.3732877874347 50.646500082952
50.4276117520994 49.5663335304172
49.2235364009537 51.4172866609775
49.7714040166773 48.9394585034346
49.6989992123488 51.6708114099313
48.9681164125184 49.4943803566683
47.5505782835663 50.9322118231379
49.8738677170631 49.8066020903895
49.7778289421189 51.4470677065125
51.772286506195 51.6684150829073
47.8461276960425 49.7416525999995
48.5693998381595 50.9282616554354
49.2542793534803 48.8278233177652
49.7119549267434 49.2354194822051
49.772774633348 49.7478015718058
