49.6744157458145 50.290926271578
50.8549168655822 50.3615646432195
47.0763721279376 49.6195270952319
52.9817398120416 49.5431683952042
51.9615449248484 51.1906600300634
48.6629259361253 51.4290268667238
50.0774172660308 49.9201264519135
49.9823555303526 50.9037688784285
50.3697023146597 48.8554063201712
51.5750256799463 49.7454052927981
50.2305288443062 49.9728855966465
51.1070086515743 52.1591209738169
50.7477900209524 51.4359402463259
48.7642960435785 49.941385962397
50.0445032881687 50.3895242871759
51.506016955649 52.077023252299
48.6787196623218 49.4163704418911
51.7236304598481 49.7349137948492
50.5794027220963 48.9489601729719
48.9033140104018 48.5082425484758
50.3172368785681 49.0962560379401
50.615552966698 51.8614286991985
50.10178004751 50.3137247322923
50.020617430766 51.6006987964898
50.923026062757 49.6205893695838
49.6830814843356 50.9440697275803
49.4314282632885 49.5978213586193
51.9354477604809 49.4320273409816
50.3665026595917 49.2445432667744
51.8221680776688 49.9111209238639
49.1281866505703 49.4933976463347
48.1920496118919 49.9705211163107
49.071378987241 48.2432826576679
49.2299454341116 47.4860696886971
51.4075379432705 50.3411702821103
50.3699196514542 49.7655534487799
50.9049554082269 48.3350542338259
49.6358333828829 49.6160995292758
51.1964737095969 49.997754290133
49.1322631747141 51.5786813730236
48.3969369849419 48.4759799950437
50.7169927249867 49.1449176817852
49.9639714120139 50.4124254170203
51.2647206496332 49.5329428719096
51.1199727134094 49.6129590818268
50.1919477774265 50.247347298047
48.7114700089968 50.5443926612581
51.5931072915986 51.0927910092782
49.2037609643058 50.1697363703129
49.4542336802645 49.5918090283355
48.8176695808871 50.0442643146119
50.8441289607602 50.2164037886272
47.7922872395659 49.2954666611182
52.0810829614955 49.8185743769951
52.0378138982994 50.3948684867723
49.643751539635 49.6328352714174
51.0442815842872 49.6731345036697
47.8026600128465 49.6365375982198
49.5618680710394 49.6591029739137
51.9341206930285 50.000847981689
48.1237181274538 50.8315506280278
49.4541365878108 50.2090353723331
49.3215191975336 48.868304814807
47.7982808979962 48.9858439781155
51.9100965210978 49.9201490808426
49.889039723158 50.5767366228177
50.684598660733 51.0132626031444
49.5264478407535 49.9513947210727
50.7409325454365 48.8332867661049
49.7286336119377 49.1628169667241
51.0512372457399 49.5112074561168
50.7420170486479 49.5419590407281
50.0362613984715 49.9136125254624
48.7923781509925 49.3814277062599
51.1144247811194 49.764442343263
51.1134418716641 49.9147367333651
50.9389439350604 48.8760621285177
49.9939256933758 50.8652433349599
48.7111960605978 49.8301860682178
51.8837795035687 49.1935523988973
49.6227832653811 50.1020523303486
49.4139271643499 51.6220905047102
51.2119649250706 49.8391446631461
49.696556580717 49.6356224060364
51.243680482295 51.3448984129379
50.082423839535 49.8561856083253
49.9013120380858 48.636779323532
51.5786371946746 50.7576582872043
48.3644817994563 50.6079321850311
50.5116697222296 49.0497984387869
49.9870888632658 51.6795674517302
50.0138515606051 51.1144303714177
50.5438908870719 50.1363460594524
48.9904985185179 50.2691501306586
52.0374068701398 51.0631095082194
51.0826532290142 50.6090612160461
50.8952575563259 50.1837129129862
50.573428984106 51.0714692970106
50.1160014129187 49.6987283978908
49.4073377411436 50.1538509520478
