50.7972632827019 48.7811694266629
49.3385338810678 49.4115770756613
49.5239494092278 50.4436496491379
48.8979611754899 49.8183507422634
51.53294471153 50.7318169977079
50.5617901767605 50.7734417152539
49.8960603831781 49.0100641679217
50.2536431390519 49.2736495679423
50.4336319038336 51.2609111688597
49.3622970878019 51.2013292968659
48.2781086418849 48.7812726380487
47.6834422763067 50.2749833886471
49.3094069168273 48.8651547544486
47.9693369566412 50.6925449059085
50.1542376022891 50.4742473805353
49.9830079676717 49.9272262576178
49.1768068759258 49.3646510635781
48.9002302392393 51.3002360654029
49.4288264708177 50.9630671596686
50.3031248506837 49.2389197604943
50.749849257555 50.0332582194738
48.6962449805259 50.9076480592082
49.1074793448722 48.8673091224805
49.9897777133169 50.319357652455
51.1213378711352 50.2092845687826
50.6556656082641 52.6936447425168
49.8519487854752 50.9519036764097
50.8714375395574 49.1484225371863
49.9419543812567 50.6619584408303
49.8675588989771 47.9890331338296
50.7056568230659 49.2685139688832
49.0360807620224 49.1703625901578
49.0899819024671 49.3463759844453
50.6671599173535 49.9389403749403
49.1497904076945 49.7359263811765
49.5510567629743 49.7234441239086
50.8451386592522 50.8701517223219
51.1122256521137 50.9021523399617
49.5862457576937 48.7600629833468
49.2389000367706 49.1292657550839
48.4331877556141 51.0256863864948
50.734729139718 51.7161476434399
48.0462083879858 49.6432942170019
51.0041744100082 52.3259419046132
49.8860088121419 50.3307057255914
49.6388725815897 50.9973857540935
50.3305130526241 50.7962782932576
50.9273619167945 49.6702737746735
51.0409400708943 50.5063527637914
50.9861728428599 50.5765317769935
52.5594109253331 49.5071843753424
50.158997380051 49.2394531735752
50.0959948272313 49.126132346997
50.5392336793184 49.4192196611652
48.9352883700923 51.5999265001413
49.650113792452 49.589930510845
48.6961045368331 48.9152624233815
50.6047737701769 49.2573479376959
48.6361276470919 51.761252044024
50.6828992208193 48.9567909313462
49.5109088918133 49.7684510384446
49.6635577416888 50.3964042461098
49.221425060945 49.8068750946365
49.3728636439879 51.4781814477309
49.1051432850454 51.7132953232542
49.0773648867227 49.8222889794169
48.6501239573901 49.1810594888252
48.828827931364 51.1522240949291
49.8451043199159 50.7934811907624
51.7809877086499 50.0909429094494
49.6103584662175 49.7725531909213
51.1479726165294 49.1714722797777
49.940467562815 49.6717491940333
50.0807371568844 49.7662975231545
49.8417315121699 49.4426430172847
48.4745244421735 49.4784433471412
50.6500271988496 51.7837242002877
49.6384126876675 51.037177964055
49.9005491779598 48.6753452767679
48.8290099156193 49.9266367255588
48.8483136256924 50.459368326402
50.1742000227277 50.8340570990957
49.9393894177733 50.2728121649525
49.8830874467358 51.221738537367
49.6567661454162 49.1806040287128
50.4705770108939 50.2005212710852
49.1287427273096 50.3217487114684
49.9080532036607 50.0948763072632
49.5552736184621 49.5038662168368
48.7626820094181 49.8232132732713
50.3939591687138 49.562392743668
50.811698178214 50.1856411356195
51.4367058250038 49.9961495089523
50.6064516287555 49.9314170801649
50.2932229807596 49.1743549187699
49.8786125761199 50.7004105597532
49.1701462672657 50.6450177403351
51.5899039603502 49.9531648742181
48.0338526085965 49.0274878836214
52.1591174986567 50.5771040883435
