50.0052644490674 51.4572345959454
49.7779729508296 49.6511081987424
50.4130547011399 50.1524078056396
50.5476480499149 49.607381740801
50.7232105629634 49.9242828342289
48.0302458122345 51.0723076905521
49.9932543848679 48.4586220478283
48.3791255328111 47.8124499068625
50.3685656034038 49.6913605009297
51.1230431474849 50.5276532801954
49.3413991687077 48.3847423585902
51.2296797545861 49.3608985818022
48.3288105664783 49.8012077048829
50.1616496806515 49.3740882310918
48.6992355979924 50.8519441580412
50.8147980187864 50.1310573625544
49.0504096972969 49.504632028806
50.3579956272702 50.5261904688427
49.7965206112169 47.7763074904655
49.5488543710387 49.8302445886966
49.8744906663412 49.5801458272068
50.5739044467285 48.2504784407775
51.5504074437882 50.0437519784155
48.8079171437748 49.5872967305515
49.5144837587504 49.0811227990896
50.1852774816178 48.607635877902
49.5112613412632 49.6686042908233
52.0627053026415 52.1897092468161
48.7376052484422 50.3329926909933
49.9179061049611 49.8385489769113
48.9745639640555 49.8115736949982
48.5785916207942 50.1761552227891
50.6152524240842 50.296718632024
51.7304037261654 49.3693865475073
50.1885769069918 50.0263698789443
50.9941540142283 52.0445246019383
50.3532245280105 49.3879251678155
50.3045960214126 49.8730397588962
51.3605993803082 49.6311491217862
49.5658203492584 50.6988086406442
48.3452962586015 48.6100575812489
49.4968091738693 51.9623722390156
50.3441836795804 49.5577716029965
47.2670327858606 48.9884540601608
50.8990594670226 50.5086694340535
47.779351228585 48.9661797142673
51.4628571471504 49.2158774232925
50.0433140040309 51.2985983287994
50.9064523181443 49.6627461280666
49.1140133721057 49.0291634666932
50.8276948979777 50.210337437136
49.8608983835585 51.4631849993424
49.3487596908876 52.4738395277535
49.7823796637602 48.2217684354578
49.2339039664616 48.9121915704404
49.7763062095206 49.6957991662112
50.1331167896189 49.680753733417
50.0532456509891 50.733312389319
48.8909416513824 50.223164993068
51.1990609467269 49.1149317130638
49.6248638219317 49.4080278014507
49.2686680550834 50.9193248369742
49.9284920796001 51.4576415547518
50.9475921605086 47.9978761473672
48.7432419227917 50.4187703519568
49.8343318788089 48.1698790261731
52.0925251062712 51.6009899648955
50.1718576179068 52.0266869092629
50.5136375946218 50.6793000174434
50.3081970702663 50.1056280380424
50.4927018898262 51.8509944416446
50.9127829278266 50.859528425411
49.222349766323 50.517075117852
49.5392611157567 51.0896106956841
50.4027762270263 49.2291361730334
51.4392832210804 48.990176457336
50.6451288200262 51.7959804560127
51.170880567302 49.777947500011
49.6090170063015 50.0637391821444
51.1917065356232 50.7786559430749
50.1690818671813 50.7657174433082
49.9535426248668 50.3039849522233
50.2315500993033 48.4991693019442
50.4761041563171 48.8827798108801
49.5391860543692 49.6752964279521
51.3494128850692 48.1397288432055
51.5163388422474 50.9564088408951
48.5111143944966 49.4071227540477
49.6049913846662 50.1710100115741
50.6055849787665 50.0651514711187
48.576954000407 50.1799123733541
50.5171356181557 50.1413482667857
49.6305390767661 49.6507431160059
49.9412662403544 49.9674172187806
49.941467667553 50.6008618996074
52.1428822604068 49.5236529934367
49.9660422322507 51.2987403147178
50.3532260173461 50.3403719049968
50.1720403475262 50.7780394989592
51.042771816983 52.4149322249938
