49.9695936386192 48.8025258545901
51.5795085646486 51.3955886973705
48.402971301825 49.1431838146356
50.9650843988264 50.7323409614059
50.5118878519812 50.6561513923525
50.5508851434396 51.802883060632
49.8967367496542 49.0875854837048
51.2680963344798 48.2732596793137
49.7909860910108 48.9314248521368
49.7461716606617 49.8563183575235
50.4144913834292 50.1964751914905
49.8543979613736 49.8609945439726
50.3148063143474 48.5982721837109
50.6595038033079 51.516971254746
50.947078889391 50.0998960785077
50.2108371620268 50.6305617528131
49.9282188012404 50.8166396558391
49.0953022462354 49.2467266823537
50.5019365267907 49.6769063959719
50.9614322028783 50.6135213741084
50.0571285960661 49.8189806796676
51.8378935157947 50.5012501337155
48.7120339450807 48.9335884633576
51.2977097600282 51.115995601611
49.0535951130938 50.9017712692273
48.7272649205493 50.0443792821645
48.500652096603 49.8049291270362
49.3565083881471 49.6466127816896
51.2217763024572 49.7699562318549
50.2355134627507 50.2201055285094
50.6196499804913 49.7077709022964
49.5439306605613 48.4791338031603
50.5552229886974 49.5781230569184
49.0186470351046 48.5791384895913
49.157539733904 48.2031679126735
50.0568691841569 51.4133626554454
49.7444209652171 48.2717092984771
51.0998590699053 47.105937725807
49.5797046296275 47.7919894519328
49.024622938612 50.8453847577944
51.4091221076997 50.1530303242577
49.2622460140854 48.5256514512868
49.6076611555182 47.4412754149685
47.7259545765585 49.8781367069633
47.730150966207 49.9272508547763
51.0441144770717 51.1065365477124
49.4887675910703 50.7713728506688
50.1427547779669 50.6609710826264
48.7990998331034 48.9068174898143
47.8413209284995 51.2194673682612
49.5621724441224 50.4864979476628
49.8112620474455 49.6020697438828
49.1333526817469 50.7048901474087
50.6211713318372 49.5305133521337
51.0350181285916 50.7590025885616
49.4883625081566 50.0660749243337
51.1261077152552 51.2245696519035
51.5371273961111 49.368920704716
50.1462303829363 51.3900949443174
49.8357224073052 49.4307135843097
51.9348733600903 50.5702197069352
49.5345901583303 51.0707663652664
50.9202833557383 50.6167050938897
51.0190241914835 50.49919681679
48.971805073067 51.523463305995
48.270547493371 49.4434327005404
49.3749615782205 49.391500263664
51.7270490209074 49.7721984823571
49.4564044578891 48.7010817743004
48.9910974774139 50.1917023389316
50.8498780835405 49.7623296260508
50.2280031344874 49.499093484452
51.000007161732 50.1090969720544
49.2446798888322 50.4149255032093
51.171140409522 49.5364032513243
49.9294045015635 49.2350569737528
50.9041585313957 49.0707272971905
48.7139874523651 51.6802851379471
49.7831196559303 52.8090909831295
48.0303873573584 50.8676163902563
50.7933856353042 49.8015826108661
49.63478099455 49.4281460265121
51.1251905920641 50.8164442303508
50.0758382191235 49.9119903257684
50.2215083267218 51.5422137408674
50.1107846118736 50.4247815206788
49.3424550625209 51.7915748376335
51.698489611988 49.9065618938759
52.044751068866 50.5579953151173
49.2654162311078 48.0735381047758
50.8025465131825 48.6688472782647
50.8420926993381 51.1740955474605
50.5755107121832 51.5757071714853
49.590546741559 49.8780128533184
52.0194451869086 51.414135658294
48.4698210298978 48.787817440718
51.3355302678585 51.2684332058478
50.3343224403132 50.5049604618802
49.4162861013261 49.7747974684118
51.2047469140875 50.0450724849084
