49.0666080322172 50.0615228996107
50.224737461362 49.2940490016141
51.3594040346128 51.3025668641195
48.3254139263855 51.0990130339327
50.2915738979698 48.620579943151
50.3504056356688 49.6641529752227
50.6348866752677 52.7649218860487
50.097430328398 50.1582773127233
49.7311818505184 50.4921917467604
47.3762313510869 52.3497468955245
47.9842891812342 50.6527114831467
48.8551974876661 52.7736790869864
48.3970271617844 49.7461466800358
49.9509881610807 50.0513610263178
49.1669825004356 50.6739115166676
50.1352117498705 49.7640334488053
49.4710307513405 49.6923267816749
50.1193513766825 49.7394401079963
49.1204554312464 50.1608996062752
49.3198362555566 50.953962828816
49.8893551171162 49.035672810331
51.6141036805234 49.3727195452946
48.9907882715312 50.9393074080154
49.2938937218208 50.4350226844605
49.8020734806043 50.1038107951144
51.4205825434081 49.1853625162092
51.4120178131897 49.6430024646386
49.1539496101192 49.2958075720377
51.2714033244492 52.2385948191843
51.3768361058604 50.6463889139757
50.0688447233038 49.6080775736046
51.303585511607 52.711101129814
50.6229426069133 49.1546543515291
48.8614033472565 50.5345052516422
49.0338410094038 48.9589448263462
51.0810690627308 51.6230768679894
49.340596091109 50.6707543327094
48.9482459501609 51.2703286491639
51.2447630452125 48.4402273816315
49.5458755263499 49.6286620639049
50.2197514856867 48.7632037484264
50.0890037415893 49.3229729610924
51.0253271509783 48.9685660353472
50.5583340353081 51.0115291048043
50.7610470877843 50.7270287064653
50.8279240306536 49.4610481018085
50.3103528795412 50.9069129625562
49.3811173283334 48.8319396569447
49.2676760378134 49.3316400949781
50.8156211944079 48.9343504498812
49.9079912202834 51.1607979695511
50.8197416453991 49.3618546229737
47.3383808576764 49.4912970469189
48.3955796827077 49.6245253074746
48.3203097319103 51.1951435984723
49.0812435584408 49.6279853052004
48.2010849109643 48.4427507702245
49.5654958170049 50.161395186196
50.4507319411646 48.3499197266627
51.5393958636611 50.1786358413249
50.6971201966384 50.3317014252935
50.8235720598927 49.7883008577965
51.4018630896564 49.6779546080906
49.9021192516275 50.2621652962164
50.7365310826654 48.1642056803983
51.5755397164113 49.2551840385855
49.1830462720959 50.006802012301
50.5507634834996 50.5571072180304
50.8047460769217 49.9090106271757
51.1679991660837 49.0358504918193
49.8659905501399 50.2650989997275
50.7467857933275 50.5615255027752
50.1474430002744 49.3347389784744
49.6466769053037 50.0997017308036
51.4665724501653 48.9824915828685
50.2463626851114 50.4731337927624
49.5402127691136 52.0250021487515
49.6153800735919 50.4315732899546
51.1282771973961 49.4090393422029
51.4136600142033 51.3661237706457
48.5976491666952 51.6699229760833
49.490583676051 50.2628516618359
50.1712229745885 50.9922855885559
49.5540339097 51.030496462224
50.844716625554 50.8892821432949
51.8767364814363 49.9277710180526
49.869366720241 49.4964074521531
47.9936512303926 48.0329826330099
50.4374849136856 50.1553629511195
48.9567059281913 51.0271170546448
50.2077834542237 49.7709923670819
48.9180039951126 49.866962285055
50.7288344061019 48.8852495867515
49.9756118525702 51.4297228015231
49.5205589708153 48.704365101155
50.1883518036223 50.6136457137737
50.5096376989323 50.6440309151313
49.2523649547919 48.0535408950465
52.037203298431 49.6151927565147
50.0734126892329 49.3164514785817
