51.543895317096 49.564723884159
51.8229568146358 51.0544957156839
49.8072546745186 50.7990185918623
49.2847748145614 50.0138759829163
50.7435288681369 49.4294246789385
50.9339243509805 51.1996968333609
50.5813219252014 50.1904481941502
49.8695825287415 50.9752822702678
48.2683996303877 48.1334826401943
49.6286183244204 50.264308343785
50.047825008464 47.2478312110506
48.5231590858087 48.8308883332736
49.6412408308816 48.9024595903526
51.2254214043994 50.7596011208264
49.9006979101021 48.4778330322094
49.6097475263252 50.141514021454
51.0147778072744 49.679548449759
51.0621376428694 50.4487235901943
51.2551194114568 50.4152306877483
52.0156418727104 49.2252248623508
49.8040202558218 48.6533747249298
50.3124736595087 49.6337414425294
50.0476523960471 48.9924271284192
50.3580294926003 50.8157750183134
51.7575166420932 50.6328556635544
49.3422517134904 50.4102649815704
50.002797748058 50.0887412995021
48.6165625340187 49.8532586723245
52.3730819088101 51.6024360549416
52.0567929402277 51.1044059220999
48.5706823282828 49.6267778044503
50.0784166558949 49.9937334278312
49.3617104529517 49.3180301005747
51.7503116880475 50.0780580099391
49.8478703641622 50.9034551276289
51.4089954805274 49.3496098142095
49.2374837517612 50.0358805466746
51.5487425792322 49.9874653453546
49.1751518963053 52.721453462126
49.4587941001559 49.3313252505288
48.8110857333465 51.3010649307477
50.5737016706261 50.002795972829
48.4179211327655 50.6927960733736
51.3627959634702 50.3743493926358
49.1241576838154 51.0767659877759
49.2883029385191 50.995092832942
49.3315244446777 51.4595430488524
50.1845407578405 50.4926729583078
49.5828632380679 48.0868091761731
51.6360839274035 49.7265360376186
49.7141790091808 52.0784219514781
50.7869618558044 49.6412576406674
49.8992518235629 49.93925016251
49.4786702055985 50.0927933410682
51.6018115599926 49.7890218065306
49.6080272468447 50.294729452794
50.1639416543534 50.0711746273646
50.0628302613247 48.439804944045
50.2420874730378 49.7902020641455
49.7548457776223 50.2942030773982
50.6770986295589 49.686568892568
51.9023028327437 50.0121031324836
48.6745307950194 49.6742595573464
49.42119500462 48.3879173107813
49.7331693798294 49.5075333707002
49.5538808501489 52.3943086128113
49.6619270372127 47.836405356601
49.5522915723228 53.5635191253707
49.5196036803241 50.3658539569315
50.1224932396888 48.4895615901296
48.3057589794678 50.054785826938
49.4267723992952 50.9614595131957
51.3240625480158 52.2479478152737
51.4586718378255 50.4116660800106
49.4034331420957 49.9268344903557
48.949800876024 50.0654304421595
50.6855752533583 48.80814437789
49.3097933508524 49.2292736153531
48.768644001761 50.750271517597
50.8427023689461 50.6811780238174
51.7386127583616 49.8668608906768
49.4564682048102 50.0987131099515
50.7546959636576 49.3821312024638
51.3343647832232 50.6457019818271
50.8334309429431 48.3071594976389
50.4192752253113 48.88692286117
51.5026578704416 49.7330884755172
49.807211891222 50.452305513823
51.294153650526 50.0379438866716
50.081825433199 48.0156959765124
51.225153376816 49.280933648248
50.575488687059 49.1416368410947
48.307072296666 50.1498827353912
50.2234841250464 48.7850946279869
49.0079094523517 49.7344224274491
48.982861796858 49.4887818294648
50.0725857784114 50.8169320461839
49.791048189098 51.1310220941351
48.9141318303379 49.465047799979
50.8684394212587 49.0261427483531
