47.860550519308 49.7479617751844
49.9344794636771 48.4635065477485
49.5091755694728 49.6203822421669
50.0229722701406 48.6742689556994
51.8588862427659 49.4317103948815
50.1318596097166 50.5497949739246
50.8521143036268 49.8560613436866
51.0069654404434 51.3299274677996
49.3691984674909 49.4831625009212
49.2350140754454 48.2113595379098
50.6809502846379 49.3856085187915
47.9968459530528 49.8308659439958
50.9405005853132 49.4629478946763
51.0585239128716 50.7701006368875
50.3933056112933 48.9198835898757
49.9113005555652 50.1098796504526
50.2209479515433 51.9049646517854
51.0073175773246 52.2894937924484
47.946156135733 48.4495872444761
49.398421367711 49.1229324790479
49.6598710226242 50.7350109010826
52.3536982069306 49.8439632501035
51.3109655365235 50.1558696152119
49.3477466113633 51.0856923462125
49.8234646275114 51.549003982292
49.452564893004 49.3997888693376
49.5235331830437 49.704587429636
51.1369170099836 49.8821498039768
48.6729737017544 49.7008845094411
50.8336711720694 50.8188092599423
49.680545582878 49.852897994304
49.2750341483493 50.3455286275584
48.5568007379789 49.9270954119488
51.4957332180991 50.6042182163574
49.8286342172464 50.4179159490513
49.9080416448323 50.3882665039713
48.1694742201012 50.0091043324092
51.5347758505344 51.7579381475861
49.1135157666057 50.7989606888828
50.9134510715221 51.2395068723767
49.2169402585465 50.4570006158787
49.3003578496623 50.2877031516978
48.3908904664272 49.7465414543692
51.1571603361362 48.8564099609136
48.215582760646 51.3143725578143
49.7644327103514 49.1323448233699
49.5027669741575 50.0431053267326
49.5166316940387 51.191686909514
48.9624541822505 50.6801422215524
50.616420674907 49.9072481892788
49.7616432756997 49.5786033997722
50.883760009111 49.7630663170574
49.8365716431113 48.2038382749249
49.7296290127852 47.9980877854955
49.7793190868729 51.0374499844622
50.0083602271067 48.1110681733352
50.7408291106971 49.1977247198595
49.6997826325467 50.2417518795218
49.3435627939746 50.1302709258114
50.4678389975238 50.4156164443233
49.0925697697227 50.1206164420368
49.5702779631571 51.8270112741425
51.3533443009179 50.1815878069523
49.5401553941418 49.0035061513726
48.9822029206396 48.8023983781351
50.9799350790855 50.4282598827317
49.665061730627 49.5793460354185
50.0281308500115 49.9161807794483
49.4931602351269 50.7553297156957
51.0998428160417 52.2571715134824
51.3621584006891 51.1385590695278
49.2426324127484 48.426758201927
49.8733401675269 50.1300152814243
50.7576198066588 50.4648644351978
50.4044979732346 53.0010254378268
50.9398956680524 48.7975726823479
51.060165262133 49.5885594349804
47.9526814218102 49.4158189027969
50.8037356477636 50.7068859284117
49.8582559348814 48.4200738113222
49.4921826391368 49.6605949123172
50.2916070666096 50.8257456280729
50.2574002802877 51.0612089277362
48.9500138031197 50.9291080377395
51.9747111612114 50.3268406111703
50.9940654565859 49.0666348650157
52.0663920338852 48.5573501037883
49.8277628041071 49.4782219529651
49.3649053351063 52.3830691595486
50.5355181570259 50.0264729451824
49.6564793648985 49.739977921431
50.3361943268093 51.203982115993
49.4178815084786 50.0298461452861
49.6278967278031 49.8939440919066
49.1490022604137 49.4475203519047
50.1226018110571 51.611272446535
49.6363683605935 48.6018227662111
49.8737182649081 49.6440472810175
50.1837242049236 48.8172156466644
51.0293002084725 50.0020335847956
