49.2619313732486 50.1365325878808
49.8478391354973 50.544882870155
49.0814424558987 49.1724531330578
51.1324438545378 49.3650085122952
48.1272304631406 49.8536355521298
49.4903008907937 50.9364629920842
48.6201189847356 51.772122558217
51.7019352920776 51.7369134605871
50.0094037167825 49.8005959959369
49.6577829541556 47.8509079169656
50.7587356036412 50.6002160214725
49.425258726349 50.2466258649672
48.2438908519444 51.0498591015336
50.3394792871885 48.6511615484269
50.5283346768059 52.559545044004
49.4806157720514 50.4264009084115
49.9882460369186 51.0979444163792
49.4788914291599 51.6932190122573
49.82143979792 51.6260161506645
47.6552744378272 50.2570577107883
49.7843619642603 50.709646269858
50.7215276358355 49.1607479810162
48.6063437968671 48.4743119419624
48.4534750229881 50.7113821243122
49.9310894300951 50.503681736062
50.4130398396459 50.3405226195031
49.953517787286 48.2724878857457
49.8761459257268 51.8120048156092
51.3392774031538 49.4210299077962
51.7364661626941 49.8263637110936
49.8420553996344 47.5855207894962
49.5220673276034 49.3450553432341
51.2190313062152 49.2086438219615
47.6823863434611 50.2886003956976
49.0565734543641 48.5385173084132
50.3262554229179 50.3584220750506
50.5067230222341 49.3659049298915
49.9393327527476 49.8003449181673
47.9495830291075 50.1724919691956
50.4941377287407 50.4434790159856
50.2450010633712 51.820391919492
49.1379244024283 50.8451125906243
50.1813597917502 50.9298809640201
49.8692982852038 51.5951959895592
51.7562751343564 48.5398674416096
50.0889114045449 49.9595869681208
49.3843527973797 49.8950447264681
51.479332842312 50.2908745082277
52.4736913119293 48.8164264331798
51.7122882927516 50.9847936735749
50.0650165736623 50.2490755144125
50.427963898388 50.1677337305673
48.7154429959651 50.5350859112601
50.3389567371196 49.2415854430864
49.0118906553382 50.1801915136478
50.1051888888357 51.0419049965235
50.251244819728 49.6878005459861
51.5544859028992 49.8034651430598
49.5070004119529 49.2507285901425
50.8698640920488 50.0063550796593
49.7700722589562 49.2036329152624
50.0767249876296 49.7100798984566
51.020504765643 50.4988068577578
50.3393873560376 51.0656827760481
50.1722340953283 48.8484403942711
49.5998677077255 50.2439738217027
48.8110032584612 50.5430801761183
50.7129624015722 52.4372154048694
50.5294617791938 49.7172425303568
51.0184184278949 50.5608878743798
50.6057466085166 50.4913606578922
48.7460029949826 50.2370069345853
50.0984420147356 50.3295743004857
50.1818042751365 49.6532953612369
50.8364735640001 49.713505930801
49.3810443921521 49.3008355122966
49.3706517859305 49.4870684340769
48.6284497524141 50.4681205330544
50.5439087789808 49.7080601195017
50.3198335455909 49.2258652847995
50.3246674602354 51.0383451910311
50.0723998273438 50.4505442842267
49.131180057303 47.2084260929942
49.6461753895103 48.8488995429372
49.4817232957557 51.4644425129443
49.0470539838241 50.6383168663082
49.8108800753671 51.8718734938844
49.0155585566437 49.7093086952931
50.5008569627527 50.4776153430578
51.2312932445897 51.5187653102661
50.6325165326289 48.8607844932611
49.3491285384957 50.0206440357553
50.2969272138326 50.2075343830907
47.5212168590107 50.6615427299776
49.6284707993655 50.8443089263166
51.3255240381535 50.1812708539426
49.9930743861423 49.7946667871893
50.3637811714063 50.4169983794016
48.8731081617798 50.7103656973749
51.276965544568 50.8189027621909
