49.2132118502465 50.0027027320897
48.4960026925249 49.109542466307
49.8060049347468 49.7069386046422
50.4862988978713 48.0808897151259
50.6892942377476 50.0171562438832
50.3597138510102 49.64500193792
48.6319924339644 48.2656660854258
49.8027480926004 49.5357775421202
50.5462349130631 49.7052360229285
50.5106031588158 52.1934927157036
48.3098007085606 50.5863902955798
49.519805274761 51.1612333560419
49.8367132701241 51.174575631037
48.4985217679234 50.0689162203045
51.1148139873342 49.9944769431639
50.8688105466885 48.8167709423885
51.0042913579103 48.800911205008
49.6084620324437 50.7502563984781
51.868580430605 49.8181013002897
50.5500939377497 48.7522829212784
50.3896950452039 49.6259787220002
51.0903524633442 51.3198333065435
51.2688623937464 49.2038962076962
49.2446137914591 49.3375816593965
51.4615896730591 50.5772890004357
49.8903524652092 49.992585617689
48.3796144751092 51.618511979782
49.9036337403135 49.768195955069
49.7889663860613 51.5868778731098
50.039023730391 48.9480447197825
51.3977180877071 50.0087476816004
50.2435256264362 50.2856863792273
49.0034212011415 50.7289946653603
50.506109733949 49.6646781519255
49.5028959557038 52.2515115801255
51.0478956433478 49.3517721593595
50.8973343156213 49.0409411159674
50.2840653380064 49.2599188420138
49.5134102521752 49.11399168938
51.7143066484054 49.9462107913318
50.024928108021 48.8960409051408
50.2831920631873 50.4435281022812
50.4695923566448 50.226171857902
49.7979013911811 50.5641932675762
51.524534519992 48.9912696506356
50.2709425264088 49.4108603672405
50.6174761171639 50.4854611190766
51.7993369955515 49.4994860931003
48.1090000075322 51.7809956855681
50.6915644101233 49.4078663640093
50.8301058588578 49.5511877493532
50.0996865809175 51.8580444724467
49.681765877775 50.0716758132314
48.6878474967675 49.9365739341313
49.5296138329414 49.7992834682815
49.2933046112625 49.1609114780889
50.5900974183434 48.2359951476964
48.9382133976798 52.2632890459454
50.3668171767756 51.1096047910165
49.9110448612531 49.30368689405
50.1053431572614 48.4265163447043
50.831287781756 49.436807149174
49.5135540753102 49.093181614302
48.8380976038379 49.2529672312181
49.4279879905554 49.3800173768839
48.7065331967495 50.777299452144
51.4648035865748 50.857173552953
49.6265921670743 51.1023212145755
50.0507092198435 49.7930408611175
48.9952742410917 49.5844419018878
49.7461278559018 48.4114928394864
50.0776410937102 51.108726851134
48.4183886490865 49.6885408343062
49.5764023073194 49.256739482457
50.7282517178022 49.9880733147127
50.9643281257223 49.9886080053556
51.2042276061151 50.3881208122297
51.5001595635413 50.5364027618184
51.0482182942392 50.5032790834647
48.9615588402052 49.9654856844316
50.4953314438077 51.5760245046232
49.769894512782 47.7275276184981
51.9225291453926 51.5072811954693
49.3987728229173 50.4630856694646
49.875641847986 50.1280253525872
48.9803531233451 49.1839322493055
47.5062616601688 49.2059841669441
48.6823968439353 50.102602621101
51.3637898223421 48.7942632019071
50.6084616233115 48.6522428259246
50.0690550429835 49.6585805034244
50.7184659118948 50.0335833521727
49.9680638423529 48.8934473593942
50.6412031061628 50.3037289139918
51.3449820334092 49.2293940351067
50.0239104809786 51.2239974771661
49.058163852107 50.9543938967186
50.7288098842618 49.8639414521119
48.9390012499116 48.3553144662502
49.5262469695494 51.6296004465207
