35 97
49 25
44 4
32 25
53 22
47 39
28 31
50 28
38 2
53 24
58 24
45 53
70 17
47 0
49 90
60 34
58 88
68 46
55 40
74 40
27 25
30 68
36 59
52 92
55 2
28 40
34 66
50 69
38 7
41 54
68 59
61 95
49 29
66 13
55 58
51 9
53 78
38 32
61 17
47 81
41 39
56 8
62 64
30 36
25 66
67 25
38 93
57 20
25 82
29 32
46 17
69 28
41 10
25 59
35 45
42 14
70 81
60 77
68 40
36 48
37 24
63 48
29 67
74 6
28 56
30 41
36 37
63 53
52 70
55 41
56 82
31 25
52 47
39 77
33 81
28 14
63 46
58 56
39 68
68 91
51 54
51 25
50 89
67 38
75 18
42 62
71 8
71 55
46 73
55 20
71 19
28 13
54 78
71 66
65 90
53 46
69 19
38 80
33 45
56 53
61 3
48 92
38 58
62 94
46 62
49 54
66 98
30 60
64 73
38 33
36 4
39 47
65 7
46 46
48 25
70 42
51 96
29 53
56 29
51 72
28 9
59 49
44 27
27 38
62 57
61 61
55 8
46 34
61 92
75 5
71 70
44 13
36 10
69 91
48 48
48 9
52 42
69 4
26 95
43 39
42 98
67 11
61 46
26 62
55 39
31 60
49 82
29 8
72 12
41 99
56 37
29 32
49 84
44 74
33 64
56 47
52 38
69 25
55 57
61 27
52 49
39 34
35 4
64 44
35 55
67 48
58 77
40 61
27 90
65 62
28 73
66 16
25 20
51 75
39 42
38 10
49 75
42 12
34 95
62 48
65 62
30 19
75 9
51 85
55 67
59 22
46 70
63 25
67 98
72 18
63 66
43 58
30 7
53 66
45 85
36 67
56 52
52 23
54 98
36 92
70 44
74 40
68 54
63 18
62 13
40 84
56 34
39 16
47 88
48 55
61 56
28 74
43 89
46 77
44 74
52 73
66 2
25 1
74 7
71 9
36 76
40 79
48 89
66 63
34 66
30 81
58 21
73 32
53 89
49 77
71 55
37 37
63 73
59 39
67 56
57 97
67 35
40 34
34 84
61 60
28 89
55 74
71 53
69 90
75 35
67 13
34 43
28 45
61 23
47 66
30 75
46 78
61 29
43 73
38 1
33 68
68 22
66 8
72 9
74 82
65 11
48 19
56 36
50 97
44 49
68 8
31 94
31 57
44 9
54 54
29 56
70 26
47 100
53 40
67 19
28 51
62 27
61 1
67 52
49 45
26 98
25 80
64 87
47 57
59 80
25 67
26 52
60 22
71 7
75 69
64 85
69 25
26 55
56 30
57 11
70 68
61 51
48 92
65 68
60 99
55 45
32 25
38 64
35 86
52 34
60 80
62 71
52 41
25 8
45 70
30 71
65 15
48 94
35 61
47 31
62 63
73 87
34 6
47 87
25 53
29 46
74 90
41 12
26 31
44 79
67 5
41 0
33 58
58 89
28 83
46 31
52 98
65 0
53 95
71 21
51 50
65 17
71 53
38 5
73 81
30 93
25 18
72 36
49 54
67 19
65 68
30 73
61 17
41 24
56 51
46 0
54 38
47 18
68 75
71 80
65 25
39 79
27 66
58 94
74 59
53 4
56 75
54 89
37 78
44 12
44 53
26 3
27 2
26 39
39 20
27 51
25 15
70 1
50 88
73 40
45 86
51 42
64 4
57 76
74 86
28 46
38 7
28 51
70 36
62 70
69 21
56 90
65 87
56 6
33 66
68 32
43 98
44 61
70 63
53 19
49 8
53 4
74 15
62 6
26 16
