70 74
45 93
32 14
42 26
34 38
50 53
52 77
67 8
60 25
40 20
49 61
27 0
48 7
44 8
44 2
75 26
65 14
50 42
63 12
47 85
56 78
61 34
62 48
34 70
61 37
38 25
43 3
27 37
73 93
29 31
65 16
71 27
51 19
75 33
59 2
46 6
70 64
69 34
60 42
51 99
36 29
39 1
59 82
71 21
48 18
72 59
58 70
48 50
71 36
43 25
46 90
62 56
72 48
46 25
32 41
46 43
28 63
26 46
55 15
73 60
53 3
73 87
30 69
29 46
35 44
68 53
67 40
30 49
63 30
60 13
42 22
73 77
75 56
33 55
71 76
46 46
56 77
51 53
58 72
41 36
31 23
59 59
37 72
75 48
73 67
75 39
26 21
54 33
55 86
41 33
38 2
30 66
48 95
34 45
73 49
75 61
68 89
54 71
50 50
54 7
31 89
39 72
44 38
36 95
65 13
53 31
55 45
68 22
40 9
30 74
54 16
36 47
40 44
47 71
63 99
73 23
60 81
52 54
51 10
63 45
41 42
46 100
60 33
67 75
46 31
39 18
55 49
67 60
69 46
36 3
70 98
59 87
72 33
58 56
62 16
44 25
48 60
45 62
48 55
74 62
32 97
58 7
48 26
30 58
61 19
35 53
62 36
29 72
34 45
69 7
48 7
43 2
60 100
56 34
62 19
68 25
29 9
50 92
43 68
41 4
66 70
29 41
58 21
61 80
41 59
64 67
50 94
30 78
62 55
28 43
49 18
27 50
26 14
33 40
35 7
67 84
48 88
36 84
43 91
44 77
48 43
60 17
33 65
46 26
51 8
48 69
40 74
35 30
27 90
35 89
53 16
67 21
42 47
42 84
40 86
67 67
64 48
47 55
37 21
40 47
27 89
59 81
41 38
49 74
27 8
25 60
65 100
54 100
35 1
43 39
41 70
46 88
45 26
33 34
25 71
41 100
28 57
66 66
63 53
67 81
45 99
57 4
74 60
26 50
59 48
75 61
42 75
31 46
73 94
45 14
26 5
51 77
40 9
33 91
65 25
66 28
70 91
49 49
60 7
44 99
51 49
53 3
74 67
50 75
57 99
60 42
50 44
49 2
56 68
43 0
66 53
75 47
34 78
33 3
54 29
37 27
46 81
59 90
42 38
57 43
44 3
39 29
35 8
29 86
59 28
35 39
37 24
48 98
69 21
45 37
47 64
39 11
57 23
68 47
31 90
36 14
32 70
62 57
57 97
39 81
75 26
26 79
73 94
57 65
56 73
59 5
46 38
54 10
39 74
60 37
28 25
35 85
56 48
69 73
61 97
32 41
34 97
45 91
43 46
49 10
29 9
60 65
38 29
34 78
44 82
70 93
56 35
73 96
64 60
29 13
36 3
34 62
26 25
72 51
28 61
40 5
62 1
69 36
48 73
63 4
38 4
43 5
49 87
28 52
44 32
70 57
61 38
73 39
34 79
54 71
59 42
38 50
39 97
60 45
26 84
67 33
71 71
74 90
56 12
56 19
41 47
68 75
67 30
66 34
75 14
66 42
66 86
50 69
25 89
48 31
48 73
39 72
29 5
55 42
32 41
30 35
47 67
40 70
38 17
45 85
47 94
68 61
74 85
58 7
72 60
67 17
50 98
61 49
52 55
38 43
42 78
53 65
48 51
54 3
72 66
37 43
45 42
32 28
65 58
45 87
69 76
39 89
58 88
37 78
50 38
53 31
63 1
44 64
61 47
27 97
39 83
75 98
64 18
29 22
50 97
54 62
56 25
47 88
28 7
29 57
