35 36
71 79
58 77
57 33
34 66
50 100
31 70
47 16
40 46
36 13
35 55
25 73
26 37
39 4
38 98
75 55
37 34
42 0
55 16
35 19
54 67
54 84
55 25
53 77
57 66
66 71
62 38
57 90
40 5
65 37
49 28
71 38
29 3
50 52
70 77
26 99
57 50
43 75
63 18
47 88
54 92
44 62
41 88
31 7
48 1
64 74
38 69
63 17
47 93
30 85
59 4
59 65
51 3
73 12
33 75
60 52
61 32
71 37
31 2
45 11
39 57
58 11
43 39
50 77
67 21
47 62
29 69
44 26
63 0
75 67
63 55
32 4
31 84
55 27
74 34
57 47
58 62
59 54
35 64
68 81
42 90
48 11
43 25
74 34
43 58
72 95
41 19
52 58
47 82
35 66
50 26
54 81
36 19
57 59
38 44
49 11
60 9
51 89
66 0
75 60
71 98
71 38
34 92
64 29
30 44
46 31
33 87
33 69
72 43
57 79
54 35
37 86
42 94
34 28
46 55
66 9
42 62
73 44
74 92
49 27
71 42
65 80
71 89
44 93
36 19
58 99
47 64
42 22
51 19
61 62
51 60
62 37
67 74
27 42
46 37
49 38
41 3
46 66
67 72
32 51
53 57
46 99
48 20
41 98
72 75
70 65
58 0
75 37
32 50
44 17
46 45
49 57
72 31
69 96
56 55
46 8
47 72
34 30
40 87
55 91
75 54
32 68
42 76
61 49
75 32
56 7
48 49
68 41
27 96
46 44
30 49
46 11
33 4
57 40
54 18
44 27
60 88
68 51
58 87
65 16
42 41
72 86
69 36
49 62
57 64
41 2
39 70
61 73
72 22
68 65
71 67
33 95
49 31
33 8
46 0
56 42
25 59
55 68
49 15
43 3
46 89
43 68
75 21
73 74
50 75
36 67
62 68
33 10
38 14
69 96
42 96
64 100
34 25
34 54
44 65
40 13
55 5
66 9
40 63
75 7
75 41
65 58
39 10
65 65
34 78
59 71
74 38
67 60
28 52
57 39
74 32
36 83
44 53
63 3
59 97
51 92
41 79
28 77
72 92
64 15
41 20
65 44
68 37
40 27
59 59
67 83
65 69
72 27
37 84
53 28
31 14
38 49
37 55
64 58
27 61
53 10
71 59
58 44
41 64
48 89
53 75
43 67
52 15
68 51
31 84
55 67
69 93
48 54
29 26
65 75
66 98
55 100
34 12
35 60
70 13
44 52
40 51
55 30
55 78
52 90
25 64
51 51
65 99
31 92
46 91
39 89
49 40
45 13
74 76
42 53
63 77
40 24
39 6
42 54
53 0
28 12
57 55
27 97
62 93
60 13
33 87
30 24
37 87
48 3
60 18
28 48
35 49
50 93
45 98
55 62
63 83
41 31
58 58
59 79
67 13
60 91
75 69
62 34
40 62
48 5
33 32
47 5
58 86
36 21
51 1
25 33
36 27
75 59
71 2
47 39
56 56
55 98
46 10
50 72
33 11
59 59
47 76
30 58
64 77
66 65
51 58
44 92
34 17
74 87
50 57
46 90
70 95
75 64
64 20
57 67
36 51
67 85
73 53
38 32
74 53
31 53
33 74
37 87
35 16
42 72
30 3
50 4
56 91
71 85
49 79
66 91
50 24
33 30
53 73
63 62
57 25
28 62
60 20
53 48
57 91
68 33
47 65
29 40
36 92
63 70
72 27
69 67
30 86
25 71
68 68
35 22
54 6
73 40
37 74
62 100
36 67
72 26
46 53
72 71
60 74
65 99
60 63
47 66
49 68
72 88
