65 5
46 61
42 35
40 19
63 61
32 3
66 44
33 88
33 2
27 35
43 64
57 12
70 20
49 32
71 31
29 10
69 24
72 56
33 42
33 95
44 48
39 75
54 50
54 43
56 66
75 57
33 1
69 3
33 81
55 33
32 93
75 3
61 42
61 96
74 38
31 15
50 97
41 65
32 38
35 31
44 30
45 97
38 74
32 37
67 10
74 68
56 97
65 91
41 71
50 41
47 79
56 83
28 58
54 16
36 54
52 49
60 31
38 22
60 74
31 99
34 86
45 73
53 0
58 0
30 86
25 31
75 10
43 0
73 91
52 34
67 69
72 32
34 25
50 60
62 95
28 44
40 43
35 15
35 6
69 65
60 46
75 79
46 5
37 31
62 88
69 8
49 46
43 81
59 81
66 29
48 76
50 35
25 51
63 24
63 27
29 11
44 66
25 62
64 52
72 39
66 81
74 98
71 0
48 44
49 11
56 92
75 50
28 35
30 47
67 28
68 39
61 63
66 93
26 82
30 73
36 92
71 35
32 52
33 57
26 47
37 1
72 60
37 1
33 23
74 2
25 7
74 25
68 57
51 54
25 13
47 21
57 96
71 72
60 58
40 60
29 71
75 74
32 2
48 58
52 28
55 62
48 40
60 40
69 5
51 93
28 63
29 58
57 0
72 65
48 77
74 95
42 20
58 8
53 21
50 92
51 37
63 32
56 100
50 35
60 57
39 97
32 84
64 19
68 8
41 41
41 13
67 64
67 23
65 90
75 57
66 86
73 9
45 77
47 15
55 92
66 28
64 88
29 42
39 11
33 56
33 81
69 19
29 34
54 19
52 37
57 76
43 60
33 58
44 29
58 19
37 3
72 87
59 55
36 82
52 98
47 14
47 23
71 47
30 18
57 11
28 86
50 74
31 78
45 81
51 57
75 32
64 56
39 86
32 4
56 48
69 93
52 81
51 26
35 15
53 37
55 46
52 97
45 62
73 39
29 93
75 72
61 51
43 48
64 21
74 22
31 66
56 87
39 71
52 28
46 9
50 92
68 76
30 5
52 51
46 36
47 84
31 59
27 46
25 60
30 88
72 17
27 88
45 63
50 3
60 34
55 32
50 2
58 38
42 21
35 95
68 10
34 6
45 33
73 64
55 72
29 42
73 20
70 12
65 56
27 43
47 91
38 94
32 29
69 19
50 38
39 45
33 32
37 18
28 45
59 47
37 97
74 10
55 87
45 55
67 11
33 21
48 6
37 63
47 85
59 92
42 19
38 54
39 71
41 43
66 53
56 3
45 24
73 97
53 4
35 12
74 59
41 67
55 51
65 38
27 15
47 60
30 67
41 76
57 71
66 97
68 33
56 71
60 64
72 89
49 99
67 44
37 39
60 24
34 18
57 9
25 91
44 37
50 62
42 89
74 85
39 28
70 52
40 33
59 62
72 2
53 20
27 28
25 77
44 89
49 99
53 100
48 76
40 28
60 80
54 100
36 17
39 25
74 46
58 68
30 83
36 55
27 86
65 13
73 46
56 41
71 94
35 39
47 6
61 24
44 45
63 52
41 1
39 80
71 69
45 27
32 34
34 21
50 72
30 77
32 15
38 80
61 80
63 81
51 50
58 10
25 24
53 90
46 43
60 23
44 27
60 74
73 97
52 19
69 22
66 7
30 4
32 49
42 53
34 17
29 78
38 22
53 96
31 12
35 24
57 49
60 19
62 49
67 59
27 11
40 68
43 92
55 10
70 16
46 80
48 48
44 70
74 51
37 92
62 45
71 66
51 58
31 15
52 55
32 13
69 100
