59 75
64 0
72 70
62 9
47 19
65 69
64 99
62 90
43 46
74 67
59 62
59 65
42 68
71 59
42 25
26 32
30 56
67 78
47 13
56 42
52 44
43 56
43 26
46 30
36 81
59 53
62 45
60 91
43 69
66 76
67 56
30 48
52 98
34 33
39 76
47 41
67 56
44 34
42 87
64 100
54 35
53 65
61 71
40 88
30 19
32 92
43 60
38 26
35 7
61 61
53 10
44 26
75 69
69 71
71 17
39 84
32 2
67 74
65 38
31 87
69 0
74 48
43 37
42 81
31 45
64 23
63 34
55 55
60 30
25 51
32 79
68 23
34 38
75 31
47 81
61 80
40 81
66 4
33 0
58 37
53 46
49 99
72 79
71 38
64 55
60 19
69 77
70 20
36 9
38 60
62 84
62 74
71 77
55 35
70 48
46 36
29 30
44 66
30 70
71 6
25 20
68 94
51 8
31 89
60 30
66 57
37 44
68 66
49 27
33 30
45 7
56 30
54 50
32 57
34 97
56 26
39 28
55 37
58 45
70 30
46 100
32 85
36 67
59 27
60 41
26 1
63 40
71 81
70 68
33 97
48 78
29 42
45 57
63 80
55 89
60 61
39 0
49 54
72 13
36 48
26 14
60 41
73 94
30 19
49 93
59 87
55 9
37 65
71 95
59 17
33 96
61 20
74 11
40 19
37 16
52 44
75 25
66 1
52 30
48 53
51 78
52 46
49 45
33 97
74 26
68 16
47 53
32 85
57 48
34 17
54 80
37 32
66 99
48 50
45 15
62 80
49 96
72 2
31 53
50 8
69 45
49 25
39 55
31 89
29 21
61 54
60 92
68 52
68 40
69 78
69 70
65 9
61 95
63 88
68 1
52 55
65 24
50 70
52 79
75 42
69 68
38 49
65 21
57 72
37 25
34 11
32 55
31 65
61 36
34 19
69 76
66 87
25 5
59 66
45 79
54 41
59 13
51 9
51 79
61 23
49 9
53 77
31 51
55 73
67 13
69 67
44 78
46 65
47 90
68 11
54 26
66 63
34 38
38 0
73 43
55 56
63 97
50 3
59 30
26 47
26 97
50 43
55 1
35 39
45 4
53 18
31 26
48 60
50 16
62 92
32 39
62 27
32 37
26 30
73 40
62 11
63 39
39 70
52 46
33 77
56 79
30 66
25 96
59 29
37 73
35 0
44 5
29 30
41 33
52 81
53 92
29 39
43 15
34 17
73 79
45 25
72 66
52 83
68 73
46 94
59 67
54 36
57 1
74 100
57 0
28 58
25 91
41 94
30 51
28 26
56 100
66 95
64 0
72 25
63 95
28 57
37 56
39 8
56 55
70 82
29 35
73 64
65 69
70 41
29 81
34 80
37 33
68 44
45 93
40 80
33 51
73 1
52 71
48 37
71 44
71 59
75 79
69 55
31 15
65 31
62 73
62 74
29 68
65 100
39 85
36 16
71 17
37 29
71 55
52 54
36 83
45 91
53 29
57 84
33 62
29 75
66 77
25 36
39 51
29 9
53 25
53 88
43 32
53 16
75 87
37 3
61 32
47 80
40 21
57 60
34 94
55 96
64 61
75 92
38 65
51 86
52 53
51 38
65 16
36 97
65 10
37 64
40 87
49 89
53 30
42 89
45 44
68 44
32 79
42 70
37 30
43 85
34 100
34 61
49 55
62 95
47 46
35 45
41 64
48 10
74 75
67 67
48 27
43 24
43 100
63 75
70 6
57 26
37 17
73 54
37 34
45 8
60 10
73 54
52 74
47 21
48 60
57 62
61 49
56 60
