32 17
49 13
26 87
65 14
74 53
74 74
27 11
69 16
57 100
30 55
49 32
25 60
62 2
60 78
35 30
35 8
51 61
49 54
74 57
56 54
34 60
69 36
29 14
62 27
36 90
63 33
66 83
62 24
60 4
73 54
31 99
71 35
62 0
41 50
48 8
47 98
59 61
72 89
46 26
57 24
28 65
59 40
43 35
36 8
26 4
69 44
29 40
72 44
65 33
65 99
73 28
63 59
71 23
30 87
43 69
36 97
63 83
59 22
48 0
36 46
28 98
75 73
72 58
37 87
44 37
45 73
35 91
72 30
71 34
74 68
49 17
65 49
61 84
68 100
52 93
25 4
39 38
48 33
53 97
58 32
49 16
60 74
54 72
43 58
73 14
36 28
57 0
46 84
62 92
60 51
40 68
51 81
35 96
68 24
36 68
44 14
25 36
63 77
34 1
29 84
52 25
75 65
30 99
65 1
36 19
38 40
61 92
47 60
64 70
48 35
37 69
65 12
69 9
49 49
39 83
27 91
71 24
38 87
30 10
54 15
49 0
75 42
51 78
30 12
60 57
62 49
36 12
61 40
59 36
71 36
68 62
74 63
47 54
37 87
26 29
66 99
38 1
71 82
37 67
51 19
37 54
63 100
56 0
33 68
74 25
28 75
62 55
75 70
25 53
36 84
28 43
54 24
35 39
59 5
37 88
50 64
69 81
68 39
58 43
63 26
36 95
44 58
27 74
34 26
52 54
58 5
27 37
62 17
27 95
50 80
49 36
66 11
28 64
58 87
60 54
37 6
66 55
65 76
72 16
40 74
36 11
26 52
36 49
52 66
64 70
55 58
50 5
43 23
69 74
74 29
75 24
41 69
44 66
41 31
39 99
73 22
72 51
44 9
59 57
75 32
50 75
62 39
28 61
29 21
25 75
47 97
43 52
50 17
67 31
38 1
68 7
70 3
38 33
59 100
40 36
60 32
52 1
37 73
57 14
51 40
65 3
66 7
43 55
75 43
68 17
37 46
74 24
37 39
44 88
29 88
55 91
65 52
38 51
55 77
67 84
27 52
70 2
64 71
45 83
68 31
29 53
57 6
71 2
31 50
44 45
74 59
65 19
66 22
63 97
25 30
55 87
31 83
40 93
44 86
74 16
66 88
49 98
38 50
41 66
26 52
51 28
50 71
48 72
53 9
56 16
49 93
69 68
60 36
33 61
58 39
43 50
39 9
26 55
64 2
47 64
52 74
37 2
43 88
63 15
72 53
52 36
37 85
35 77
44 97
36 94
32 84
49 23
65 99
54 27
33 57
72 79
68 97
44 46
64 16
41 38
41 42
61 0
48 76
52 72
43 96
28 50
63 72
69 4
53 96
73 66
63 45
59 55
30 68
62 73
32 81
29 10
28 66
62 50
33 75
50 78
38 48
44 45
62 33
58 68
38 60
74 40
55 17
37 90
39 82
49 53
58 69
35 52
57 34
51 62
67 24
53 72
26 12
51 13
40 14
53 42
51 78
55 10
43 33
66 4
56 68
35 93
53 63
45 56
60 42
44 52
25 22
72 7
27 92
52 1
56 39
57 61
70 53
48 63
30 7
63 66
55 34
50 78
65 62
52 14
41 65
36 25
42 71
57 26
58 91
66 68
62 35
30 11
46 5
50 79
61 58
66 90
64 31
55 79
49 89
67 7
75 76
72 56
40 58
67 8
34 32
28 26
43 35
50 54
55 87
29 69
46 7
62 69
51 90
45 67
25 32
43 88
31 1
74 72
31 5
56 38
46 39
33 96
63 87
42 30
64 88
