61 35
50 29
56 67
57 84
60 50
26 0
35 1
45 0
67 43
60 77
53 95
61 75
44 81
40 5
28 78
68 53
54 25
71 11
54 85
72 13
35 80
38 88
69 94
42 62
38 12
51 63
47 31
67 1
58 94
53 45
38 85
71 74
60 45
58 36
43 61
43 83
52 91
34 46
52 78
63 55
36 1
42 96
62 73
27 10
33 92
26 63
47 94
43 10
69 64
74 62
41 13
52 87
66 36
36 21
70 26
73 23
35 41
36 86
66 9
64 27
70 81
61 87
50 82
68 54
27 83
70 16
62 93
48 18
33 11
26 37
56 83
46 10
74 64
44 86
72 47
34 91
36 62
47 15
46 29
31 69
51 66
25 75
71 71
37 53
73 51
49 69
46 62
57 52
46 57
38 40
71 37
28 45
65 46
61 90
64 79
59 100
37 68
71 20
39 20
33 28
71 40
75 37
36 90
42 79
40 60
25 75
28 95
47 93
69 95
29 19
53 10
64 54
37 99
35 93
33 4
52 73
29 78
42 100
44 16
31 49
53 95
47 77
50 76
29 0
58 47
46 69
45 88
26 36
36 33
67 64
54 95
46 35
31 80
60 19
61 18
38 38
61 78
34 9
70 31
67 26
71 91
48 67
37 44
51 98
39 42
57 66
49 80
40 14
70 11
30 72
33 21
31 61
38 9
71 39
49 42
55 22
51 60
69 51
71 18
72 57
34 60
34 95
42 98
56 35
42 79
46 23
38 43
69 67
72 36
36 65
45 82
27 42
50 26
67 61
70 3
29 56
30 18
55 86
38 52
72 89
57 61
33 4
47 25
70 33
31 44
63 67
49 5
45 48
51 92
27 4
73 76
37 39
35 13
48 32
70 48
30 48
27 98
29 8
57 78
60 74
40 54
62 35
45 66
50 2
59 17
31 32
30 46
68 61
62 7
54 58
58 44
37 9
26 97
31 20
30 40
43 35
72 93
61 29
75 6
36 25
70 89
75 36
43 1
28 26
60 31
68 40
56 70
73 26
67 44
31 92
49 23
34 19
55 74
73 4
48 41
51 91
61 88
25 79
37 12
29 79
66 95
72 90
26 17
28 96
37 22
72 29
56 47
50 61
48 53
27 23
59 77
36 91
29 3
50 98
70 87
67 49
55 32
71 66
62 99
37 25
27 12
47 53
52 31
34 68
63 88
62 100
45 79
54 33
53 80
35 11
64 2
63 86
45 70
31 14
30 80
25 65
43 80
61 74
29 57
75 72
33 41
34 80
67 59
35 12
71 9
61 48
72 33
45 83
34 65
52 26
51 69
45 7
25 100
52 52
50 61
39 0
64 37
48 76
32 72
60 40
51 46
31 50
70 22
67 99
63 80
29 91
69 17
60 16
32 24
52 78
68 12
56 6
43 61
64 67
51 88
49 94
54 18
62 95
39 6
63 26
44 24
64 99
68 88
72 78
37 84
25 88
44 90
55 59
29 20
62 2
36 61
46 37
42 75
33 60
58 72
46 54
67 91
60 87
65 43
41 99
74 8
62 18
74 42
45 93
41 49
57 17
70 52
47 96
73 43
36 70
28 93
42 96
30 53
62 50
25 85
52 56
59 63
63 93
58 68
30 32
66 14
49 4
71 97
41 40
74 47
51 41
37 74
66 42
62 89
25 59
39 0
66 18
63 39
46 82
59 67
60 98
60 6
28 42
42 11
48 91
26 14
75 84
39 73
40 7
34 16
66 37
45 27
62 34
72 31
33 74
54 54
47 16
38 37
47 43
33 12
31 55
56 14
56 32
60 96
43 90
