68 55
67 55
40 24
30 78
74 26
70 9
44 35
42 45
37 37
36 8
33 16
75 52
69 37
28 78
28 15
56 42
59 62
67 78
50 47
36 42
28 5
73 31
41 80
66 16
58 54
53 99
34 100
69 72
65 48
52 56
67 0
60 7
56 68
58 80
66 29
71 97
40 13
64 16
64 76
44 2
36 32
75 63
36 3
34 90
46 27
28 46
54 34
56 97
72 54
56 68
39 97
45 81
28 4
37 41
31 69
52 52
65 92
53 84
70 19
28 30
60 84
27 83
67 44
55 0
48 48
50 64
37 15
71 94
68 2
49 15
30 87
68 22
40 58
74 48
59 81
60 89
42 9
31 26
60 63
62 62
27 82
59 59
59 83
63 88
74 76
64 59
64 27
38 4
36 90
28 21
25 11
47 12
71 98
59 54
37 92
44 62
66 85
35 69
39 6
63 66
61 3
25 61
71 59
58 60
72 1
57 59
47 39
59 88
52 87
54 62
48 23
34 73
41 48
72 76
62 94
68 68
37 96
28 5
34 29
68 13
30 4
45 88
60 19
32 30
58 9
68 32
50 81
55 17
73 96
70 30
32 45
44 15
74 32
56 23
46 92
56 30
58 8
56 73
68 16
42 67
25 24
35 99
38 84
68 9
32 3
65 83
58 86
69 94
42 53
63 11
43 91
39 16
47 93
42 20
28 23
40 33
46 62
32 25
36 0
31 98
67 18
50 39
59 78
46 64
65 33
53 88
37 99
63 44
52 58
66 56
51 37
55 93
30 2
73 91
41 28
67 78
55 47
66 8
35 50
37 18
61 66
26 2
44 19
74 19
59 40
56 44
26 48
67 58
28 77
26 46
46 54
75 11
58 74
30 57
67 59
69 80
62 82
51 78
69 70
36 35
33 16
52 82
58 50
41 66
44 87
50 9
44 21
43 70
36 29
68 40
75 100
68 61
43 49
31 17
65 42
53 94
73 99
44 35
72 48
62 36
41 12
48 18
52 64
54 14
40 37
51 28
53 80
40 16
72 92
34 63
68 86
60 31
71 33
32 79
68 63
46 38
70 85
46 4
54 34
27 97
62 11
27 44
28 49
42 87
71 15
43 2
36 46
56 90
60 36
57 80
25 6
57 81
72 80
62 69
27 2
46 59
52 24
42 99
56 14
65 93
48 45
74 95
44 79
50 20
62 4
71 55
31 83
30 70
37 10
54 64
28 63
43 37
55 79
25 62
35 42
35 93
72 49
57 25
64 1
36 10
54 31
44 53
45 55
66 20
63 51
33 64
35 25
48 48
64 82
62 56
28 96
58 15
72 51
56 74
44 100
56 5
44 24
48 23
63 70
38 15
73 82
51 41
32 65
49 47
29 45
63 68
34 40
41 23
46 31
37 88
37 91
73 12
30 5
34 76
40 29
69 22
52 92
70 76
69 44
43 79
66 67
71 66
63 8
70 46
26 62
25 22
49 51
64 34
40 11
67 58
52 82
35 7
54 27
71 23
63 2
31 27
28 4
39 76
43 85
46 71
40 100
44 88
43 100
56 92
38 86
25 51
49 33
31 84
28 21
44 79
50 61
26 99
70 60
57 77
62 61
52 11
56 62
41 77
65 65
67 15
43 95
55 7
25 25
49 53
69 8
45 60
57 57
71 14
63 87
72 84
42 3
69 96
57 87
50 68
69 13
40 78
43 0
33 23
72 9
74 60
33 24
75 21
43 79
54 49
47 62
75 27
37 39
42 82
48 81
61 5
72 42
41 74
75 89
59 39
48 88
51 3
66 64
35 66
40 25
71 11
