48 41
52 55
38 13
43 80
40 69
62 14
53 92
41 61
50 50
43 21
56 42
26 35
52 40
68 68
74 28
31 35
40 75
42 22
45 94
70 83
36 84
47 39
46 88
35 85
46 4
47 60
39 93
75 21
58 92
35 93
38 84
55 54
65 57
55 68
67 57
31 89
55 21
60 71
70 83
27 20
51 14
32 41
33 67
42 66
33 53
73 12
67 87
47 84
62 29
48 6
71 18
64 61
63 88
37 24
46 79
69 89
48 30
53 6
49 10
72 89
25 81
75 7
32 44
52 69
65 49
30 42
65 23
52 98
40 85
75 10
48 61
73 16
56 60
63 67
68 27
56 34
55 27
58 90
75 7
65 0
29 9
25 94
75 56
52 56
49 53
60 24
53 62
59 43
44 6
70 44
60 80
61 96
73 43
61 1
70 73
64 67
65 27
52 86
39 94
55 53
74 48
29 25
45 17
55 82
71 16
63 63
75 92
74 88
50 42
47 36
59 73
56 15
39 88
53 79
52 79
62 72
70 77
68 57
56 30
52 77
32 34
54 16
69 31
25 66
39 6
68 39
30 53
59 40
27 12
58 19
36 40
39 23
29 98
46 31
73 8
72 26
57 16
38 59
32 50
49 77
69 67
25 90
45 40
65 14
60 70
41 74
26 6
68 89
30 74
46 4
59 99
55 95
67 83
71 3
55 9
64 87
29 58
29 71
75 60
47 31
48 8
60 44
54 54
56 100
32 61
49 57
46 95
53 8
30 8
73 53
57 35
32 72
55 81
73 71
39 9
26 38
45 32
74 92
33 35
69 34
45 96
38 72
26 71
36 10
71 46
35 29
45 87
64 94
57 87
75 48
27 49
35 6
53 96
43 17
48 60
75 37
51 87
39 37
68 12
62 71
35 60
57 6
27 80
48 94
25 15
31 72
40 20
32 0
67 41
58 72
50 51
52 82
29 15
53 29
27 89
67 23
54 12
48 92
68 25
44 20
25 10
70 32
41 33
45 91
72 58
58 52
72 73
43 15
62 1
29 33
41 25
52 14
46 2
71 85
27 21
26 12
68 7
75 61
34 5
56 18
47 94
67 100
75 8
69 28
73 17
51 85
48 29
68 28
46 10
34 24
38 66
45 96
35 8
25 92
26 69
36 38
46 96
75 70
52 46
71 19
30 9
69 71
47 33
31 26
75 23
46 82
38 90
42 41
67 68
74 6
47 89
28 84
57 50
43 84
60 23
57 60
32 62
51 69
58 5
31 94
56 59
42 50
73 0
62 52
36 39
58 42
56 92
62 5
45 39
27 81
39 81
52 24
43 16
66 35
29 65
56 78
67 12
25 73
56 98
38 84
57 54
36 73
54 91
48 9
67 67
52 95
53 21
45 52
59 92
75 58
60 65
58 8
73 28
75 41
32 5
26 31
63 66
51 74
35 96
57 50
26 67
34 11
57 6
58 47
42 93
31 58
48 89
53 31
72 84
55 72
58 52
39 65
39 92
51 87
31 40
64 97
71 66
66 90
53 13
36 52
48 26
35 30
34 4
75 35
71 3
67 68
73 25
30 89
39 50
60 37
51 8
47 42
46 7
44 16
48 9
38 47
49 58
49 79
55 21
36 53
33 84
63 10
75 94
52 62
42 46
34 33
51 33
53 99
66 98
34 53
26 62
63 13
75 19
26 75
40 9
47 85
49 89
65 7
35 14
40 67
57 66
74 27
38 74
66 5
75 96
45 86
56 45
57 73
75 54
64 46
49 36
54 82
49 76
67 20
45 22
41 1
59 30
68 78
47 21
58 71
