72 65
71 39
73 33
39 7
56 40
46 84
65 55
46 62
37 48
27 47
34 86
39 11
75 38
53 57
68 68
57 93
44 23
53 30
50 71
25 36
46 2
73 38
60 80
36 43
44 4
52 33
67 59
64 52
68 2
46 40
40 75
59 67
29 27
73 63
32 15
56 67
75 21
41 87
37 30
58 9
62 84
65 10
64 49
35 49
40 67
69 29
32 80
38 26
33 1
36 44
28 4
71 25
62 99
54 36
35 97
52 78
50 4
33 55
33 11
57 11
27 25
67 61
35 15
54 19
46 8
37 69
73 75
50 72
34 46
47 46
42 80
39 24
54 6
69 51
46 57
32 97
27 13
52 20
51 10
67 35
36 26
71 64
66 74
59 41
65 54
49 44
51 51
36 65
39 52
63 25
63 96
37 44
37 11
46 48
52 33
33 91
62 39
75 100
30 5
60 60
29 58
71 34
31 76
75 14
35 74
75 27
48 51
66 32
58 85
45 73
43 73
37 60
53 12
70 90
34 85
74 13
33 64
67 3
37 44
56 72
35 100
69 21
60 11
58 78
43 25
33 93
42 30
57 14
27 8
69 20
27 36
51 88
28 71
68 50
41 25
75 52
39 56
67 18
63 86
39 17
40 2
27 32
56 58
54 71
51 59
37 53
55 63
68 92
62 7
47 91
75 51
27 97
37 41
49 62
26 27
50 75
64 66
73 39
47 89
48 22
59 39
55 58
49 64
68 70
74 12
52 52
27 12
61 72
69 65
61 63
32 76
36 90
65 65
62 3
49 71
31 55
37 57
72 100
67 3
48 24
70 63
69 32
64 35
35 55
39 100
75 13
46 89
61 80
31 23
27 70
40 72
33 77
36 50
57 42
53 81
35 60
41 63
38 64
73 16
28 46
45 65
49 13
47 44
57 13
68 41
27 45
73 50
66 62
34 71
36 61
45 94
36 17
43 29
38 4
50 19
38 38
55 45
45 33
49 53
48 11
25 21
48 60
53 89
44 75
40 53
38 99
38 77
47 40
75 47
35 37
30 98
46 37
67 0
44 84
63 27
69 6
44 88
54 56
57 35
30 68
25 84
52 69
28 47
54 71
38 13
59 27
49 92
73 68
55 76
45 10
41 2
58 68
52 19
46 34
75 46
71 25
29 51
57 13
49 85
42 0
26 79
34 77
74 21
27 82
45 54
45 81
33 80
38 50
74 82
37 30
36 54
54 30
64 97
40 54
29 81
69 89
49 70
47 13
57 48
56 38
67 89
74 61
30 49
59 20
39 35
60 40
42 61
48 24
65 64
60 27
40 35
46 7
74 4
72 47
68 36
36 69
31 28
44 46
45 6
25 73
73 11
43 1
40 51
52 4
32 48
29 22
54 60
44 35
74 47
36 26
57 45
72 12
39 52
49 90
43 89
59 72
38 98
63 55
66 77
71 64
52 88
26 78
29 36
40 41
62 100
33 83
62 4
28 19
51 88
43 54
29 98
72 1
73 91
58 49
44 71
35 72
59 86
75 70
56 25
27 35
53 84
69 35
33 18
54 65
47 34
29 78
43 23
28 16
73 51
30 44
50 38
40 54
34 89
43 19
57 92
67 94
40 25
26 22
29 66
56 16
30 90
35 7
34 96
55 3
68 70
38 70
59 76
52 30
53 87
56 48
38 53
46 53
33 98
68 32
33 48
70 53
26 1
68 41
74 66
56 64
46 68
64 45
54 60
31 7
39 2
43 17
69 55
65 35
45 94
66 86
69 22
30 75
64 69
57 75
27 54
54 65
73 52
66 4
38 15
36 71
