95 41
64 8
23 11
72 61
91 21
62 66
76 2
45 28
14 11
30 88
72 16
60 48
99 100
87 12
86 19
80 52
13 19
22 13
18 44
26 86
9 71
72 87
22 95
21 30
96 48
95 30
45 3
56 8
95 87
39 68
66 76
99 10
77 58
27 99
49 13
22 66
78 58
75 17
35 63
48 74
38 7
68 80
61 34
70 55
90 98
30 94
17 89
54 31
89 98
57 50
16 56
22 6
37 72
27 18
23 50
27 64
46 12
29 51
51 50
46 62
39 44
82 81
48 25
62 25
86 56
75 46
80 43
27 98
17 27
45 91
63 54
72 21
42 72
23 14
26 16
84 69
38 62
59 3
24 44
44 60
14 0
87 50
30 54
75 99
26 48
88 34
15 12
60 28
23 63
54 80
30 54
66 39
95 11
78 42
15 15
40 11
57 44
8 37
13 12
56 19
35 51
92 37
44 16
17 67
0 42
88 73
9 73
31 26
92 39
76 89
68 73
14 65
52 49
57 81
20 26
1 33
4 10
18 57
14 2
51 96
53 73
42 83
50 13
7 66
100 95
64 38
81 15
15 42
42 32
24 86
17 45
13 24
96 80
23 44
67 64
46 34
56 15
49 26
25 13
89 58
93 12
76 18
67 47
67 45
56 87
41 21
72 49
42 19
60 13
50 30
22 48
75 75
72 67
52 10
27 31
43 26
28 58
19 14
2 50
58 14
52 41
65 66
40 75
80 17
47 2
35 61
15 28
61 48
57 26
75 12
46 73
99 89
41 0
37 57
21 74
42 3
52 4
90 56
70 77
75 10
3 17
85 65
62 81
95 43
42 29
54 39
98 73
11 10
81 63
5 75
85 13
1 5
24 90
19 77
46 18
1 30
94 50
96 31
58 19
23 28
74 76
12 97
25 57
24 2
23 44
73 92
48 77
73 66
7 63
10 68
7 51
58 23
37 8
32 96
12 5
45 87
89 97
86 51
78 55
99 23
44 79
41 78
12 99
76 75
40 74
71 63
85 6
99 80
60 74
89 37
53 25
34 73
29 99
73 46
47 29
16 81
50 28
89 83
56 34
0 23
75 88
25 66
3 36
34 82
49 4
75 41
96 87
12 66
10 48
78 69
71 45
92 85
1 88
34 68
99 12
67 7
57 4
35 45
16 99
20 52
2 14
73 93
54 77
28 91
58 68
82 63
33 27
40 100
57 76
17 49
64 42
95 31
38 14
48 53
6 23
88 86
41 99
1 12
63 97
57 15
31 25
92 10
59 86
23 52
17 48
9 88
40 16
87 24
17 66
35 48
1 36
14 92
84 20
11 84
0 76
62 37
48 36
1 22
25 40
48 11
15 45
92 47
66 11
56 0
37 60
14 78
90 48
85 75
67 5
6 93
15 26
68 21
48 83
80 40
99 86
14 64
74 74
53 97
68 2
45 15
14 31
20 86
7 9
20 94
77 40
70 75
44 72
95 71
48 32
48 19
91 66
89 70
19 83
26 25
42 87
44 40
85 82
78 54
78 28
18 3
24 65
20 14
5 5
57 68
68 93
0 39
43 73
31 22
41 85
36 70
9 65
65 89
2 31
81 35
3 20
77 45
35 59
51 83
42 64
77 65
87 29
59 8
4 40
38 39
10 39
72 40
28 99
15 17
50 11
91 36
33 94
86 47
61 36
7 2
49 9
44 39
91 100
59 46
68 82
69 97
13 75
42 96
35 59
99 76
78 35
83 6
71 38
58 13
55 14
45 81
37 95
61 78
26 78
41 56
14 48
87 5
29 99
41 89
33 36
96 57
