89 38
33 85
47 89
99 13
81 98
26 54
13 23
89 31
96 61
70 31
56 89
54 23
4 34
17 67
39 56
25 63
55 72
44 72
50 59
9 78
18 31
92 70
14 32
74 10
88 53
24 9
25 27
44 60
65 100
41 2
39 30
93 62
76 94
68 72
60 18
18 31
83 67
44 26
94 72
29 20
30 66
91 27
81 65
94 83
23 70
85 17
68 37
38 33
22 90
14 36
8 39
54 85
75 16
94 51
90 81
34 72
73 100
81 36
64 2
27 28
49 31
36 62
87 76
62 24
16 46
85 79
36 72
96 20
36 12
52 45
8 43
65 100
27 36
92 82
72 82
26 89
24 60
66 45
6 52
96 42
43 17
100 2
96 31
91 47
92 35
76 53
65 65
16 47
7 77
77 5
51 100
94 56
54 26
21 39
98 2
69 32
49 22
18 47
94 35
92 3
60 66
53 61
73 17
22 81
34 62
100 38
65 16
6 45
78 6
6 92
79 36
15 10
76 66
50 73
96 56
15 3
38 97
5 99
61 85
34 96
12 52
60 10
70 13
28 35
39 42
62 83
61 90
47 11
33 65
3 53
66 73
54 40
92 49
92 34
63 20
37 62
52 21
77 22
4 25
92 43
3 82
41 98
0 89
27 4
6 23
53 48
25 60
66 14
4 65
62 40
2 49
20 81
100 78
38 47
73 60
24 62
33 58
89 13
64 50
73 60
56 91
60 52
16 12
40 64
45 23
40 46
96 94
79 52
82 26
78 21
2 74
35 67
87 54
89 36
33 20
49 29
38 80
23 93
68 0
22 20
72 56
41 12
17 72
91 46
47 17
41 83
35 50
98 10
45 42
12 93
34 63
17 20
9 69
41 10
33 49
25 3
25 2
19 41
27 96
70 69
13 48
2 80
33 96
14 80
0 66
64 21
51 52
22 63
1 18
80 70
47 39
70 67
32 34
94 23
26 5
58 82
21 39
85 74
74 96
48 0
23 66
2 1
82 50
46 33
40 9
88 56
5 51
9 92
29 97
15 1
62 61
65 35
53 90
49 4
13 90
15 31
32 46
50 0
20 56
71 58
97 17
97 47
22 33
56 1
79 52
86 99
35 97
100 38
34 15
6 88
51 55
97 55
54 38
33 37
74 69
51 27
15 69
82 72
98 29
32 80
87 7
0 94
58 47
74 47
47 71
64 29
56 58
58 50
2 71
9 0
9 50
1 32
94 34
45 55
42 36
50 64
43 82
10 60
92 44
60 19
59 41
73 11
77 58
18 25
57 77
70 88
69 69
24 26
55 77
91 36
66 40
26 56
46 16
67 21
59 13
80 88
16 15
51 4
3 2
17 28
22 65
28 63
36 12
87 67
15 29
15 73
8 24
8 12
42 59
96 66
24 59
79 93
78 98
11 77
79 97
83 17
62 14
84 40
97 92
87 84
18 66
34 54
77 10
17 13
81 20
45 6
14 3
45 15
30 63
74 15
89 27
70 73
82 64
17 73
66 49
80 23
83 49
77 77
19 45
66 58
5 4
34 3
12 13
75 48
81 67
45 76
94 61
8 40
12 64
52 67
8 35
69 32
68 57
1 98
60 22
45 29
91 5
96 92
74 44
32 52
90 68
25 15
30 67
33 67
66 24
76 8
34 91
83 3
28 43
31 28
38 66
25 14
70 21
52 98
85 64
84 7
73 63
70 26
52 37
48 58
21 9
65 62
40 45
42 80
35 81
90 77
63 39
97 27
8 48
50 66
83 19
5 9
97 20
20 99
92 80
82 100
78 58
17 81
38 54
74 15
