92 97
21 87
70 7
20 42
51 13
58 95
93 81
6 17
88 9
56 60
35 20
18 86
78 56
19 59
79 68
70 81
62 21
63 40
76 49
64 67
8 40
57 65
73 60
12 47
25 81
47 7
19 14
72 98
55 45
46 8
91 35
85 33
71 1
52 52
18 97
9 7
47 18
36 78
90 20
30 72
81 40
11 14
92 5
96 78
11 1
29 1
25 32
99 51
19 18
27 28
52 25
79 65
25 72
28 5
12 13
16 52
24 76
69 5
97 10
14 66
94 86
52 21
53 59
6 48
48 85
99 40
77 82
64 37
80 61
22 0
19 19
49 40
90 70
42 55
80 0
97 48
17 99
49 93
1 89
70 60
86 77
48 77
30 24
14 66
33 37
57 80
32 78
93 99
51 78
1 41
78 11
56 17
52 57
28 59
56 54
79 11
1 40
45 25
28 57
87 71
66 53
26 55
61 78
16 39
79 20
9 83
4 20
91 91
33 74
48 55
72 70
50 73
43 96
4 36
20 62
49 11
25 65
56 39
23 91
100 86
67 52
7 89
26 4
74 58
90 94
31 54
65 51
25 48
44 63
14 74
7 86
30 23
90 34
70 84
93 0
69 17
59 75
72 94
65 36
84 5
4 96
94 33
32 94
92 28
42 64
54 69
42 39
56 87
13 67
93 82
20 76
50 18
59 5
59 11
25 99
43 93
90 54
18 62
53 42
24 66
51 13
44 67
66 97
96 55
50 47
14 34
75 60
43 58
38 3
69 21
3 16
73 3
92 87
65 9
35 8
28 6
42 60
35 36
47 2
14 33
0 92
19 50
43 20
7 75
27 70
70 75
82 85
10 97
8 72
36 31
28 78
32 42
36 50
15 72
68 55
30 14
62 38
53 46
12 5
64 6
29 99
10 59
9 78
40 90
31 1
84 92
95 65
2 59
80 88
72 34
51 89
73 56
95 56
82 19
84 40
58 80
82 18
31 16
79 74
10 35
17 93
16 83
23 32
20 92
52 94
32 87
82 59
69 42
22 68
27 64
58 81
68 70
58 98
28 80
15 21
51 76
76 46
81 79
83 87
21 75
95 40
25 70
13 30
68 8
75 4
47 40
54 68
3 10
96 37
56 81
47 60
76 59
59 82
82 75
18 24
52 83
12 0
87 62
30 21
62 72
29 13
91 41
57 55
96 5
89 1
45 26
97 85
100 33
77 88
52 3
29 22
92 56
30 14
49 54
32 32
90 63
39 37
70 85
10 6
78 100
91 68
68 32
92 2
17 12
22 27
91 62
54 23
44 90
89 80
5 3
77 90
41 53
47 78
50 60
40 7
28 74
48 5
72 68
78 78
67 53
32 19
57 9
86 49
37 56
100 0
12 77
64 84
18 97
67 65
4 58
24 23
76 31
64 39
63 63
88 46
83 77
0 48
37 15
87 33
85 71
33 17
51 85
79 62
43 12
15 21
27 100
75 34
93 23
80 43
46 78
38 98
18 88
99 79
71 87
42 79
16 34
24 28
9 12
63 86
59 43
75 84
28 89
9 51
37 19
5 37
37 69
82 30
94 1
45 89
88 92
59 25
70 50
29 97
60 34
25 89
84 27
32 44
86 65
60 75
74 85
16 71
73 99
65 12
98 21
64 6
50 78
0 66
99 83
50 42
33 82
31 70
0 38
21 22
35 1
8 35
51 65
11 73
63 38
98 84
23 85
47 0
29 64
85 100
80 89
65 75
59 44
41 51
85 71
76 98
55 63
29 16
37 28
88 2
50 100
86 27
44 81
11 48
25 27
18 74
77 67
