55 91
88 38
65 88
80 79
78 16
37 78
19 65
8 30
59 23
42 74
13 31
81 44
91 0
77 2
1 11
37 81
47 25
14 97
50 87
41 51
63 59
50 30
49 38
33 100
96 96
84 51
83 69
91 53
47 46
74 46
65 68
48 66
85 39
83 68
88 92
76 51
13 19
88 1
72 65
88 57
23 53
93 100
11 7
63 95
40 89
54 59
78 47
89 76
48 70
22 22
96 24
88 56
1 80
15 49
18 48
45 19
29 87
32 80
100 60
78 96
64 60
0 65
3 100
48 3
83 31
2 46
3 67
48 22
59 52
47 54
78 30
84 49
36 26
77 96
90 37
8 37
24 89
8 5
27 16
38 8
73 95
2 2
61 77
20 37
9 43
80 44
7 97
53 69
74 33
57 22
1 22
37 64
87 67
68 15
71 28
100 76
5 64
34 10
98 15
54 25
88 72
40 27
91 51
52 85
30 51
27 31
2 0
82 46
70 77
15 19
38 81
78 7
51 56
25 17
84 47
57 14
80 22
21 72
46 35
65 61
74 1
4 30
29 96
60 20
22 97
58 54
0 7
49 39
5 51
41 59
36 80
15 56
62 90
41 66
42 89
4 70
35 68
0 18
27 31
54 77
1 80
94 86
11 84
4 54
87 15
32 80
71 85
44 20
76 72
94 80
66 85
20 68
38 50
38 60
34 59
24 4
13 24
86 90
75 59
46 96
20 73
66 39
65 6
89 98
60 4
3 100
64 65
96 96
31 30
20 54
1 17
31 41
55 88
82 18
42 47
100 72
91 63
88 23
93 1
94 36
100 46
33 92
77 3
84 62
63 83
70 33
76 75
52 76
1 33
59 12
94 48
25 68
71 64
44 80
59 98
47 50
93 82
98 30
86 0
87 52
27 63
35 39
36 96
33 39
69 90
95 17
75 35
66 95
77 74
96 24
59 94
90 14
68 2
65 83
52 94
28 87
79 60
8 1
29 29
92 92
57 81
48 87
90 73
81 71
82 75
46 43
87 34
83 86
59 46
87 100
8 37
17 67
27 61
84 67
32 10
53 75
11 18
67 8
62 97
27 93
38 37
64 13
1 82
52 98
19 93
47 49
32 70
73 39
16 70
25 88
50 86
8 35
99 18
51 88
54 18
36 86
63 91
84 7
70 63
93 76
9 62
22 100
29 63
77 67
73 49
35 70
71 16
77 57
92 63
39 3
40 43
48 58
29 61
83 84
35 59
34 59
49 65
47 60
71 18
81 25
2 97
98 99
90 3
46 34
52 27
15 43
38 20
17 88
32 25
5 22
6 25
95 0
16 82
16 36
63 10
4 42
0 41
2 79
95 46
33 93
23 48
81 25
30 8
9 56
0 42
56 79
7 17
23 59
12 57
73 76
22 62
36 28
28 19
98 96
11 32
91 39
1 31
45 76
34 17
30 73
51 16
77 2
27 88
12 24
58 65
55 31
77 25
2 27
73 7
92 38
95 0
89 69
23 61
10 7
98 12
18 96
71 94
17 75
27 6
69 26
29 25
73 99
75 55
0 21
36 91
74 55
84 9
11 80
53 67
38 85
54 77
16 29
89 4
31 32
26 5
29 31
4 24
47 24
3 8
81 95
43 76
5 3
80 94
67 16
100 90
90 49
34 93
55 68
19 67
61 75
79 37
43 6
49 100
95 13
30 4
90 35
6 39
98 75
75 20
17 94
28 63
65 99
84 28
18 83
25 30
77 97
2 58
1 16
29 31
37 19
66 75
65 47
52 1
24 19
95 66
80 23
33 41
93 7
99 16
92 76
