92 94
4 70
16 17
83 18
67 9
50 29
53 98
74 97
100 22
21 79
85 23
49 23
80 5
15 12
19 9
72 33
92 32
83 5
61 11
90 39
76 48
2 6
86 13
22 57
65 33
100 18
39 15
4 93
94 51
4 28
59 14
83 49
63 85
41 48
29 28
95 28
24 7
93 42
52 61
20 31
1 81
96 33
1 98
79 89
49 21
25 48
74 74
46 28
82 37
82 43
17 66
39 36
85 84
21 10
61 84
2 0
32 5
94 92
47 12
98 81
21 46
99 41
15 89
71 62
5 9
14 58
54 45
56 5
3 76
48 87
41 18
8 59
32 80
57 71
26 78
93 76
67 43
16 73
86 97
93 37
73 93
17 94
65 60
100 88
2 45
34 49
81 11
74 95
6 55
87 84
11 0
40 66
97 72
77 0
88 92
85 98
42 26
44 73
33 90
37 5
83 72
74 49
59 73
0 75
76 48
2 8
53 87
38 60
70 65
38 96
78 46
81 46
66 38
99 34
24 1
40 0
54 78
87 66
76 26
88 32
84 89
8 73
75 7
12 0
27 50
61 40
3 97
61 83
50 47
6 98
63 9
11 60
92 2
64 15
15 13
43 75
12 20
7 45
17 80
15 93
13 67
6 56
65 92
47 88
48 99
32 14
5 30
81 95
33 47
38 46
13 70
62 38
44 17
5 83
63 13
37 51
3 19
92 0
0 76
12 38
67 7
75 62
25 99
31 71
87 12
37 42
58 51
72 31
49 48
26 47
44 18
47 32
64 29
5 25
92 100
87 87
61 91
94 5
31 98
42 66
1 61
5 59
5 4
96 45
48 80
10 73
76 10
58 40
45 58
80 38
85 7
64 54
71 7
52 0
72 46
1 90
39 36
4 31
51 28
36 87
68 82
24 4
60 50
91 10
60 4
88 77
39 75
27 4
52 39
5 79
36 94
25 87
28 38
78 85
35 55
90 88
88 62
53 37
11 62
79 19
95 67
14 76
17 36
18 1
91 8
13 76
65 67
65 86
42 42
21 41
41 25
27 73
79 36
75 58
36 39
94 43
43 6
90 2
92 85
36 92
3 17
52 17
3 68
73 49
12 44
85 8
66 4
14 69
15 56
47 56
75 31
58 53
27 58
12 30
89 43
20 52
19 40
44 91
24 97
63 33
21 70
60 45
35 10
12 19
88 60
38 36
51 2
31 63
87 66
55 43
41 49
53 41
24 72
29 42
13 72
84 92
41 53
4 1
45 72
72 86
59 70
12 86
90 30
10 98
12 49
21 96
7 13
42 80
6 49
98 90
14 61
74 69
55 94
31 11
81 39
43 29
0 80
76 55
11 97
51 59
0 38
0 97
86 88
37 74
50 99
45 24
89 30
62 78
61 22
39 67
94 26
22 52
10 18
44 31
54 15
97 88
67 48
36 41
23 12
79 39
16 81
84 56
92 57
96 71
17 66
20 40
27 16
59 28
79 87
55 59
6 31
91 63
7 98
88 22
16 64
35 8
75 28
34 66
2 47
93 89
24 40
87 22
76 28
62 62
98 68
4 31
41 13
27 35
17 77
92 50
44 44
10 21
60 29
88 42
89 76
13 78
90 88
81 53
95 29
61 31
1 74
39 94
65 94
71 37
46 7
48 86
49 84
19 55
4 24
79 57
42 52
34 57
13 82
38 98
36 43
63 94
98 46
28 71
21 24
47 68
28 20
38 2
30 21
66 5
10 70
89 45
81 54
4 21
0 64
50 66
16 62
96 6
75 26
63 33
49 54
20 48
76 28
81 8
41 8
13 0
