24 63
55 90
6 18
39 55
23 16
70 12
92 25
64 4
73 44
75 39
62 10
76 6
27 0
16 17
8 94
88 52
39 80
98 24
1 92
83 98
30 0
72 11
60 26
10 95
82 23
75 4
78 80
59 20
75 89
2 3
80 20
64 73
38 43
28 86
23 95
76 81
80 46
10 74
37 5
94 39
69 58
89 10
9 31
42 99
88 33
38 7
92 20
20 67
64 65
96 38
76 53
70 28
44 71
39 42
75 87
23 43
19 87
86 76
56 100
36 95
3 6
99 82
96 53
61 27
5 90
13 55
35 47
95 15
47 60
95 71
62 87
50 68
25 55
4 17
94 60
91 100
54 39
5 12
91 86
80 96
27 13
13 61
84 93
60 62
44 62
24 47
97 1
65 25
10 26
79 38
74 34
97 52
20 75
25 81
89 75
94 37
38 77
89 17
95 55
66 43
20 0
6 92
87 83
98 93
47 84
67 58
10 67
59 86
51 41
35 84
87 16
38 54
45 30
82 21
2 78
75 19
82 66
67 70
85 39
58 13
74 35
39 95
59 64
1 75
38 38
87 53
13 21
68 7
29 59
27 35
1 15
94 31
51 77
69 6
34 95
90 100
77 8
42 36
49 78
66 20
55 56
12 97
48 59
27 37
81 50
56 28
38 65
53 90
88 87
45 32
45 27
41 82
53 53
50 63
40 89
26 22
44 75
92 55
54 57
85 44
55 37
65 83
43 84
68 24
76 28
76 79
96 76
33 20
0 11
89 78
90 11
32 28
49 15
57 80
89 96
38 41
32 36
88 74
8 72
20 15
92 71
56 76
56 5
24 13
78 86
55 96
21 50
89 34
72 22
52 0
33 45
92 35
21 86
62 89
16 33
70 99
39 7
67 17
84 61
17 69
13 24
28 90
40 93
80 31
7 2
65 69
24 90
10 81
24 95
62 90
21 19
80 9
57 49
84 40
4 86
53 63
84 26
72 65
35 96
32 46
55 64
10 61
22 8
83 32
70 35
64 69
62 20
16 5
17 91
43 44
67 56
77 28
20 55
70 47
11 59
4 76
42 83
64 59
17 26
55 22
13 23
41 98
60 70
73 40
50 18
86 20
96 82
65 2
90 63
4 19
79 84
67 31
18 12
48 34
69 26
28 25
44 67
9 33
46 98
97 29
89 39
2 6
8 99
26 69
29 38
8 17
92 19
68 68
55 88
66 92
85 18
48 33
90 29
61 13
8 35
55 39
14 18
67 51
97 89
2 61
40 96
21 37
85 57
90 7
75 59
7 30
83 62
79 30
89 96
76 44
67 96
51 33
14 92
59 51
43 47
48 14
32 94
47 46
73 45
12 38
30 60
44 45
4 39
15 34
63 36
67 11
40 21
71 23
69 75
45 57
53 85
49 48
15 42
44 36
24 27
32 93
23 33
3 56
46 53
13 48
81 24
30 56
98 67
4 84
83 55
62 61
66 65
30 59
51 78
83 71
8 56
24 2
55 46
5 83
98 92
27 1
90 94
72 66
67 4
9 30
64 58
33 13
83 99
86 92
59 6
24 1
32 57
87 55
71 12
0 37
3 4
21 74
18 32
80 13
27 5
13 47
63 25
47 68
61 71
76 49
88 71
93 6
5 11
35 2
84 24
76 88
55 77
27 88
15 70
93 24
84 4
97 85
45 87
90 88
73 10
51 30
62 12
92 89
37 54
37 60
44 23
38 70
92 20
47 90
37 0
13 36
15 17
72 17
99 17
46 58
27 56
39 10
72 31
23 85
89 1
38 12
39 16
7 57
7 82
99 85
