90 74
34 96
43 17
26 80
28 22
70 33
38 38
68 55
20 19
19 47
23 67
19 92
56 54
7 71
15 76
99 31
20 66
32 19
44 33
20 17
96 91
33 58
12 43
87 99
56 85
54 62
20 85
18 64
13 55
45 18
32 99
36 66
80 31
45 79
43 43
34 82
55 87
1 91
14 31
64 98
76 61
82 11
99 19
54 82
58 19
100 65
48 43
14 9
81 44
41 34
54 32
43 27
84 1
3 26
26 45
77 65
55 19
49 44
17 66
35 28
97 74
54 51
19 10
46 5
23 56
87 8
53 26
88 3
30 32
71 74
55 82
63 54
75 59
30 55
40 69
62 6
20 18
58 28
70 20
38 45
69 27
61 46
44 37
35 90
48 73
50 20
49 60
10 55
40 80
11 92
39 2
64 92
32 69
42 98
3 4
58 57
57 16
4 68
0 25
66 58
24 73
20 68
9 0
25 86
63 97
38 84
98 63
21 23
38 15
16 39
55 82
13 30
20 53
82 4
39 36
19 31
81 29
30 11
88 63
46 45
95 18
50 95
28 28
27 20
52 16
54 63
87 50
90 12
75 64
56 46
50 36
40 42
65 63
89 35
52 3
47 11
89 79
97 9
84 81
77 48
9 89
15 21
46 63
46 31
43 84
17 71
71 25
85 77
89 67
90 10
95 74
8 16
1 51
19 49
14 85
97 6
96 54
22 64
60 53
35 25
88 78
70 90
54 68
22 30
9 31
35 69
41 83
91 6
44 92
79 0
2 1
15 6
3 51
29 15
53 97
26 59
91 4
75 40
6 44
53 22
51 18
93 8
36 52
0 98
81 26
74 57
10 97
89 36
14 60
86 53
88 60
38 94
36 83
43 51
12 51
54 80
22 30
5 39
86 29
28 25
13 98
23 19
36 70
8 12
57 18
4 31
81 78
76 41
69 1
89 43
79 51
29 95
58 27
69 99
16 19
70 13
16 25
59 27
95 62
74 70
24 9
25 52
68 76
29 67
29 9
24 78
89 38
37 55
56 3
18 36
69 79
59 20
37 37
59 3
90 6
82 68
6 17
40 5
36 78
48 21
18 73
24 50
21 55
59 6
4 75
88 10
94 64
95 24
10 86
73 67
81 36
35 56
35 83
45 8
25 99
89 69
70 70
64 3
37 53
14 63
71 48
28 32
21 32
49 38
62 95
99 76
93 85
85 21
79 4
15 61
7 24
62 28
19 92
90 70
58 55
17 38
87 69
25 50
41 36
40 80
45 38
19 12
98 78
94 12
5 29
31 24
100 13
24 93
19 21
26 92
41 78
69 7
75 70
7 9
93 89
68 0
16 0
8 64
71 39
55 81
78 71
21 80
55 94
59 44
77 2
53 46
4 55
87 41
66 17
80 21
79 51
29 48
97 45
27 70
38 79
37 42
87 80
85 90
48 5
98 99
55 29
17 65
79 28
34 18
36 21
88 27
81 78
0 9
65 57
35 35
54 83
41 36
73 12
16 43
15 85
60 22
99 52
99 65
44 5
75 78
27 13
34 85
96 8
62 47
67 88
46 28
21 66
50 91
20 56
42 6
65 42
86 97
63 5
29 67
6 63
13 11
0 19
8 61
13 10
57 10
18 99
40 12
49 62
71 46
98 30
60 88
66 99
41 1
69 53
34 70
2 67
53 81
44 52
5 86
72 66
62 2
67 15
43 26
4 14
80 79
68 90
70 36
2 13
42 87
8 17
9 49
11 83
48 4
26 50
98 61
33 43
52 69
5 12
54 76
44 89
86 16
67 84
1 68
66 2
42 58
