91 49
62 10
18 17
76 70
28 91
58 12
87 66
50 26
70 87
100 84
24 40
81 84
21 53
36 53
63 69
17 33
55 11
50 66
62 95
0 70
9 5
39 73
54 14
11 87
35 35
49 28
13 66
0 11
71 84
43 64
38 92
76 44
100 86
76 31
72 68
15 26
79 4
96 71
96 93
87 83
92 50
91 86
23 68
4 28
12 55
51 67
97 44
38 57
93 12
65 31
53 38
57 86
68 46
44 99
26 28
16 66
9 47
92 59
82 67
87 37
100 80
67 72
76 63
54 92
89 35
46 17
70 95
13 78
84 91
100 56
34 38
95 48
60 100
11 87
34 30
6 18
88 78
39 81
46 43
7 99
60 85
32 61
25 64
77 93
22 88
60 56
1 51
80 17
49 86
12 59
33 99
19 39
52 14
64 70
95 24
16 90
94 25
16 40
50 32
77 84
88 66
71 76
19 84
72 95
27 96
97 25
37 97
16 57
51 63
30 46
68 93
75 72
79 24
48 39
45 45
53 81
4 19
93 33
95 94
57 57
51 41
65 41
52 29
48 97
33 23
94 84
81 12
19 72
24 41
37 2
90 24
18 76
54 17
77 38
97 75
88 10
15 100
45 93
23 12
2 46
85 86
62 69
60 56
38 6
82 74
44 95
48 38
82 95
7 48
12 77
83 48
89 83
26 24
30 95
86 72
42 30
61 69
4 16
64 95
89 6
76 61
31 14
96 55
7 11
82 76
36 90
67 22
64 29
40 42
53 32
55 12
91 61
10 56
30 32
76 57
93 95
66 4
33 25
92 50
4 27
74 1
57 16
60 93
59 1
41 64
35 25
4 61
18 67
16 34
14 4
70 35
0 93
98 63
95 56
69 81
57 76
27 63
85 71
46 77
95 98
39 49
29 8
86 18
50 28
2 16
21 44
26 16
72 61
33 54
82 70
24 25
17 58
23 23
53 50
1 76
15 44
60 27
33 100
0 85
74 65
68 72
28 2
33 24
23 89
87 93
55 81
34 99
70 74
49 20
29 75
93 57
63 34
8 31
25 77
65 43
19 81
19 63
77 22
85 27
67 0
22 70
82 67
25 33
71 33
29 49
94 17
74 99
66 63
72 81
47 77
28 53
51 81
32 25
90 94
7 43
14 14
92 95
74 50
82 9
72 96
62 28
28 31
24 61
73 42
83 48
19 3
17 30
39 77
32 39
5 78
16 25
40 65
28 30
46 30
74 35
6 78
70 52
56 25
10 2
28 39
44 29
74 4
1 55
58 13
65 60
20 93
11 93
20 36
60 76
12 16
57 58
12 63
54 81
58 20
47 20
27 86
77 59
2 78
55 80
99 27
71 16
62 78
92 21
26 31
77 89
93 91
14 6
33 42
49 31
86 91
23 59
24 82
84 61
72 20
96 0
8 86
68 96
58 8
10 47
65 24
15 44
55 15
98 12
74 55
18 10
62 2
76 2
85 0
95 92
1 85
80 61
2 74
20 31
59 82
37 91
67 74
30 91
3 3
2 74
15 92
59 34
90 59
41 79
25 80
84 35
62 8
29 5
2 42
99 87
54 30
60 95
27 6
19 62
51 71
86 29
36 31
100 14
6 49
38 13
58 3
72 86
63 93
64 43
49 97
21 57
95 51
40 60
93 57
97 89
65 39
57 28
13 36
4 84
85 92
87 90
19 32
3 56
79 37
47 48
26 42
2 35
40 55
80 33
50 32
99 16
78 50
77 21
4 78
75 75
73 84
95 4
91 77
85 100
82 34
25 41
44 91
0 7
54 43
5 24
57 14
