16 73
64 72
80 67
12 66
32 54
8 21
57 22
57 90
50 97
58 74
31 76
10 85
46 50
77 37
19 8
63 1
25 30
72 82
71 22
83 20
25 27
13 1
13 72
20 85
44 40
56 97
14 44
16 77
37 54
17 24
69 0
15 77
67 91
74 71
35 95
12 19
44 56
91 54
38 22
47 76
68 44
26 89
16 93
33 60
10 95
40 8
45 66
25 85
88 59
52 16
82 9
31 78
30 24
42 58
55 73
58 18
94 48
26 17
28 34
50 91
41 11
41 22
67 50
18 13
24 57
60 28
61 66
26 83
28 8
2 15
1 60
29 50
51 49
57 94
21 93
52 64
58 55
14 99
6 93
58 1
4 20
15 41
85 82
63 62
83 46
61 64
52 50
11 85
66 10
74 35
59 84
16 50
6 42
67 20
92 74
91 16
28 81
84 15
35 50
7 69
41 35
94 29
9 59
30 100
33 52
11 14
38 71
37 65
53 43
45 37
55 16
14 66
51 30
12 91
62 78
27 78
41 46
21 52
87 33
26 10
47 95
30 11
47 50
41 64
22 52
52 77
21 99
44 50
36 55
52 8
92 22
94 21
92 45
55 47
44 46
20 37
2 11
36 54
53 55
67 96
93 100
15 49
21 47
14 97
33 100
24 24
77 37
85 74
14 10
22 75
14 20
0 25
2 94
30 0
96 43
28 26
39 97
82 50
78 56
27 41
53 28
73 76
27 34
21 30
36 60
45 88
35 68
91 5
55 68
27 39
41 37
77 58
72 59
59 49
66 82
28 51
53 78
90 70
94 44
4 25
8 45
83 15
67 65
20 54
3 24
68 33
94 5
85 43
37 92
66 10
43 81
0 77
65 1
88 41
95 47
92 90
9 33
27 40
51 28
100 99
44 42
62 4
29 42
98 17
81 58
3 63
81 1
15 44
88 32
96 23
80 1
69 1
74 37
64 53
28 32
2 13
22 72
36 13
33 52
14 87
6 45
37 79
86 18
59 79
24 13
53 33
27 60
19 0
75 58
75 15
42 98
98 29
72 27
1 5
6 40
44 38
80 51
28 99
60 4
61 88
95 93
50 45
1 49
3 68
54 9
18 70
42 78
36 47
52 54
48 5
56 37
7 51
50 22
44 52
54 26
87 63
37 16
47 20
91 26
82 77
53 91
66 61
62 26
2 49
89 39
86 94
79 23
14 60
56 98
78 30
58 8
87 31
74 68
25 50
5 83
98 17
57 80
6 79
27 53
27 21
1 78
83 7
14 65
59 1
55 36
64 85
2 87
66 96
6 7
96 22
43 87
84 93
77 80
62 73
86 12
30 14
23 82
52 6
52 99
59 7
22 96
5 11
45 88
40 72
54 96
20 26
40 97
21 26
20 58
56 28
85 63
49 26
19 77
44 45
3 51
27 1
79 31
20 100
67 80
9 85
17 32
14 35
76 96
84 1
70 16
51 98
72 19
38 46
97 89
91 58
78 20
91 73
90 60
99 94
96 34
78 86
31 40
58 41
36 72
75 22
47 10
44 91
3 19
47 16
70 88
58 16
99 96
26 45
25 17
27 20
69 39
13 46
57 84
94 14
49 7
76 55
34 24
12 36
80 9
93 22
70 40
48 26
47 80
67 50
78 77
70 12
1 32
19 72
64 61
7 0
98 9
76 41
73 43
17 29
56 51
100 0
37 21
46 94
39 47
79 30
90 19
34 60
82 93
90 11
63 74
57 71
60 23
55 19
31 27
11 72
70 39
64 75
96 63
84 15
12 63
18 92
16 31
24 62
51 8
81 47
