92 56
88 8
66 43
62 76
35 0
12 47
85 15
51 22
36 35
59 39
49 61
51 6
8 40
58 34
49 43
45 38
75 23
31 66
95 66
98 78
14 5
27 62
93 96
55 76
8 83
39 4
56 68
18 22
2 84
64 85
9 87
66 43
89 45
83 60
31 87
41 19
76 38
92 46
7 23
89 3
67 5
30 63
86 7
65 86
58 77
8 91
95 45
43 8
95 69
44 55
33 50
31 52
45 14
49 29
35 12
79 51
49 49
70 63
88 31
41 78
73 66
19 39
52 78
92 97
29 27
77 82
38 42
85 26
73 45
14 42
18 3
91 37
64 8
84 66
55 91
94 35
59 70
35 45
2 74
87 95
95 83
92 37
90 52
81 20
83 84
95 5
27 54
20 33
53 67
89 54
43 24
54 67
80 36
47 72
31 15
15 41
41 97
89 45
77 17
74 48
30 65
95 83
84 5
28 89
82 82
81 7
64 66
58 17
93 97
83 5
88 15
16 36
36 53
46 24
95 29
2 78
76 67
51 37
51 21
58 85
77 57
91 78
86 94
6 55
21 29
90 52
65 7
49 86
50 3
18 51
69 5
80 10
26 75
5 72
2 35
21 82
13 94
1 73
41 80
36 67
90 86
9 30
52 50
9 96
89 46
23 80
47 22
92 61
42 21
54 81
96 91
10 98
63 53
30 84
89 28
98 90
92 27
17 98
68 43
76 16
62 58
73 35
54 47
23 70
94 22
79 18
18 44
96 49
24 52
16 56
65 15
11 49
56 24
62 73
20 22
34 79
8 99
50 68
42 26
37 23
94 10
55 84
96 82
77 58
88 71
40 22
49 28
63 51
50 96
9 83
2 39
71 9
64 71
69 93
42 3
23 6
13 49
41 10
84 35
89 73
38 33
71 28
24 49
46 87
35 30
69 16
23 41
42 15
35 86
47 81
28 16
22 80
16 66
5 66
56 74
81 12
92 99
54 23
40 42
72 17
76 69
4 14
23 55
67 67
78 89
68 48
63 20
97 66
85 87
54 91
75 76
60 65
79 68
81 6
46 55
57 49
43 88
45 58
98 31
25 93
86 27
48 79
8 89
67 76
55 77
85 18
9 62
81 88
91 23
14 12
22 83
64 64
43 64
13 80
46 56
43 69
93 31
74 62
27 65
85 20
66 40
12 37
46 87
83 6
39 58
87 70
67 94
82 86
89 44
31 91
24 21
2 79
79 33
98 92
39 72
15 48
81 0
93 78
41 24
62 45
55 12
20 82
91 1
42 14
70 83
15 38
57 61
29 52
45 43
83 53
94 79
90 72
18 28
84 62
91 89
51 37
44 22
87 88
46 41
99 46
85 23
34 45
99 66
51 56
23 40
30 93
16 44
93 37
21 95
46 73
54 4
1 93
29 39
43 95
50 79
19 93
43 53
32 6
56 69
44 56
38 14
94 0
83 58
2 61
40 30
68 27
4 71
79 25
85 88
85 11
88 81
50 17
4 67
38 63
15 80
22 50
73 22
90 76
72 4
61 48
42 41
86 43
34 57
13 63
96 100
79 32
64 47
62 6
71 60
22 51
75 17
19 85
48 100
68 14
28 3
86 7
62 11
70 30
83 83
49 88
63 18
90 83
64 88
74 86
44 73
28 64
77 92
51 73
47 53
15 58
49 20
73 50
17 44
53 5
51 77
48 92
1 65
71 75
47 76
80 11
74 46
12 9
39 19
48 34
53 80
87 31
34 64
93 76
83 24
64 41
8 16
11 29
2 7
36 10
39 42
15 45
55 96
70 29
4 80
19 54
