55.662866301362 56.4384878219708
51.1469624517615 37.1266103311866
62.6829063447802 49.6008325438594
57.3027070029522 59.2777407782337
35.0258815809204 55.6515091104467
54.9793572160695 43.7306249207471
31.4539896891329 28.2482020652823
45.6156420842634 52.380229583328
63.6145467303759 65.3561806928529
47.8122797280515 29.0457075554184
49.075448299785 49.5873349541941
43.9270755383453 54.2843551085583
59.3693616180402 50.6334960729528
44.5722180273136 40.6012996555736
41.2077350577203 38.5435010118722
40.5309778880824 38.5515096870425
49.3250640372289 40.9568166662972
64.6872718579431 52.5810075973844
61.6699249353685 58.6329736996948
56.695234788828 54.9786289708429
48.5880812170654 51.4454614688715
67.8281028101806 64.0333571799588
51.9823970390793 51.0076798959594
61.705871470259 40.0858119592443
41.1572712296449 45.4412642738099
37.1738576370822 51.0017021363016
39.1907514811237 51.6628799528814
55.4369883584766 52.4101145630199
48.2963226439131 42.0506696284249
44.6437171051124 62.7439325845814
42.1689596081747 68.757310021059
44.1514272279063 48.4614029483129
58.1667983317515 52.8317294410052
59.8015608315051 48.2207779111197
55.7418786688981 63.1499888422211
40.5831604271111 48.7164657872067
40.6590419071233 54.6717554026912
40.9026427962003 48.2919195562617
44.8992313668517 56.7397306385282
56.5431559169489 62.4416639186495
48.937862640423 31.9460630827655
69.1674949591551 52.3308570859133
36.4465138484601 42.9325174783776
52.4306696447391 25.0788965169985
50.0885997501895 38.4319550928574
61.3687696324778 50.8682273045175
48.2700872637567 60.1638357189649
51.0206035268708 56.4035700019085
53.8401509716731 32.478516755998
57.6212856381411 48.7749950624
45.4181567046291 58.9560549892363
53.038315723174 45.0710577122408
53.6754035616344 36.5118644129877
70.5944529164742 25.7191757161966
68.3535576505849 47.8091825193454
56.6152820776236 60.2248587436982
51.4599956420346 37.9853427420711
42.3790262879793 40.330484461889
36.9632315699785 62.8418722789786
46.9504324502225 41.1349542039308
56.6397053895964 49.8561477344562
52.2488243318591 47.7288062959867
50.6636363053084 75.4458779583319
53.6016858568848 56.439754579261
72.1492691791395 41.3841983184967
52.9797847982088 55.6589728039837
61.6156086865669 61.0100255315888
42.3544145111359 42.7937790384953
35.1732469441637 61.7847494641986
58.4141526612012 47.3168225049849
48.4123109528053 54.5793363461209
42.2907325029428 51.7361627857337
43.3141407812068 34.2482096662634
65.3153072310107 60.6264947077619
62.1835392119734 52.2379781600712
56.1806172140403 40.5791150235766
50.5875767307601 61.0091907045584
35.2212450210982 63.1258336451988
53.3060185162637 49.259644996785
49.3256443295594 46.0277369088859
52.8320616247793 58.5607305691431
49.2805885742759 50.2721810933678
59.7048202690082 58.5415455125272
59.780619884295 31.8010222267176
61.7087737760282 64.1887294400319
71.7188841221165 52.0292487201642
55.6931457313187 65.971008018407
40.475388165452 49.7828424368084
50.2444663726483 55.0039785062081
65.7645404754129 55.4170712189085
76.2460646534267 32.3955524464052
50.7232705680986 44.3062714753686
47.9493968668235 49.6841061713649
47.1610549047626 51.9648335130979
47.5198899664771 32.1019478721522
49.984749137492 55.5766157141887
59.4833035435309 71.3049384438382
37.7235265368671 39.2406693914666
74.0016877440538 33.3159914516419
45.675957917588 26.9375875407392
54.8242573418128 38.7861972266261
33.349894366947 37.2705599621074
37.422031908808 60.77965451228
59.297420170886 67.1033609116224
41.171468954789 56.9133339787462
52.8435490835614 44.7244473544805
58.2527070756642 42.724300711815
66.4918979767007 58.1787405536568
46.2001010907721 28.6021781850112
72.4443471095879 63.0760706955656
52.1140125174018 44.3720120868452
67.1406264253805 71.4661063211821
48.4612290203343 46.927511206368
44.9685434207285 58.6320280679372
51.0524196139174 42.1270075426605
64.1083441085279 53.9088026069701
64.4476916537251 37.9165850546617
49.2260386259252 48.5341862408673
47.0300534680577 56.6492135344646
34.3429074604482 53.423944042646
45.7560392958298 43.4906267213117
42.1447843062685 58.152153643527
41.6236743595753 46.7207782614845
64.4136343419803 42.6945744872237
20.2927530919015 49.7916819264416
56.5185566765598 53.5384443634182
51.2041042673318 62.0127864164479
43.0406334810567 42.4614584499268
48.7168137099589 39.4066629585742
63.7625553239738 57.104750995304
43.9757777942749 67.3251230205745
59.9186168420653 50.7371172886905
63.6158960105089 51.3912907085879
57.3748372970871 74.5868905387435
33.3264132432097 67.2053312006751
41.8128695168124 42.9251356912134
44.9142688754262 48.5538649784855
58.1848034113124 42.7356288170244
52.9418295492078 51.9633330946124
39.9290967918987 63.219974775325
62.3895831108991 48.8415715513967
51.0964022691977 43.3759272676908
45.6098253740244 54.9200862790075
61.3242850457515 46.3982570242822
51.9707865968376 41.1746547970203
40.7590026795069 40.1182012400178
50.0026980116088 57.148251270359
53.1370681500081 49.7908258380819
57.4182508864349 51.6562131088609
44.8528137010525 31.4302057580703
39.8255815367996 34.7201776145148
69.9483924875211 50.7973665353164
66.1252882639376 61.5078436651154
49.6266964216286 61.0358719206245
57.6857505879857 62.5890791312556
50.1467523830879 29.3287449046915
35.1244525751267 39.4751781808708
56.1599577564699 46.5437731717321
59.849424913076 55.2121451276201
36.0784500749799 48.7463800666722
58.4222705736703 52.2939764241871
57.5444696799669 52.75012976114
56.6348153697662 50.2760518738068
47.4621009699639 61.0591244206762
40.107678251174 57.4020820290759
45.90584014708 45.645726889696
38.1965907484867 38.5203647813183
66.7100025855158 57.9377076952391
49.5589919270329 45.7500725840478
51.0907314290215 34.8511253499149
48.3156107422134 28.6463743235407
53.9175427946093 47.1983803630246
53.9384795436015 31.8529303533455
55.8382316035125 53.2065207036313
34.484563135638 50.1671402677825
41.7206466562179 49.6431642484685
31.7676654162458 64.0008281933968
48.5691500503275 55.1143856047423
30.6740440154598 41.1509567607702
40.03474962578 52.0635870123825
40.0969212344265 62.4253600134285
30.350396617727 48.0744012474555
55.1114360183348 57.5952876326002
43.9407149480049 49.735820745196
37.5492300539098 62.8975139341907
46.1451498126005 46.7424840465119
55.8625708926021 48.7617919677876
61.6004367959941 68.1997074136678
45.1215590287165 35.8935983951014
49.9242542743578 70.3213081695318
76.4327318601775 31.6195570730767
57.1767624910369 72.9632237921976
60.3800511058276 57.7438139653178
58.5453043817591 62.0606801582011
49.0255195551018 49.1935722522547
62.6909434869834 43.5035289299288
46.0272057381754 55.3498933601084
53.2964867599083 58.679686561748
54.6594847887046 67.5420159172657
47.5594735280396 33.9273809763061
36.2668977401417 53.811359899178
49.5539600385937 51.533081113221
44.8032208948155 51.3171096536095
28.6417470544755 34.1204746962941
30.653077019276 44.1954137153939
58.2512990091309 67.1918895978193
52.181412825822 40.3719217659848
44.6099525487261 46.6636934858455
37.3131064616663 65.1928979074851
35.8926733777354 54.2005752894667
54.6824700435954 44.8056802070851
40.3165411133301 48.8592530317484
64.4755842312116 43.3243882335281
44.8439400874874 31.8777164241176
60.5556044300725 45.6042408215631
58.3440314010228 58.530304070837
51.0938784509611 41.5899993728402
50.4410230510457 58.964266856217
35.2336381183726 51.1652498042489
52.1628712225823 33.0575554442503
55.1474830884139 47.8950913398299
65.2597154761369 53.93446359689
62.5634784894384 43.7479131077845
57.1379950817777 43.9084018106499
48.48562306162 49.3594072635607
55.3000110453419 50.0816806052214
58.5090329708729 59.6774141925937
35.5551020966056 49.3624403763263
42.3842791712784 64.7015719465178
65.1745253756364 36.3056372495088
34.5531106113783 59.6937696729678
55.2407577528953 57.2391674159107
28.7489608067181 59.5737742896003
57.1731893454227 37.3584206443624
58.7512289359632 42.5406345216524
59.4189362976129 45.0646687435383
54.6020571381301 49.172332524189
48.3989390072538 52.0016519704099
45.7117861985708 60.0959169539995
62.8085346866005 28.3783963005899
57.1943132010718 45.9943436307056
48.4181148764498 42.8182650994177
49.580754848845 66.6018259241078
44.8584702526504 49.3017985137077
54.5494566109337 42.7776549086544
42.7852342247105 36.1893257737931
41.2508440162248 50.5927631949589
59.2324197584003 61.6923242990657
53.6714407137506 65.8363674229985
36.824542511664 48.4407839350169
52.2207731104195 42.6071142269784
49.0556729063535 55.5437871871473
75.1428180321866 68.4433392374748
49.6011238090332 49.5230767107715
54.7344414473197 47.5641260367902
58.9472208845908 41.7779243672825
41.7152969223173 40.241942107754
33.9450191497258 51.4644946304562
46.6185466321317 57.5897559382189
38.9875202172797 44.2638676857395
48.2357777955211 40.2722780501732
41.1219085816337 72.2753095499773
38.6043375692875 59.3677054442522
43.4493162829496 50.9914547798533
63.4424185169739 52.7092191095267
59.8838675072781 64.0453444608761
41.4343098851282 45.5112474516464
64.5595518656306 61.2639941342235
41.096559007434 69.722741715051
38.9034741464343 37.9732087292554
57.9344654801342 59.1883204119108
58.0844108016373 45.7966547942716
56.044213635962 41.487941664481
65.469518593818 41.1401950949962
42.5670530643028 59.2788485979548
64.4038274455677 41.9944813274019
62.9022956986578 56.3655898770501
38.5900080283962 27.0252456153976
60.5261706922887 47.839779124489
39.3661627369197 48.1075331677128
47.1432633885553 51.89780893745
39.3913843908629 70.437022517471
67.3039598268203 43.6815083344092
59.7176511506104 37.5430776831572
52.9438788441339 31.0879859451141
42.3367576877934 49.7370625496532
50.9596884506715 55.0235640966942
41.0814466383797 66.616052770995
56.6784597766921 45.9929416191628
46.3300094271266 53.6226042901054
53.7166535422291 45.1918322934946
33.1388382076321 27.3964684146134
55.7538579170048 73.9812330092495
46.7413478095936 51.5151796309401
62.6735156141107 52.2255158979707
56.9343058062924 53.2873689066201
40.5695617260264 62.2389134887768
51.7610650524955 43.4436130668817
67.0752213600177 49.650288385872
73.9016720720996 52.0880820690177
57.9101968769051 59.3152438772517
46.8288646833215 31.0526728497781
44.8607545391254 59.6078898840203
57.8555154023662 54.0994229654968
47.1692544927926 45.2430745362647
33.5996735281798 69.0264804124322
54.8349522438539 38.4371698993056
32.2236317422573 66.5627052682519
47.4373632671479 40.9642819639101
61.8636335243289 47.6784586188464
39.0445873728169 48.4785013418325
49.7327131807449 59.6139510970001
66.0404949371136 55.433291745039
76.1456718638312 42.8216165820862
56.3759195719266 46.5999414683172
40.6273205549655 36.4811230765346
66.9455882272539 63.534616763598
58.7035519901409 35.9019300756295
37.2067406028928 44.6264449867424
54.4052263483645 58.6414993187491
65.3775605805494 32.1149828966012
55.5598486960163 46.5141156826364
59.5259411269963 44.9724761226956
43.9213043032932 42.4144663146121
49.6455058754387 39.768726707347
38.5896755538413 57.7960062704681
27.9471418435674 62.1333880568501
61.225806998138 49.4395191478285
34.0389472761471 44.9537585679874
68.2901324583236 34.5117740226281
57.5568000294993 62.5971914768996
60.391514830627 49.0430699268572
67.2496140665301 66.2078325651135
63.3374314062817 56.5081210673375
42.3471066456991 52.1791967112196
54.3737041292112 64.0604017901936
52.9825715637953 38.2951810859911
38.3272135222904 47.3359304102194
31.7495544715778 70.1257205726398
60.5809922479981 49.8019894880906
40.2840603969036 61.9115443734777
54.8775200653892 50.4741156554357
65.0870327177886 42.6713056477128
50.4538686493428 51.5527349935012
57.9574221152368 45.3371741237662
46.7104163665087 58.9562099220837
57.0666921010361 43.4348188345951
57.4393015990821 59.9384529408942
56.0240651155702 66.5233703789954
52.0212068387674 53.4197431504863
62.4853262851768 41.6803772521072
46.5328316582789 52.0193941299432
45.2199616909706 52.8282790706939
72.9076876636422 38.7651551968154
53.1404433619683 43.3627323599037
46.7390562110195 46.2187030373679
44.6316062148481 43.819248763087
37.7227607259059 42.0309006318704
41.6994461634282 30.4367345856021
50.0784999315576 53.860611988213
52.6915356221728 59.3733500161173
47.4823458748294 61.7818656071625
47.7148506171721 56.862197603192
18.8694390198855 58.4267323624386
42.6917705927017 38.9375733587924
65.042193248364 45.8489866425151
53.6503551860536 76.3830151336159
52.1718419895817 46.9627838622775
22.6691215026648 44.0787206389543
60.3414652870794 31.9953291175312
49.9587222137081 56.6960077574259
58.5531979723394 55.2446082361446
69.1017254765062 69.6609816548155
42.3167463370841 60.3681748839146
55.3663037756785 35.6034378854397
58.2628035679981 59.0959760004705
26.4116407422249 31.3872879154843
60.6182824060545 49.3028566786357
54.60035104459 54.3211363923154
47.6859437089803 54.0978699029976
31.7183093327607 57.2870143222744
57.7621244317361 49.9898383843021
51.5061933700909 54.6819128440067
63.0524346106872 34.7371781944459
59.8411852485442 42.3087087661084
56.9769508252981 59.0515817921011
54.8124190293749 62.0494836508386
66.9575304635667 55.295504375709
38.9938296288866 55.7378521461554
48.9222315993786 49.2954067489282
48.5065271892483 62.6710480526863
58.3171483423675 58.9280206507852
42.5101359900181 55.0963781124329
64.7292774731685 49.6845409710191
45.0243123959332 69.2892749565983
42.8967618825668 54.8568822680812
56.5318497718105 57.3287053402267
53.3857794571996 55.5271255017404
68.5840508755566 53.1737355035884
41.3784920944996 61.8359910584013
