37.1442219651043 44.3413974054354
69.3223083246818 64.7385420614239
33.0394484868577 54.9979774140987
41.0883106010093 56.9924212773814
40.332466396488 59.9233494339957
57.2278854036873 57.6425222000462
76.7651134566216 47.5814352291298
50.6845435584091 35.9637906201318
56.6856906561041 47.0779605911794
34.5790530135804 45.615691907936
55.5687305222416 60.2425333432743
33.2360680818268 59.841913895084
30.6749165304397 53.5598455515864
52.9406688730686 54.9721408728285
38.3676279548686 51.0527064577415
56.4242335481004 40.9413711012863
31.4630617900388 63.5528607816253
39.1663411842678 53.4533348294012
62.2673378964282 46.8235806184227
52.3957059834939 40.4505027737156
45.6891803349025 51.3227515125288
38.7747564190065 60.1573934806712
51.5981129936815 51.2708138211326
58.4208942909172 45.3963718401579
58.6907520818649 63.7958967710069
58.1922341926028 47.2971769517486
45.5815824545421 54.1141017537397
35.5732927399029 43.6138755829718
45.0014952534074 47.1179883147694
51.7573525585823 45.940577876724
34.127045548802 44.1552596572261
41.4008314285758 45.1881599056204
50.8458623459021 51.5494091757646
23.4680103108878 47.6406712293361
52.9531680331564 45.1554611078084
31.1084246565362 32.2734849722334
62.6778650082508 57.7532274064425
63.0831017526147 56.0843750780398
49.4354515109795 60.2162098027084
36.8848418470576 44.3526696328533
56.4828377564302 66.6953294836782
51.3801880577547 58.845891338942
53.5393138797769 36.4542624769706
58.6647499493818 37.4603148895093
58.2781277423063 55.322467566836
69.6126128613044 44.6370265030583
42.6381659633116 47.2452873186825
54.0069663900111 44.2467142327195
50.5115760200261 54.3864683000006
38.0752874967967 52.6192574019493
63.122638620652 48.6407928613525
50.4140445878879 43.991408725171
59.4853942812133 32.8067001284024
67.728696778509 42.2656588640474
61.8663374417988 40.8107257944883
54.4533702461694 46.1597224278697
47.8097757291437 53.2623769152144
57.2922053812819 35.3897374221126
73.0702402846274 37.0390282075963
63.7760456863228 56.5149454387246
42.9388032745297 52.9278098639899
58.579004776005 63.4064110060347
41.7878588124929 54.0598270390581
39.7038241218726 47.1167527399887
45.5343067773705 41.5715131308694
47.3017859087286 55.4579616699335
46.4636968673724 50.6899055100747
66.2210069014271 55.8156264465798
51.457822868684 38.3157976368924
43.2590104470875 64.9573032627274
47.5287465998664 44.9169786426819
51.802985703469 50.6683991982101
36.4744698085846 61.9436380843951
29.804815409444 51.0817562060369
32.140075157767 51.7550728322369
46.6157057256666 54.721488982819
24.5023539410012 63.4132799861819
43.8033113763212 35.0696687499334
66.0761899001929 47.7760004562164
43.7212608432866 39.5596710670626
48.4284194297448 33.1121808488384
50.9171058024404 39.1423186530182
70.5056122777252 54.5568214380942
50.0040243940917 45.5576193395272
50.4653926370199 69.8748507387511
68.8410405799626 46.3744385355525
50.4268694044421 63.5164044794117
36.3080803020867 36.2675240517301
44.2297917263414 45.6423179047617
49.7055496547641 42.3613650437545
39.0674924662874 55.0895281705993
48.3170805417934 65.8481617998778
35.4691589069017 46.8768762455621
52.3918791614835 43.5618608143287
60.6474065521226 56.9121695568556
41.4364393121203 54.7675244400322
51.2586767372139 57.2671179645743
46.8175124676212 64.1259240446811
42.2667569256577 32.1676688316532
72.2573770275469 47.1080300485551
47.2243129422327 42.8170347105356
48.9353441275843 58.7841564052295
56.2985628459037 49.7543258597761
51.7169688033614 55.3493630545186
53.8460687771726 55.4857789055857
52.5109296529288 30.8871462906135
60.1768318654515 42.1874750473808
44.6190654871009 63.1095560980487
45.1105220121234 40.5327731447586
36.23687043125 44.5252297417108
46.6977035579961 39.1375597559489
44.3569913963542 53.511622411774
63.3524688678349 46.4588077784513
51.7955585110061 42.198309354871
56.7924059067804 40.8936874201529
54.6603745992052 33.5577929078394
54.5234752118469 56.4165218313868
48.7195313191465 52.8560526861172
39.9121459603964 58.7343400078378
57.6901942995072 58.4700261606563
38.8799429964422 60.0821213665203
53.2287357604585 33.7589505423221
44.7385969784 48.2919240277867
49.3120586062073 46.8583183394802
44.1850999585598 50.1294257588756
52.8476918936612 43.7879584522611
31.96096376462 49.1145186964738
46.5704425556393 55.3624693617477
51.8270413099665 57.690494388198
46.3930771384479 55.0690989638233
47.0229880047726 42.2732386948458
53.5411602347991 44.5710935375901
55.0625555253015 46.6130633810802
42.6479254647251 56.0076106932886
34.9605261067154 50.2676037088314
61.3122087002716 57.0548499727429
68.5948700470666 42.5251250491435
58.3154410615775 57.6455289905102
56.6451450740246 54.5369656845663
47.002673528853 37.1562233150585
31.5103070253492 63.3629805629321
52.8970500073727 50.556595752755
50.0254966508059 54.6036197210049
49.2339378360036 52.0020754991377
51.5058618262876 56.0538337977563
40.1342978927629 49.7487452656975
38.7177384910179 59.2856467362747
43.922869016583 45.0912163029801
54.5845207378051 53.4512492901836
47.313124642802 62.789800156675
52.0242164929744 33.2427970211857
44.7426653699819 25.3769254932755
49.5739007259976 39.1497937345828
46.1174915402669 54.5772087041167
58.5869717448249 58.9792359241293
38.845569861555 43.1517775149594
41.7784560518241 65.9527374831227
50.0139921457535 57.1318599308429
53.3787135896582 46.0719614812123
66.0865164964435 28.0849378765752
49.6168891362732 49.8059679881822
60.3895534547119 52.8610031048545
42.6249768749905 61.265831405226
40.5147411218179 54.0235128626669
42.4518929382257 41.5894272560384
35.5282145551094 41.8794204683211
52.1781849748145 42.5969895239575
64.8128530695862 54.7082469059423
53.1423933368461 64.3932167514873
56.8948364494048 57.4423745336853
57.969494843138 45.8383311808358
48.1406070441138 60.8133942134448
49.8894182689938 54.2463478186751
57.7405017850785 50.8901447542784
67.7325164910391 40.0986748697096
33.9758754047172 52.7608372210153
62.6101235620884 46.6835742125891
73.3358227451855 52.9380703447812
48.7675348174152 55.7039832350516
63.8742636491441 48.2645547215178
39.557631366812 49.308504093934
53.5541025563025 68.7609224619765
69.7166928620622 45.3693590802859
40.5264241933925 31.4659418052693
52.2926809159052 30.7015148383905
50.2209228122097 28.944817258649
28.2845530439638 49.0334657077218
38.6508425438359 45.6636206118356
49.2246473418093 46.6428007652544
49.353659762476 34.9751111643803
34.0930696516311 63.5706023382564
59.6438066247008 52.2827120592201
46.4142177678994 61.130630811863
68.4469245553047 44.1027320936209
41.9890577521559 50.3154209179805
43.1866194662512 51.7340597903484
33.8089284015714 65.7619229200858
39.7262515777573 48.6463277459067
61.1926255325315 62.9317209411004
50.6723430326745 60.96400050863
49.2151282937648 42.7707925774677
52.4225199651448 56.050321955318
53.1113716214806 66.0211106315485
51.7918870166831 49.3173779641169
47.2621218850629 53.0231301292032
41.6030388995814 57.2014385249088
65.0000941471064 40.2162495888143
43.9171219565344 44.8185161151336
43.9974300362733 46.218045385975
44.5757496894956 45.4112339970442
43.2455232347723 37.187826879534
47.7036072339893 54.8333865717923
55.9768280543721 41.0817515409633
43.2241219625405 47.797833827667
46.9399338737978 62.8392800082785
30.5933875460144 45.5390200286501
37.0843211730968 57.5470735718712
53.4817837734123 47.8770348119709
51.3780883160355 57.8498404970879
50.1042405337092 36.3276521235568
32.367150661922 57.1282071642265
55.4813869154486 66.224411699096
54.2744780917267 40.3108686030454
60.9099151068011 53.7147939034041
35.2620462709251 45.0418866206424
68.2491792933995 28.1708704696838
53.7716813471622 61.5126126926897
47.8435704871366 43.2613253893218
52.0918207088552 41.8291471094774
54.7071190885621 56.9361891684636
51.0653175483925 45.4676074751191
22.2368332867138 38.1166215117186
44.3758661455189 45.0890178965416
54.5082530924086 59.6925497443597
49.6103568458838 44.9165832899961
64.5461023960943 55.9141407674556
60.5838273181083 52.044617775284
45.8601111260478 51.5347043847413
50.9626966227813 65.6507862621514
40.2441373612462 29.6608564759332
47.2721924655667 60.2884408502042
37.5557188794412 42.7927889527062
52.3302144055768 30.4151855441796
61.9390047663335 40.1486805794577
45.7956846551552 44.0351545793318
28.3263192759602 46.8902232371724
51.9901211115071 37.2649052874857
54.9454652605934 54.3529652653131
64.9920419469244 67.5727048231091
55.7542129913513 62.3030072014761
37.479454523277 44.6443511695369
38.3811958366175 36.2666107997397
53.6129874315006 33.3022944519161
44.4329186492917 39.2292278136422
50.7103224935793 32.6501195780549
50.3660098561764 54.912992909481
54.5888040791284 56.7098780302883
58.9273100371192 53.8246045974063
43.6661723995435 51.8829349974049
55.4623433155186 55.9028096439516
62.3439216124352 69.1362222716703
43.2713436020616 34.7589601956512
52.2206796801219 47.0026593167246
59.1988345060922 54.0627175265265
39.6235997495182 48.6938137639163
48.8634835821072 52.5872526696145
42.6452548300944 65.8017879506015
59.0659172226723 39.5246370866711
63.5282192186725 40.804431167527
51.8576115656745 48.0259302663964
59.9066741374326 47.4604483343194
44.3640398167542 54.6099669265836
47.4563182402881 43.8197009124145
48.6401238897958 61.725808371034
50.5663925333736 42.0022524875429
30.9034205929574 46.9240731647158
47.0258232538453 50.3648122880308
42.1764559714962 57.7672973178779
45.6504035282134 40.3005187022986
53.8139767435446 43.3703248499537
47.5797310246434 45.8313097332092
52.0820770981303 49.2187538138546
54.5073070738668 77.2042341988436
44.8633979079689 55.237715102409
59.6295026444523 57.4400640121425
60.8090898555923 42.570462689466
49.4230607865085 62.8816328472614
32.8118385341258 33.5194064168505
41.9233982376988 67.789572808624
48.1858219501999 45.0981626684578
54.4508131863901 38.877142954483
47.758582272964 48.2052705140185
41.2902573410985 47.5966353598308
73.9662132429292 77.2115598811031
53.6653825784291 39.441484221822
41.3005084751486 50.0959997182321
36.2675950680706 46.739777522456
36.2928895129302 43.4556130656972
72.6684145963592 40.4367796519728
50.1191873761213 66.664132229851
43.6074842145769 40.7832215725633
57.2728196385197 53.5553563832548
51.6566014170079 44.0985880192062
50.5629501562116 48.4623637120113
31.0627353185588 50.3653553246401
62.2364749927311 52.462911588635
75.2017636189884 48.7359205436906
60.3838682006599 40.2063042987811
56.461729613154 48.1697596283383
50.2555059544907 40.2332398531428
79.8247735453348 51.5973913720024
47.1777265130406 31.6566133040106
45.244069206933 52.7991609284759
33.3147982652857 33.3723447638403
60.4111424926257 33.8089698668416
53.5942069836983 61.9355882644141
53.9536348072808 53.066195008229
66.6927922446619 54.3586292340215
59.5464805083345 26.1538250363125
49.5043018763407 56.2476649920109
49.358895170848 46.2860667392592
37.7482208834297 48.0535477253937
38.20258468501 42.3460231228116
57.2196132828632 51.4513946820527
51.8744485735767 43.2215864802253
46.4043363847591 58.2507131268587
75.6117776762453 47.9976078738981
47.2912743909083 45.3576940021892
54.8137449083008 56.3695752493856
38.9063273965277 60.6344767996932
45.4942251830074 66.2558422943365
43.3154713366527 38.4289465196452
45.6853037093719 49.048886632961
48.2808352431398 34.8299759013209
52.7876188608742 43.6901167448472
53.8553860515936 47.901342020592
43.0173501881481 37.3653150961706
64.1605574305604 54.3252466222141
56.8650384793839 46.7240105276923
58.5725272845597 45.5586231109951
27.7247463370666 40.2342672144012
45.517247182257 60.4425110609948
37.7310346209597 50.5917493857093
62.7394487379855 59.512972474634
59.1368903537309 48.665140688893
47.7218449253604 41.7115131489374
38.0706268896819 52.9395390627193
32.4176237429321 49.1604281221351
40.5052098132228 52.9880033577191
71.2705360732402 71.111699518818
41.3437298453124 59.1469969873321
52.9965763245945 39.9454374499244
51.6457236404747 55.7671306914858
57.791318436115 65.8398788647396
42.299160458886 44.8833195302897
46.8409334987257 46.6703495518725
52.0405399428383 31.4605611023033
50.0801751566685 74.4324913982316
47.1809871520076 64.5293906278252
44.6091983312074 69.4118867100496
67.4774061593713 52.7859097699584
65.4651271469324 60.2147184669966
66.9225833396081 33.0769293315729
39.8033203135721 57.7153752839979
72.536232165582 54.6581329722792
47.6106812117525 43.4923941029607
54.1946574989388 35.0316046601075
49.6603023634389 53.4144761099266
34.0579123926597 40.9517031356555
55.5067144213321 39.3344469567135
34.0840694376004 51.5780209221113
56.7004821497496 61.5640782662073
56.4525393131399 50.7523659679824
35.2603902711284 50.4416019480108
52.3986304603234 60.8052061707584
46.7786227901506 46.2173082590014
48.2470845256932 41.6147495887846
64.3130112769012 46.6750175610976
43.8641334724384 51.3769431458016
57.7829838783491 40.8700265176736
39.7673693856973 44.2383946483398
54.6397307793716 49.0326561749289
49.8486533203561 41.2220212941805
37.3927920397389 55.8312230207171
61.4641526521289 40.4748431000873
56.156405290201 40.1350251624561
63.0749869529462 56.3697998886941
60.0930909597903 40.9380903470471
54.2606028162833 61.7459017242247
39.2527855751193 48.0001436832478
58.1096499102164 72.2919297580813
37.489040348363 41.3903505227151
63.9692956994692 43.3250351786136
62.0932215241112 44.5699315176972
39.8243806362008 50.3656335829814
37.6931570028432 57.7348514974464
57.2535116383712 43.4697427319845
52.4988532907694 40.661302229461
43.4635663222773 41.529212574616
49.9303537961967 53.2994774632189
