53.8908545488692 50.2391490174429
49.9547715193815 49.0425212720598
44.9198631881714 48.1384303311944
49.2172856996376 51.0246455671085
58.5992976753696 51.0936775533594
40.3286109049113 43.5836895950725
58.3353321227922 39.8471536524706
39.018210459888 47.6050979541132
59.4009148022489 55.1074227589561
29.8756691435963 41.7156946522092
65.0607102533316 52.1943072028957
41.453043240752 37.8036800353854
52.8131638721243 70.2427057730541
50.5585842917361 46.7034573901685
55.9396812447997 25.8667443796343
45.5128496182068 49.7397196625898
46.2020228428903 46.4937690668404
50.4609478061949 42.0747421285249
46.7424237045197 50.8520622463221
44.5575572806694 41.2178412225163
37.2141926814683 42.6357338616687
42.5196645985249 66.3488381142896
61.2294930051587 41.7599090271485
61.9996295031637 48.3769745492316
33.7162938475856 34.8857661739074
59.50270867199 54.2788258687576
52.8647149384515 47.2013568003032
52.076495459795 53.4482632895447
51.5775959779605 48.5613233207126
42.6171971043953 47.4661505620067
69.9450508359958 28.7771770926529
56.6187533736279 59.2648722663985
54.5449229928535 49.0452066853218
56.0888447725218 31.7372886990193
60.8765821102866 58.2640157758818
64.5079618515065 61.620455534745
58.6585775328058 66.1439908524439
36.9236399655557 64.3668376872271
39.6700703525349 38.9149634609295
61.9080019579852 64.0786056126392
57.7916158778966 61.6391907550642
42.075121097787 64.2328035740794
75.1575879734798 57.3652728465291
52.4189840116347 53.8849568749583
46.5162116203076 48.0413108042467
50.9232164936677 53.993031721671
32.1132060337703 44.4108450783386
46.6960359187594 38.5127442153331
47.9970498893801 44.9499467760838
54.2120568162652 51.7802909798172
52.036392605476 57.2321515514969
45.9498682397652 51.151618942325
54.9472075232363 57.9074906103638
64.886893541599 49.5650925730398
56.0738646384497 46.9542412441945
65.2800364937717 38.8822187467244
52.4536340272555 46.5823374022047
49.217724330658 54.6645241196463
62.1862509595367 29.1046379092743
55.6047208613566 65.4684527958006
42.513348917957 28.3226407387669
68.2917423081369 43.5951314221816
50.043672060667 56.9466704772435
45.7111494909487 53.5338126183696
37.33672759369 55.3492147389323
30.3947765002607 49.1467328206579
43.441262304002 46.0647657685465
56.950121867788 47.6608381606217
46.2683347909908 49.7465586834288
46.2509889783357 52.0421747266347
50.3742276190033 34.880686748528
48.4251516496477 53.1642467002783
38.5721150824902 61.2594028200232
51.2356920886086 44.4724258002506
52.3120992386976 54.1978572291327
41.0376516865009 52.7751009112991
45.0578830294387 44.277015847396
57.7426286608709 47.2052988545072
40.9322091529791 48.4766559614712
43.7775756390764 52.8820572884109
32.4504388375286 52.0675898937952
47.8168583391431 44.004135614202
50.9377571807961 50.5907571209493
48.9006925915299 38.8641150400202
54.2715831619091 49.1434826499409
37.701528235064 54.3857984094455
54.5319873796509 56.4739567464265
52.9340763219083 46.744313909386
30.1870092448072 52.8898627379001
49.7735710626087 52.8419690015797
33.5894546304344 60.2919300434299
54.9828915199922 32.3860138789172
46.0501434284463 79.3730083365716
35.0625308281659 66.7351005479249
40.548424275402 52.8369296378117
56.7621985049271 34.9186985445998
34.80994231945 38.2891608578406
51.8067479404029 65.2425734350857
53.545787920154 38.9370439403654
50.6831134409358 56.4874843270662
49.4083363262728 48.282817898773
30.7208782192108 64.993369812077
55.9477504609259 47.0706432110143
66.4801736884394 65.8644822943376
35.8797303122556 39.441559248782
46.1542081718927 25.5003224637106
56.7895666662388 64.7923767883285
47.815028592237 44.8135150901542
66.1905633714391 56.5325761078504
68.7568614978103 42.5358367545155
67.6076059953779 52.884644702231
39.4733932045171 47.1476548898463
39.7016178938815 48.403188005539
39.1387880565962 30.9868445261145
43.8435017535694 62.4755164444643
51.9356485161017 63.0744360817727
41.1580811629823 65.2389819490714
60.3611648497088 39.1313062537242
56.9492169047866 63.7675848234333
44.7623702988685 75.1546840451891
41.4446034773794 46.5694856812834
34.879974693282 35.3991690045549
59.1908124071925 55.2493215102472
36.8175890228515 73.4470700138737
53.5574680509177 37.7613008002439
74.0095557323379 55.1348782211502
59.1129032841569 42.4547660573117
43.5476751757792 50.1957279852285
39.4809056350976 44.3040316704479
44.5576766764743 44.1190402064605
42.1761801976208 31.3077046664731
54.9220726571721 57.4764745474293
55.4021389102078 47.0965610469337
43.0707821582355 70.1947617826945
54.891096544649 61.3110545196924
29.1590892863049 42.0887501860733
58.012491752373 36.5623434328548
48.3184066847809 44.0902713921438
61.5353745911527 39.9235597649661
57.0069924323503 55.1455711418852
54.4008994691839 58.1279817611888
33.9054590117014 33.5504418020715
45.9905933855658 42.2849631655196
32.2950273013293 52.5193595099963
59.1993375206455 59.7562234025576
47.9341295170528 52.9670722639869
43.8710131772163 59.9907287678309
49.1671825765955 40.638740499062
47.2865181516948 34.6700412322518
55.6071201109884 50.3654763837966
33.5671904850202 71.457158019378
51.3164084675699 60.3688803100276
54.4028193843133 45.7758155529465
55.4428934077163 63.0825984313233
38.7463410552374 49.1746077730025
32.8993228204556 40.3661915703151
49.3080032662292 51.676724013165
52.4135657437015 64.4820669940662
53.7622140511453 72.6411550717983
59.0967757064115 45.0226645594966
74.9436219611491 70.5311071867993
56.0695271429617 54.4602767448962
49.3555883980185 48.3973635444877
67.5448770351263 60.5263820878676
51.8496190330172 23.4275950718554
56.5986508197941 40.6907837970943
30.5059272944749 59.748336066874
43.388347106044 47.5880519417806
51.549369007031 55.3476731652775
60.7531005053419 30.7665588892558
51.2418626788427 51.6668338426815
56.3510944217642 53.9364895986833
40.456604379698 55.4441170207683
29.7691463949459 60.0281140828935
42.7507790205718 41.9932281689076
41.0131352738227 34.4014954645316
48.0292552419347 50.1241286831256
66.8657696475662 58.9510956966977
59.4018548604009 48.4012592974691
55.9813178154735 45.0074189529764
65.1525415039375 59.2045749071494
43.4795543104871 50.9377723888698
48.5718142423374 63.8109931909986
62.6456639131483 69.1865573556212
33.1762472884645 45.447308764627
58.0098312784012 49.1400847654042
48.9694917853851 51.7130015016637
54.7251991789611 62.0560566772918
35.9948721700645 44.7599198279875
72.456989314776 64.033720843045
65.0327879313882 59.2867268717113
61.7273814949389 46.0087278147974
48.3469913394353 52.828241910374
40.4311579753525 50.1868656031095
56.5226121690443 48.6209062997468
51.666690435577 42.2133997972362
58.1884666918081 61.4493332035294
52.8060023338096 36.7644624160242
28.1487240003437 42.1135712610675
49.3587820337629 48.6928814799378
45.4826055051941 55.5659160841713
60.9717353165185 50.7416061492781
72.2590013304116 68.6033456658148
49.1045780458032 57.0431434902059
37.2194695576687 38.988207764003
73.7544917392622 48.2614442265616
61.043781408203 58.4236797204546
67.1713436104255 43.7904143386947
49.3932629272581 61.9289432003906
30.4945532145716 48.0311845942662
58.5431203402249 51.5851179538779
51.0767779679436 50.4561869716125
38.1464083497389 38.4795858137929
46.4928552239115 51.3050159518635
39.4235476626446 51.9697238816562
53.6506263483287 56.9209286367705
42.9101645765647 50.9945130188088
41.4325823198142 63.2621135571623
47.5394908252096 65.5012213930304
48.2299171624807 57.2378201018636
53.0663442595535 57.6926079747083
54.3867541411415 44.3914337225185
44.9210789393645 39.3215077682409
27.7885323065564 33.5104463103899
43.5121892701912 36.7986473919782
51.2881700932193 53.4097212480419
44.5870408225824 47.9192200221289
49.9816264980577 47.7037574207467
52.371532205548 46.0700681322703
61.2113232232068 47.2003333507794
46.5988181346519 39.2662325839329
42.1683735854436 32.4056558369568
59.4993822230132 46.2714708229689
50.1411952951857 64.3922385590997
80.8349598347226 45.7078626734741
43.1399064482567 60.2241125066053
40.8346845097275 55.860597168
47.854397964128 61.0844219803687
31.7185410425922 46.5516724788062
44.994473910199 48.2285179627497
41.0213888163402 41.8415459130118
59.8936843405538 56.8574497948594
51.1661898625536 37.3266329040458
39.7797815169685 50.0931388849214
37.5147638170039 66.8998233698066
41.7803597899548 47.8631980608468
54.2619240020709 50.6494463945044
50.4048578633773 55.1113750106897
57.4360766835722 42.347086831675
39.2583267660962 35.6392789057246
74.8407927209421 25.1616825499602
38.5359023127903 42.4533030558632
67.0235036016232 51.324434619122
64.4257657455821 39.855764433216
42.4857737110906 45.2347461254246
57.0909234438647 69.2607591416643
48.3140943560238 43.5098925659041
23.7589757129771 80.1947966564116
48.8813385402422 51.4032556435932
34.4769230734242 48.0751216862905
45.2087821756216 52.7546205793658
60.7751797519172 68.6089446750176
55.3298552520701 32.4774127836651
63.8870890209437 64.0046438574282
48.02357821165 42.4552877096044
47.1399993301691 41.3363048044771
64.4987155280803 56.5026511488982
59.3025893849406 51.541504969379
46.9601212430342 35.318342682307
61.6102241960535 59.598990105538
63.9875576399308 42.8399241589977
47.3076974263469 50.180210713233
53.0302642095684 50.3318226601227
47.6696894127094 57.5157462062471
39.0745130462384 44.7703390758737
50.2428996152365 48.6904052535423
58.0497322417793 72.3189215399031
67.70811927688 43.6936453585477
41.7927817372396 66.4442010844432
39.8834797452898 37.8477131405546
45.20160000444 61.1695337427669
53.9188774209691 51.0736384268008
49.9214420806043 41.7134519800006
36.6174324962069 52.0116218354894
39.2699782409369 74.9501258426706
49.4238955875791 51.5391857044601
46.8264009779788 46.5019360068286
45.8411455184788 43.2132635319474
53.6096684040243 50.295148418811
39.7906029896159 32.4379388613042
62.0670774817983 73.5849243137373
61.1949194704818 53.1722212096431
45.1642583530915 58.8274721874116
62.8048535964619 49.5289378144021
64.2394526532627 47.7347275390233
47.012821780533 69.8366612917854
54.8729280444696 49.4407046942168
47.1022291701981 68.6450641984537
48.1722214230515 51.3865105362608
57.3139455340977 46.4844595423874
36.1409603158621 61.490866383568
46.0466459682051 44.19854460435
50.4156453453055 50.2132002620196
46.1283192276107 30.3354461184629
72.0965073584801 45.2655331376889
71.803825067746 54.8896976363197
42.485194789238 33.8508126858993
69.3641363296856 45.3927533920137
52.9713379293361 59.012685981857
35.2223159204081 61.7606846825683
55.3589346594122 65.1896513653739
57.3365203315049 52.8364576626049
57.011975449283 46.3035826379281
55.7518818928857 35.4269805439564
53.0463117043188 55.9659018250721
69.601100797599 24.1796412293844
45.4864506436913 53.7175191372304
50.0191681910189 51.5555953963662
43.5449903702762 29.8220563881913
40.0940070867923 45.8328215594687
48.2816239333728 49.2334229646237
49.5094801907516 38.3078632157803
27.236706653588 57.7142696063034
51.8862871219491 35.9652250684124
53.128462641659 46.6072226588058
43.5116284339053 47.3457056284207
46.4738386620858 52.6064595459527
67.1881082278353 70.0655606114675
58.0613701322909 58.2542776506839
42.3563498955311 49.3215212378469
48.8354148021082 34.4837009776575
56.0595638246293 30.6986440579674
35.6638312641129 51.7987460867111
51.9052656186373 50.5225311655214
55.8082890908328 43.6122666332401
55.007915319727 55.6045416002179
56.34560186327 66.01845711784
50.3959029184073 48.5980883526084
56.3780491769695 37.234355271403
59.3012201763623 39.5104525598169
36.856458703284 54.847448203462
47.5995575152427 48.4365207513132
47.8345639436953 56.7428626707491
38.9505948713167 31.6143535658098
37.3485276002287 45.0577883586693
46.1303150028095 60.7989367499734
38.6532403694169 53.6948937098768
53.7064393675282 52.5355412721547
51.5698538495821 55.2129539277282
64.4619425657395 46.5438678671059
45.6172242402461 26.7113549701332
35.9374061252744 35.0826797360663
42.4711365099875 39.4103663868496
51.5835924312838 53.2811939301064
57.555814165945 46.5492808618199
39.219160731959 44.0038991599955
52.7962701272037 46.7617541127089
49.7459278854795 52.1418565874847
47.6812989580559 56.8447623117596
63.2534894103139 49.9714842772598
51.3845728568777 42.9143443604913
35.6184836927098 51.9569477235361
43.0240593270179 42.6546674301651
39.0230187936566 50.8866538372024
44.6009657864998 49.490315951895
71.5955066864761 47.5774051899758
49.3057731777657 44.0922127622544
63.557873630159 57.1720839798866
45.0662989266691 45.7146618656338
60.8100218805501 27.5682036125544
40.3129649270047 45.9969539777922
48.2785405789794 38.1027460879268
51.5170333237015 66.6969729857138
43.7386206318188 52.4771663762726
50.6551221344485 54.9846830583378
47.8987188231665 42.258222320025
42.7331786056149 61.6768377749916
41.4064089976842 39.2978642512234
54.5484994693164 58.5389172503862
63.4160057648208 48.1530697063392
48.1538447520455 60.7420029390018
43.9616677159027 73.1609594989555
44.1233799529936 55.1451051583571
52.3963367261332 53.0113127645445
50.2682122016051 59.1398818553073
57.2795401306366 47.0277455276661
51.8023704844433 42.9806910367243
47.631722566123 24.6158047039844
49.1130978136578 46.9137938094665
57.3586831710775 64.6217827723829
76.0072491992928 52.844449201354
50.8940475885776 35.4838047650257
53.235481765906 44.2269416787735
51.198887306115 41.0540527094077
54.9038972049498 37.8790234016783
44.7652747592065 59.6691945494992
48.3075080795006 57.3345227378051
58.8050063678766 33.8471349425245
39.9987729591287 58.062858299662
66.4843402096666 50.9627211569252
