63.7962966256205 54.5820154171018
53.869610838765 38.4757387715725
27.1303142943429 57.5602893985863
50.315464478426 46.8632028467892
55.9048895598123 50.2343753933386
29.1042808241456 46.3432178209021
43.7899034686424 32.4370133029664
53.3995049477521 52.2546298528768
57.6377976089132 63.1326661874693
60.4201173596424 53.1192468145635
43.6929685354473 41.6216706300701
41.9761745980452 61.1398225750487
52.0462408371041 52.1864430231223
59.3696331032151 60.7581621988655
48.48933020344 63.4179711720263
47.399470134661 48.7892222252068
46.4251874570793 60.0341023590268
48.1464485544017 37.4137331019538
63.026804941019 49.7263260811694
49.9685880192537 56.9143782121024
41.2098483847836 46.3717790941635
39.8508682907056 38.6915983529516
45.0535560132258 58.3622457306881
45.4411663170937 51.5244700372407
40.2787534162225 54.5779987034559
56.2893452851753 40.1550921860205
38.000608945971 39.9378642527099
61.3560140143132 43.1856747902252
61.9003833395281 51.1892821036244
40.590772248286 31.5696680786331
65.107363806712 50.8603586996574
56.7592529043659 39.3497693643947
51.8122205054723 65.7990800955992
57.5249281159729 67.2528755211227
70.1380432741541 41.5524478278434
33.4638738547971 61.6058571987411
61.1196675022969 45.5735526969083
31.0968913709027 64.2712040869223
48.3948705239319 38.1537291659763
57.0416845632672 61.2735664763825
44.8893977801324 68.3277350908912
36.7694800079025 60.2859084044318
60.1051338054492 59.5528019541155
32.8319985475187 40.7696852832643
55.6462918686496 54.0338339991545
55.2346154071555 42.6755541656256
66.5452444000187 56.3170455981959
55.2741290047478 48.1874872932178
59.1326869779025 25.3841818258436
36.2828598861383 55.5533324992473
30.9792839211305 45.1560234308229
30.2436472194272 45.2459051153694
38.1516837651178 31.7028863067809
34.7274082226345 58.4292795219394
48.9007897983492 39.5225465307597
37.5944198312922 40.93662340442
23.1314862996351 62.5275612127079
56.8845578548226 44.5352390569121
57.654479325474 54.8969697769135
51.3485378540487 64.3474672844642
37.9263300713813 54.0581264145489
43.6129982133333 41.4733937036131
55.0082264793475 53.3590424966094
58.9255748641265 46.1210172397046
47.6079805965642 45.3528469442147
42.1203844934454 72.2611945395293
65.5053972682878 17.6829990562932
63.1437263061492 67.9706397346834
40.13076165821 55.1784622471346
53.5047151551467 38.9163557979398
60.7121616278361 68.2747952212323
58.5495475724076 56.4292845681985
63.3980801018038 52.9883709898238
42.3086824816685 47.715080752536
33.0442426031616 40.4833479753492
74.0530014489958 60.7047051329968
44.0818866492506 51.8103767356196
52.1942172831094 60.0782119356211
39.8169831605277 48.2102996941708
49.5121169918575 60.2858132517513
41.4134356559862 50.8236649292503
71.7414106498747 53.6161417974037
46.4992518799625 60.8527700889967
45.8428775260312 50.8580535827344
41.5732955938003 56.6175169023679
80.3841706482816 54.4579001571968
54.2405780585962 60.2392854138264
53.9965438654552 49.3487539691318
50.6371047427233 48.8503732713629
66.7972493836322 46.9355350225597
55.8293439725941 43.0210722426514
33.5563645209782 45.6266021419125
35.0189309983061 43.9828837890859
42.4262260777487 56.9989033066833
65.0168796760201 47.3973745817431
49.4931595381233 48.7101799727816
42.3430584012976 46.0448194539727
57.3755872259065 41.3653861679125
61.9830446169156 45.5910918835812
40.0736025172004 67.5078462176637
39.7402887228962 48.4754272291316
46.4596314529034 41.1360001146623
60.8259278064608 50.9032512697591
50.7406184658898 60.0323496018903
44.7583984815525 65.6751739208459
51.7009015231343 47.3303399720939
52.6071401942074 66.4411095155121
35.0769052089049 42.2387976391792
52.0581505914321 52.1975327351619
51.6545640282033 41.3914855859656
44.576867970598 50.7695133451614
60.6838054786295 65.4261708134454
49.7283550243524 37.6744185095709
50.9845574244505 51.6724875291306
57.7865090768773 43.6775839605082
54.4631958682901 61.9950559957457
50.8017972324389 69.0446567268368
43.4448762486496 53.3537214104523
59.8357216541095 55.1982527993783
75.2964828136713 55.4458610472422
45.6129475977463 55.1913492092929
62.2055236667706 48.9071372981587
47.5196207426076 53.7833752083106
48.3548780402425 47.4885093267364
56.7726838844833 31.5029764501533
55.6808516276848 63.2532273214552
64.3112941164247 64.6339047567442
29.5083051358094 53.0539404896652
56.7206452361381 70.0562370778535
34.4736921950266 58.0347525921604
60.7164573213239 42.817226151124
55.6785655935514 57.387456032796
70.0104684088612 47.7131711493821
44.3970453116155 57.3330061015634
52.07680999083 60.1812460396788
49.8694420713008 49.9415827760573
58.9268239588197 25.7180835947932
50.7657813277775 43.3641565380137
50.7053604364466 45.8557917585722
43.3970418666294 50.4489589296662
63.5740750905895 49.0660416397789
42.5633582306617 56.5855390851874
49.017463381387 60.3113791394277
47.8868698656855 47.93472831214
56.1763217684287 37.8262706217748
67.9620845231908 41.5935809909029
56.6523434118814 54.4779484435187
58.1896840718174 36.3588935525138
47.3210243642042 66.6674124751732
54.0661638333362 48.759941472509
37.6521254644509 52.5331938514039
50.3410294199384 31.3760439979015
55.691438927733 45.3956677850652
50.2045383141076 56.0887524139949
32.7514898866543 47.0046214093125
63.1882324214583 45.8225631938392
42.8765146503908 47.7006927657912
68.0333853497506 31.6244260135522
40.6001785344591 45.4856457027639
76.2685986616381 45.360235283017
46.2598300336652 66.9612447084241
49.3851821947663 50.8420813228468
48.6505610792898 50.8357292139328
52.6199493672964 48.9752709320316
39.0484154200082 56.122983553545
37.7644603051004 41.7707750121131
59.8179814282514 63.429207086013
42.5632705063914 48.7511203183903
46.9274699799958 42.0215647977244
61.0698546691852 59.9440238952826
53.347843700856 50.0456284695289
51.0965011707372 43.3871303195699
43.1154897453253 46.8826284741759
46.9937420900465 44.3613774511858
48.9593936129431 51.8822240935793
54.3883366096965 41.6143716918664
33.9987044351501 38.873833045485
40.4858818997589 65.1622994613538
42.4865854039924 35.9733242600761
47.0052907106166 58.5645290217805
55.6980752178918 37.5584663190857
52.6051435829147 54.0985025287369
57.7752451023042 32.2704604076773
56.0630801144219 39.1272513065918
46.2993631005175 51.1797423656553
51.2449312476617 51.9490384445129
28.445679877478 48.5286791435968
57.2422032509253 65.5903885016215
33.510499298815 60.6166155257438
51.8292237630647 57.1819008638536
38.7416059825527 45.3090314457233
59.2775117485373 51.7586861460057
53.6488060832325 51.834077366898
39.7190308154239 54.1377160248262
27.4340414732135 55.5555103214102
48.3230104597184 51.1722472119918
49.7634635756316 61.5173599006257
44.469762336551 89.9331671331443
48.2826215784415 41.1259789168274
46.4984506469353 40.6431429097644
45.4020363356926 71.6454874103468
52.5004130736021 48.1787746550219
61.4085550501786 56.1243947026227
43.8863611552733 37.3694503937281
44.2774782930937 45.4120373748823
65.5003539004408 50.9443521605747
40.3336856048153 58.0637845841451
44.8400747106877 64.5803214084428
49.8270995577649 56.9808817941448
60.306517217526 31.1915845082504
40.95784574351 48.1931431209668
62.5491237402895 73.6408977517885
42.2729461127941 44.5358625171334
35.4923691728001 50.7981926499585
46.2747316175734 48.5705365364803
53.1848996000825 62.1075751945482
60.3609823044862 56.7840439845113
50.6275283719398 62.4756840557044
45.8336646249458 47.7304006049057
36.4637249528023 66.8065251063254
51.4941175618054 49.8932403649031
56.055623647773 47.5159071794095
55.6705373826805 44.5323857316303
45.6643759146889 67.7598506939935
52.178487624184 56.8331043177605
63.4317895001453 45.9351995297419
48.9872043012624 52.1859162138696
76.6401593353855 44.9192432411881
64.9876804343661 45.9753381805504
50.7732801974313 51.5412082250071
41.2577322719714 37.8257289953712
42.1515481903633 48.9991222283554
72.914855974718 45.9979223807679
51.611230789239 54.4074211136336
48.4772965893918 26.1106070919769
55.1790660920476 61.0353837009402
55.4757248775563 42.6888504907466
54.6564732131781 37.6444087108551
37.7134496037636 40.5631928172708
41.3991819386461 38.6724628507239
33.435090870619 62.5193641073951
44.1514838776302 45.2001666875095
37.5308075197551 59.9162200656992
49.263144386241 30.4197125913079
75.4465138159357 42.4580116542733
40.0324305306942 51.0161792044211
38.4703917663463 41.2718166157216
56.3747199399267 55.6859233036603
34.9793749816372 81.781186856154
39.0831530874093 41.1611299517583
53.532670788366 35.4704870700262
57.417444790605 41.1073113390022
61.7862048689071 40.8928705327895
45.0800802900269 42.0834926479528
39.938135524796 61.685899395236
60.4395329758319 63.3553814813034
56.402289023261 41.6994355604488
55.8784869186511 54.0018262277082
40.2973265865206 50.7559867055297
56.653130419591 47.8617272130967
57.0666504448886 64.8344252097064
34.5560128237356 46.5787361797655
42.5175015380709 54.8720215074374
61.7948862379036 64.5264558118497
46.0594800672005 59.2273051474668
51.1092920321989 40.1787712332786
47.2045781490289 46.1133313161629
63.7045137735652 22.5720964146864
53.2744363095425 27.3565738291493
34.4638937842433 36.1092196496026
61.7073478671676 34.8848648335844
54.0272613701418 50.9911974947312
44.7797211336693 56.4451091549314
47.5393878901843 45.49512219034
67.5428730568204 40.95754058801
59.0801948909079 47.4281675440463
54.2019892201165 53.1086515398611
49.9377846485877 67.4444861667615
47.60235734486 60.1041839353573
43.1248194338304 64.9043212300155
46.0246354297892 34.9960180471338
47.7991128873778 39.9418524454648
39.0423894410421 49.5699084259679
43.3982958054081 53.4679102508617
68.451799599662 50.4202934496318
51.7733848567535 57.3962449492569
35.431941808547 51.4918751516731
41.0008344287314 61.7162630167791
60.0391555324825 35.7876970486696
50.709473314558 29.5495370914135
46.6194994180258 49.4790035381481
56.7889569537521 51.0504204072778
36.871527595429 48.1225408739766
63.7192284407042 66.9165586498546
63.4506939709641 50.7894108410914
49.9294603327193 51.7889805864483
69.8038714986989 53.3741864800365
67.8044129960242 35.1542787375367
65.5753076326922 60.4037822661356
36.111815294903 51.0897065501103
44.4893175971148 67.8701280639288
33.8936868878243 51.3350185851196
44.5717573957824 50.9945336380828
66.1610569686806 50.947281748878
57.1003252316315 65.8094405268188
59.1455658906045 57.0277868222392
67.79880136437 45.4913375581102
42.1721056958814 54.2567874477911
42.7725176298469 36.6583474295355
41.0641248885715 21.7776923652682
50.7453139027592 42.2029466639632
45.0744033099653 48.94672153682
42.9898530067504 31.0705327494387
50.5492874298235 63.4482406867186
50.5284780449969 46.6180233363122
54.9657703494911 51.5437814093764
65.8794336132485 44.3852532433741
44.9817412456061 31.2895999519822
60.7494589992707 61.7799849273935
65.38952887246 37.7427389475566
40.726888008232 68.3185150065328
53.5591015213816 57.0248713991612
20.1413658152878 50.027189584754
43.2259613135301 44.8841343351737
43.587637544906 40.1550702424474
49.6633676252894 52.2361402554815
59.1074498008898 55.099042694229
38.3547874652197 46.8639451032709
51.8341244569066 32.653149766334
60.2196949680034 39.9772085868092
31.2602524368387 60.4366155753801
40.0110696193416 58.7057551341727
47.4877236765709 41.5272128334148
56.0944668301047 58.6890342137983
51.1652205294657 37.7913474017261
52.835271307408 57.6579927878595
50.58262564534 28.5397113167209
53.7930862878861 48.6849924181319
50.6220187930055 37.1638172655534
53.7176853063024 37.2935405356601
70.0498909735175 46.2369085080943
50.2328455721089 40.8542464726503
45.5468411430534 58.6217530261915
59.1573481547317 60.6600420071795
48.0520860081031 47.9992926413227
31.6983551534465 21.5730371819209
52.7076333180735 65.9688502762287
58.0352982985289 40.8581996207584
56.2656789948863 43.3976348982703
50.1080936136119 26.5020222132946
40.9491527688033 58.0385688900117
48.1326361386059 56.6132776471806
64.9168631798322 36.9369043629268
55.4683595274815 50.4114445238343
46.984405116539 40.339556421794
49.3009298439291 45.2816023831691
61.7310461448154 40.5204942019353
54.372319705365 58.5115444571857
44.9939231587374 31.3169958541455
42.3824542056258 31.1191222644747
42.1152235578822 53.7692669455861
51.584585544207 32.0762054135263
45.3071653949815 58.5911659946018
62.8980706600381 30.8062513966524
59.7117320638786 57.6913763841504
53.1321958654142 51.8643647004485
44.3053805119802 47.5196942332608
46.6258176742606 32.6634324565474
51.6581244086436 62.4034775159678
32.0947863167336 42.4473086174528
32.7350596356915 62.3186609133245
64.2131134821939 49.0919006278241
45.7734111590164 50.3981785104571
49.6084161313141 55.2801355093047
37.2854079980058 59.8127474928456
44.5708881729843 51.4880941928959
49.7025110603331 50.5347336496758
51.557041177617 63.5909418727641
66.7602453217212 56.7798824171856
57.3800040442165 47.3669042286204
40.9558219645643 61.5276320277607
44.8830657628073 55.3220180684374
31.8668482430799 56.8649568108048
62.1607252888577 54.5991490994558
39.3831215074536 52.4118117068364
52.5503909694134 54.6741245126578
44.1759140899632 43.7579629339538
47.2550273203641 59.9619747641912
41.3750726792479 47.6635098055662
48.7373620016477 70.0910237461872
42.3690157612492 49.8580066229833
46.6611119668588 38.7722140673494
62.5593608830019 54.2462303441038
67.1998472977699 54.4101821108114
50.9662507252876 53.1892995419495
53.6567138675524 47.1417387496754
66.4938966734556 48.3900117734334
23.0235141095651 52.7465199478778
48.9440331957883 33.1288192422765
47.9154466408425 56.904614026606
