41.1804252293854 42.3288644197893
59.4717410960366 45.8903338687199
47.3830878309655 72.2158572425035
44.1469063820048 54.0503808946489
40.6671194724772 39.1789477969653
56.3560304739884 55.1124140859291
42.1279243655059 41.3908446956239
48.1609905459135 58.2508966518672
52.5297492117889 42.2727264173913
48.7597341958227 48.1116328821566
22.819908868813 58.8052715694468
68.1499504502363 40.6996185613315
25.2050607223429 62.7052519818845
47.4979678438265 56.8027190482769
61.9753401114605 40.4012549752925
43.7215050646315 36.4407423388296
44.7555337475716 59.4949306894541
54.9860789065074 63.7993829762683
47.1623495232625 51.316496853579
53.5965388351038 49.1513130786612
44.2639914398435 37.9439355223449
67.1945576510295 76.1613752828909
68.4470343260603 45.4047275665272
62.5574604026142 25.9116710642098
35.0147938031706 51.1870310689669
65.8055504579959 63.5253439951155
71.8720342968227 46.881744561044
59.0244753442552 29.3698193739804
37.8516907382472 36.1843913887498
57.696194628081 44.1902323894875
54.4218772875664 46.4652396383932
36.3466594150885 33.3803650345378
49.0284414490603 64.9099625652718
57.462920737618 49.131078533724
66.6383927956106 52.5072945447985
48.5252784898515 52.4070486798291
61.0606672905947 45.5478664389444
55.4997956721398 59.879697111005
59.270053838803 43.3548805142935
41.8184723258778 65.0158643590178
42.0474396613445 62.0680557725045
25.0248272845084 56.100970883739
53.9400086661562 42.3179788654659
48.5990747335156 40.0017989697512
35.0876828189391 41.0549873374519
55.4509914357936 52.3399870542815
33.9232593930211 52.928467833184
18.6485625869746 44.7448299390547
54.7932858279334 46.3222872894927
45.7198431926757 47.0887510031106
61.211451176163 47.4172818598885
38.5025124540473 53.8555800002728
49.9278898615284 58.2970035065
42.7724220701918 47.4367470595678
48.064465117868 45.2974893741316
59.3368486334925 49.2492085409176
41.4970542636162 56.9531798271349
45.9711392803235 68.9939213764816
40.3274940678077 50.6641983616603
56.7751850162177 60.2403673531146
50.562557065673 59.743019083518
44.8175595363753 36.9190293218295
31.2703581844888 44.5425333041854
55.7776818393603 41.7665577193691
43.9515216444632 58.3734270450723
64.7239444407749 45.3765044175197
55.4017500451566 39.9602975942794
26.9716548080691 35.5938940625329
19.7851022141795 51.401672280912
34.3382900375703 64.0116318268145
28.9175621479903 39.8879852672473
35.5857744627393 38.0217506989443
67.2127855515905 46.2702802649585
57.4604435707399 29.4208369748932
44.2023289133713 43.4292199879918
57.5904677465026 57.5535431423526
45.4768104010758 71.2914358654778
46.4098555537731 41.7250992531434
53.6310785707955 49.3563552775764
43.3778729064475 65.0422371055642
44.3949175767605 55.2331927657949
68.5719836003186 40.0715835866555
55.2482451646402 55.16823223966
59.5847687458666 42.3568561489989
47.6375678577454 45.8018465423295
40.9811222005875 43.0179868845594
46.8610504062774 50.9175156699667
48.2978134770112 43.2321770104783
54.5561451518194 61.7964655947182
56.291591645234 44.0422092483703
41.8892721011052 45.8975947735674
56.7898944848095 55.7951155869569
32.6584913180554 47.9087571262884
48.248327502906 60.2954241982952
45.137451904282 34.8956628008657
49.0856092241409 51.0189849139937
62.4343776157549 51.4082684452087
73.1411565376717 58.0865167728371
44.9453238578505 65.651997031345
41.1035808837673 55.1728406261584
40.7082501145334 57.702654130491
54.3050571772891 36.0709955022776
63.8346181892429 33.7107169396615
36.5349387700848 38.3594017648484
51.1516348691535 42.6629614245343
59.2997278886932 60.8751485229644
76.8456976466577 37.837705126829
71.3872508699554 43.8534277028131
48.9064664568689 31.3535176708967
65.3929204763059 53.9677779919965
69.2620759943168 40.5376827594022
54.2841665525933 51.2342089899192
57.3737334284033 62.4928092734249
55.6325424311876 36.2579131930499
69.4843484970991 24.0614327946336
40.0631311436376 48.4316993701652
58.3379885228783 60.8165013683503
56.3888386526228 59.774306897824
61.6684573417836 60.5849697777061
63.1203274898426 50.0004789008454
63.9627181224905 49.0126694659787
38.4961184771378 43.8639334697996
53.801378008465 45.2722437699681
48.8460516182336 45.477154697845
50.8387270192173 41.9417328230241
54.6762528584151 35.3387064518044
59.38371359449 57.0808370360097
45.0008218677483 39.7536564504261
46.380860030012 42.1109900272021
55.4228048920313 33.369978049612
63.0178800981148 53.055161641035
47.3725863417372 73.5882868458668
49.9070412374913 54.5038754006668
51.6458916370901 49.2794514493574
44.4082668395319 43.5751326050849
55.3768848735524 32.3986292461179
31.5807407656329 46.1040998742098
61.5530412047778 63.8536982158584
55.0197996444847 50.3274429015272
48.6177542182974 59.4794335967362
39.9076065008864 54.4225552474803
46.4343080379749 73.6149065693075
42.662458529204 66.8656195895218
27.1861334059497 47.9628849740246
56.9680589187351 67.1105115144474
48.8484125942873 48.190461091901
43.9544245865271 47.4779979232231
52.6353514740129 33.2395809609704
47.0315502667238 41.6204824091164
53.2791440526736 42.1738629148519
62.81711859975 41.7167292012942
54.4048362251579 45.3440591630705
63.0978155261529 49.9417667927771
52.3249598132888 43.9325895056501
50.7367603954684 42.8286542984663
56.0408622341911 48.8085010798328
37.7041130091236 55.1143003404085
52.0332598102834 60.5401025379169
49.4088439020633 51.2392850387858
54.0455574738331 50.6465025477689
42.0353751941311 41.2360175501979
47.8099151285914 27.63536806309
30.3979312094318 45.2180641932104
57.9078783027834 40.8702486547931
58.1036185683308 45.5049745694331
48.9907933636797 48.3931489084614
58.52991607136 36.9741992964055
54.7268902632137 44.497421021097
50.0437378960108 37.7987003428644
58.3810952170661 54.3175787985707
50.8320484163521 43.8047356133027
37.5795749228784 59.2342594876894
47.4467711464406 45.2777546553483
48.8914312958384 52.3833626929341
56.5899132953797 58.3878075711806
58.7693668637617 63.4011896861627
56.2471476064953 55.5411640546184
50.7963356931385 32.4954387515835
29.4027971681071 43.6528737634247
45.632701261994 48.2214052657222
47.5423769506771 40.6831559543129
55.9564501593299 73.7039433839565
49.2001871909008 42.4872110200477
60.5925351628202 56.8358711361321
37.9806438776506 36.5269840314233
38.8504135696222 58.5840131379111
46.37643018251 44.428203455541
54.9927659788985 57.6639569476695
47.9368465081098 40.039623196755
45.9909777366735 36.3292046605651
52.6690094777912 45.0949747882621
59.2952597345608 29.2753929903861
50.8692363173104 58.2512647253519
60.7681728189951 61.8917098995659
50.9606834871136 57.9908532550659
45.6506814066229 60.2705339866515
45.8803382225311 60.872093394146
47.669545050983 35.5310745839726
57.2886814088267 67.487174249305
55.6667271272412 45.9601082722986
38.5932208789929 40.7213674198967
62.3313053034469 40.7936228179136
41.6191986843096 61.5550010254171
38.5484191450583 40.1802817998238
46.7711027243471 50.5041443576282
51.0783837422902 44.6036026127118
52.757674402559 55.8135607140471
60.6903847000461 46.593416569475
44.7035526879018 43.6011981411225
40.7293562327042 53.5821986486122
61.8856026819632 57.5837945015312
43.6568015400221 55.533599496998
60.2195346701866 46.3604930305083
50.5262454522021 61.4781568012324
36.2805883014838 46.2334433537561
40.2647283082179 60.2874621146844
62.309904791808 35.4168462060828
46.0172919887344 39.2486657076001
60.2807055922014 48.5100428123715
42.0308709686272 57.1047500403761
58.7448400608372 50.8052344021282
48.1805097088289 57.7695973870406
65.5886831219881 54.7080862052088
59.4135918475135 52.7838267076423
62.1772748075225 61.4992418282861
28.7414094134286 52.550515952262
42.9319661385129 48.9489633736752
53.6648280833099 40.8045939153234
64.3053900139303 37.9129611329109
42.618540406168 49.5564259899397
34.6787826026555 46.9047827010101
39.1433020874259 50.7819783857514
48.34520703712 60.6711023149539
61.0330484938848 37.4972308241524
45.8447522466973 63.7625345906558
56.9659365606129 49.2127522816545
38.3063587582936 50.5086253123773
54.2158629310938 50.3314675824583
31.1744261321757 34.8990865439827
44.996044355884 45.9298436514823
42.8088707171148 45.321283390354
36.0826900351642 46.7571788744443
33.6315121626902 54.4015365155434
42.6018067897967 44.231289244732
52.2323403178276 62.7574591987089
45.4996307524891 42.5291022151801
38.562741401516 40.955225426645
54.2150194600333 37.1379309702655
61.694838537734 36.0489420419913
47.8293363613187 36.0401932490546
41.223923665688 41.0846046051103
48.7371444228566 54.457816409714
56.5616295433033 33.1258327807677
38.6656373738579 49.0677003036384
56.7727034381112 46.2112121551954
27.5871295499996 25.7907206676177
63.2083332474539 52.3850062542419
39.3450466609597 43.9055810887366
51.8823666268177 66.9432695828675
53.4270374323114 60.0070971153265
48.8005319393584 64.0569185278606
48.7466263961893 53.5120272931283
29.8134636533656 56.6739404744323
58.5925216760571 40.410174653127
36.1396841152489 37.6922222830838
47.5630529831977 49.9724897703629
68.0251172720303 51.5817115674627
46.3425845579902 38.8484222969343
56.6951692110616 36.3520940323886
49.9339001281313 68.8395580710943
48.2276496166833 18.2402477490977
40.15492702548 51.8829451153299
35.6866833970426 58.9111493887756
55.9871601055742 49.4308848739264
69.9678637705643 33.094772469325
45.9778681406866 35.8637947430881
33.156349376184 58.7358680052439
43.3698467749761 60.7991225757275
51.2697962972601 45.6189978708887
55.5078790114478 48.5080215817583
54.7110528090541 56.0712569302037
41.342599119409 44.3109017506575
66.7530420245304 44.1432605713621
50.5419080677581 41.0105706810993
49.7301394847289 71.4718896011227
50.8033790610238 57.3593793735387
55.9965899504932 52.0950656921207
27.9066676447032 54.1636631760002
42.841724564676 57.6866252755347
34.6959393558004 44.5217902647145
53.2473254389141 44.1432626502714
62.1071069737066 43.9927257600191
52.5261543907455 53.7496686199839
50.8776947959478 45.7785688378562
59.3407685356919 58.8705933950472
49.0633239333139 43.81956006236
66.7705610077681 38.7083106773064
35.4497971492024 40.8317385298451
55.40595913198 60.558604373514
38.608770090602 43.0437799514238
35.5980739685651 38.6030254727952
53.8155315486087 46.7676402706514
43.1878526512872 46.2095547114843
70.6852362965241 49.0983949704193
43.957993890323 68.1831816680226
43.0011858966816 35.8581543224431
52.6592035411774 46.3501359889048
59.2770143592272 47.0221352746689
42.6807967184925 54.8031685801382
33.7796759974268 42.0471005207841
40.6892385929806 43.4401960702858
50.3872419949284 57.2045618470772
52.4992661871661 72.1106402460624
44.4320089281119 48.6455742896047
41.1478858305833 28.9692617778093
39.4454392907022 34.9842884443964
41.4421046952297 39.7869353552649
42.2352789855718 59.0455157951439
60.4659666445531 40.0751151989333
63.7117050244619 47.4533782153735
40.4181366486339 51.7121133273931
39.4180510664335 32.3691256571664
74.7371264993205 61.9440031843466
36.8607703786143 33.3995998863832
51.4272507723723 55.4777696282268
54.1665753823003 49.7511329264492
53.4864735466484 44.1467291058477
56.3035509070599 59.6451611742869
50.9905764252344 27.4570241819972
47.9511999453952 54.0176953457348
52.8412738245744 52.8764346424064
37.9042437881291 59.6884457821989
52.8976784049079 40.304812996499
59.8264070294016 50.5028815278348
43.4780478369705 52.8237548258872
52.692003475532 38.1102902168879
55.8424036720895 47.0481631714334
48.0742458725666 40.2722643424389
29.2385563817896 47.7565668098313
36.9184575393508 59.0570753046329
64.6219763116453 37.5466081520587
48.3381499708753 54.2976693135458
34.0752797171212 51.5542591360902
67.0109663313071 53.3010666720133
47.2603641654934 51.6348562518443
29.7775951951512 57.5368844231221
49.9222614938647 49.1872090361618
51.0684541331713 53.9987235360137
56.8802961641254 46.4270426023288
62.6329374415822 46.2839348046128
50.1905954029946 27.8731403183971
53.7499164919154 32.6997806164787
63.8058309383642 47.3359455845936
56.6157185496272 65.4405864465486
36.1892066168113 51.4092635956395
48.8182210933986 42.6333455485759
38.2279622933105 50.7162047841886
43.8605863972113 38.8978026425029
30.1689739963543 42.4322409705446
51.5813734560618 50.8397807723003
35.5054576695283 40.051861262001
39.758054733419 54.1877932319436
48.2361007869443 55.3827082672947
45.9653237473079 51.4405444199825
31.9270994867162 57.5627119302197
59.0840890273438 65.8920214495699
51.5666980361719 21.6044557584378
36.7884143946397 24.1740091744759
38.5165673202394 29.4754940681028
57.6403544973177 70.1404319853025
48.2385748044476 58.1843390807541
60.2279189048721 39.2958011662707
49.0890108162863 57.2216794872534
72.40356001612 45.5565090490757
52.4851155967863 33.051420685253
49.1732728495788 43.2346672258273
44.4026284475318 50.1154159841102
53.4575592093804 48.1731103480992
57.4777336074842 58.4745685908469
36.5084891537948 43.1181869834921
43.5811137511338 66.5336470180787
33.8491019643986 55.6447826678026
36.0193483435902 65.3900202506204
53.3416012118299 53.5725162448206
44.6547563597268 39.2250816257146
42.9369568554122 69.8413482901731
54.0949460074384 44.7120311786224
58.1334236865925 44.9924357388069
41.2814747320848 75.1096265449564
45.5321832175705 45.1222540698654
61.8379371026916 58.6809835283008
45.6479481930129 69.701407278703
51.6074355045237 61.545674997828
46.9347334852945 47.4857292772294
56.5210562362019 41.0562140479392
34.4798821647117 48.3583256595693
51.1687504185038 17.3562420021406
49.5185077938102 51.2035360490076
43.8143654349741 58.8247804251493
59.4135432466118 45.9947044438927
