44.5065012794709 53.0510998837268
60.2415087080549 58.0376607883728
68.4167602399545 53.8620130012277
47.037916022569 39.2651350683277
58.1233020467052 52.0358221882772
61.9831742181629 65.6730256396494
39.6468563987257 46.5826494201868
43.488245559346 51.9377800275804
52.9094910484414 50.3950792329722
65.2307225578273 52.8183769943272
35.4209306630194 61.6019474621495
43.3143493010989 35.6213164150488
45.2539554609897 42.2692362588869
45.0344838918667 44.6208599142155
46.0480956551785 53.8683814646689
46.6275362791166 32.7362850838743
69.306677267733 48.3941287340708
40.995847076535 42.855844711401
62.2736083044338 39.0587891225468
48.799957776973 55.8330169046639
38.3796001765091 47.5817639879611
44.0690630706122 53.6359342674671
40.699038594042 51.7305703041992
43.6203549192256 61.8213891171644
54.5385395920096 58.357725184197
61.5525212465141 54.2602274915609
58.0116304006762 59.3372072722396
48.9874795541029 47.0489107731761
43.8307344274966 57.6638160915909
40.2720026317097 49.5263673184342
52.6835593080622 50.6664262898959
36.0332838307372 35.0611802448361
44.9208035779553 48.5322000476143
47.6103905208142 48.454569092794
44.9118541814823 73.1942421117737
38.5833118703861 61.7533587935193
41.3558771301133 55.3741566797096
47.4056773685184 54.4934596419878
46.0355184281581 48.680853946468
40.1400859474611 43.1002181786167
44.4781749626903 62.1572315989498
55.0358064455366 47.8236675681018
55.2385934124183 39.3206674633152
75.1889376858748 35.058651862525
42.3043173425122 46.1844386737655
54.6218305842958 66.7749976074931
46.4213644265031 54.6011543604922
47.5855672131494 58.7197274464391
51.0975988224071 44.922221685262
60.1275264532863 52.0598881918953
49.7843860805342 51.0275411648409
67.7315003296318 40.4414871142032
52.2236405802046 64.2572079381346
46.9209716554314 46.561150916929
37.0714713555141 72.5606925385799
39.03634552337 55.389237055629
57.9792058599734 48.5192798683394
43.8288220269025 49.0679045766868
64.8575574290094 46.1289299437315
40.5925295350709 62.9346059224934
66.2506230550322 67.2718119741476
49.2465579463407 60.5669888765609
54.9092979144543 49.9142066544349
35.5636040479182 45.2329319243911
58.3374863035458 45.8538998507513
40.7516325636273 41.0313828940858
55.7273922550144 49.1549320916195
41.7996911388552 42.001813999839
49.4954735171192 54.1267928531708
40.8450947847082 38.574462432939
48.3826439497609 43.9891268698071
46.0343845309474 40.5550989287389
47.1558073800745 49.7917052203166
59.9553414812255 46.3123615832476
55.2123828309904 56.7759858854959
57.4903291226522 50.5990864807664
64.8788210071296 61.2376412669482
52.7463880706752 55.3687065342877
39.8390900481983 49.8080755954334
33.0979170456465 52.68495276457
56.6498296099745 59.5311842808977
50.6275741630193 68.7320681228409
53.8640973399352 39.668833917225
35.0830677624771 60.5150824845958
64.8079098771076 40.3861137639048
63.0604299583692 69.0015647776148
44.1366109440932 44.3612195016616
49.952660298007 50.9595949069836
64.2588292256057 53.6648749315414
35.6187148443689 47.3377702708636
54.4476478197376 54.2800211577816
64.1117875452136 28.5663124133899
50.5082366423865 45.8256401467336
61.5338846731157 50.9596272570646
67.3691757991731 59.1097721881317
42.574095426863 59.9302758858567
40.5755407495309 53.2355899566053
61.5016338472644 31.7437348434396
40.1685123768211 44.3402445443927
56.2839175822441 36.7016561472095
48.3515823320694 35.5460050790602
50.9808611126426 66.5327647364113
49.1752977256748 47.7357444845681
54.3819485571066 52.6663287131343
57.4076514229361 52.0930643286817
46.7749537661572 44.3789378542044
43.8983832735373 47.3102386863858
46.4453905106038 41.2811210306157
57.5167939588276 42.2226808425508
45.3709452745908 52.0862631742292
54.5680755972037 44.9231135159653
49.7292770737643 58.081184337174
27.5147467096923 50.4143744209176
59.4560449902353 43.6264594867128
55.7970400918296 49.8989166503227
50.6255528573924 45.9014067602586
46.5145695499484 46.1456877705551
50.3120504075661 48.5647542069793
59.9689549255676 52.380862250161
56.9607788844587 47.6200876518145
49.5830069221122 55.3275104031004
45.7204326520636 43.7542533369945
36.3908704097797 56.104290283145
58.3021750822972 52.5247304194974
50.7850902022875 42.9155588576217
46.8032515869503 53.3258885268904
56.7952266425768 45.5724147438267
48.6338232262379 43.0696014904501
58.010807997972 39.3518320432248
54.4072286302981 47.7068965270359
45.9251393511799 45.6309541932633
63.1482191252416 56.5113362383377
46.3570895308345 38.4873954833986
36.0032061517221 50.5312240120005
67.9370964456349 54.1781378198372
57.4700073538056 36.8941071310603
45.9799225898377 50.8333969815361
55.6886055944567 50.116826573402
35.2967432688844 58.2992010185957
63.8044745291671 65.5537852420674
66.9342473662925 61.359167482124
45.7405651711082 49.0143391791548
56.1050573753458 49.2813128577424
49.4671948672525 60.0486048527288
29.0865286192409 61.8205145923456
41.7397638583554 38.397054161019
65.1273948701376 46.7417838472514
58.579395992732 48.7476759614617
56.1583759847874 54.0239313219788
42.4216000806167 57.8682448247394
45.8370956221057 40.5371656751074
39.9990048800389 60.2850655287508
55.1091062944584 44.4956456799522
30.2621772994336 43.9945504940641
67.8150421425568 55.4019219269707
54.8469680087572 43.6082351930102
69.3237595524408 47.7449324418934
50.8206292051525 52.2271140043288
62.5677239196183 35.7600443201925
44.8561823439507 48.2205822633309
56.9568379152752 55.1903814156399
48.3343517471198 47.6541941094123
36.7855062897823 57.4925848450867
54.6190531194235 65.1569684815051
64.8107398031794 62.8911825651046
56.5627692586908 55.6544382575767
64.0205405889194 32.9451067060431
47.0225619123141 65.3929782713067
35.1647545310241 47.7917741288304
40.9049820879297 39.3331149299367
49.2585650667456 33.2852290543956
45.1905888043944 38.3489924256733
58.6607494948575 50.9933062783477
48.0923649982577 50.8986077394174
65.7077635185495 55.206266790177
54.3774437793415 54.3966640386952
56.4245911224261 29.6652839469766
57.2876256114979 54.9113665461226
50.0478986892278 37.9425993565264
61.9077181217399 48.8669997756633
38.1523463632904 62.0838787782422
67.4591221158625 46.7788272047751
34.6943278789523 62.5772014663335
58.8790178053134 46.2247163752242
38.2171047955458 57.9147140425097
57.7886114592621 41.8329655798652
54.6798288304821 47.8616662308665
54.5539028990501 52.7137434269555
53.5968438534112 59.0707129404093
63.0399621864667 56.9155990892503
68.6202506341359 57.3431385941823
49.0621660439343 61.4954772116325
47.6155554973729 31.3540521042265
40.9230296148302 33.2956723121191
46.9944653570377 63.2645825238011
47.5476450487997 36.7232744670191
43.1049449517206 54.3411229789567
41.4921937660504 45.8974068486926
43.3463424324729 55.3523562791169
34.6276157543443 39.1813782729277
31.0187833499246 42.5271588623707
52.3709276342093 59.8064547623
43.2497891043391 47.5119856940451
36.2872853097847 60.0042860733173
53.1549388499369 63.6257381489044
60.4293149425085 42.3122279210848
38.8225321093555 49.2792440702738
57.8139253473146 45.9425356440308
43.223480128067 74.7488955555437
53.9767002074901 55.4578492230188
47.4119978339888 47.4156272134451
29.1432446759479 54.0363980773965
40.1732369216385 50.8174498361353
54.2332089347778 45.4245658446724
19.9209421714482 38.0532415587884
42.3009921318974 55.4115521396753
60.7913348438288 62.410447168829
52.6315723939366 72.6215148331282
42.3428513501273 36.0915956647046
70.2650818001353 36.8418911228841
54.3101745286188 60.1299392423799
59.0354842027212 43.8877346818376
43.4778218751904 51.5318672176213
56.597672457653 59.5494843747208
47.6119254228406 49.4499278926117
48.1980658507674 29.0214686489493
66.2030962610813 65.5802469373556
37.607440632777 47.4986564885704
59.4979397186451 54.8168548110301
50.6775588164266 35.5889479565033
43.3479238708599 49.706820553201
66.9814510898349 38.7634639389299
49.4429707986898 46.6089131983213
42.6137282594811 49.165146896237
37.8110498013197 49.5799394018338
45.6452834166653 45.4722146956242
42.2545120530188 30.675727928575
49.4051998861944 53.9183179556223
44.9076422206325 41.2409892495531
56.8259502200216 34.6464871096028
52.9890219756229 55.7727075199768
55.2765572708348 36.5212177005346
67.4885961629483 50.5816528128295
71.9476634820052 61.3412815668776
66.2708163699427 43.8845341853726
46.2802914138987 52.7170147007047
57.4107957909572 61.626029589424
53.468529270842 46.4569734891046
50.8948340794081 36.6831440857282
70.3362719982839 58.5733162539923
37.7964400264009 46.1947944244579
50.3763998293325 56.4143852162828
35.1200448106871 42.9960180005103
40.7333068126524 30.1377154531568
52.2490666829909 52.1144201533689
28.9257508406204 46.806407045382
42.0008832090395 41.5751861443074
47.4570994721257 56.8902938685288
41.7371663994057 59.9699868166063
48.2292677009218 49.5223663411687
48.0821327984105 49.0422045780235
56.141983532495 50.7884290256364
62.9053036984592 36.1410017939186
54.3824188599572 52.078078136192
71.5555749991557 52.2004684718305
78.7158427487563 62.3363709966526
59.7361164442799 41.3774793596235
55.9808379898156 44.6917107231027
45.3817631381888 66.9993761621661
33.4178068072177 44.9687945291732
45.860388263994 48.5869202571616
46.5224475473183 53.7108034401335
57.3196867008734 42.0895162717156
38.425799650182 30.9645964665263
49.9139939536996 60.736406406061
53.3915355961583 68.1394071605218
43.6842118654334 35.227079907495
57.0512031390729 49.0615790610248
36.4099890531612 44.1847867198984
48.7631253019172 47.0780185562478
47.0692419999611 55.7724449389906
40.9198727104341 45.4165149900074
48.8736687786389 54.8260546287116
61.5835131782334 41.9298901899931
49.8893137876799 46.8286697385362
35.9161952864359 48.0768886005358
57.9757085399897 39.9393379565877
46.7102355592434 36.5812559061851
43.6881605927255 54.2725360514404
49.6315723254311 44.7966053766161
37.6926362929348 42.9719488825499
41.2061797242634 51.3488171607438
47.0915336950065 50.9332417659566
42.3770434395621 50.948915507301
47.3651770424131 46.8631701171182
48.2261190916725 40.1309414668654
65.8081053221083 43.6217596498771
61.5976657425786 56.4245869821487
51.3762706234765 50.1054782107419
38.7867455833437 49.6473850034198
46.0525982945742 35.3707554735818
54.5186426426967 47.930810365389
47.2183527869579 60.6288440157979
53.4577506154618 39.3935891450467
42.2891701933471 52.8613838544897
42.4981130535701 36.4683403538579
50.8642622864327 59.6660305622229
36.223467768687 60.741628322843
49.3529101491407 44.8562598310917
59.4388857450314 47.9081615179484
67.1552948642459 52.6654370944687
36.5052983336728 44.8024529141571
49.2579309145206 49.6611556451739
59.6289639243436 57.67794981064
38.3446305099203 42.2850578579751
49.1458582394218 41.2855714094754
58.5125758982688 45.0024733046837
54.2748702554965 57.6992990066631
55.3481994811301 44.8745328757496
57.2273980509471 63.2971572246652
53.1675947104596 43.450794314415
38.4461765004174 56.7797056188148
56.5812975019399 53.0783949861535
54.0512503676007 49.5787578585156
39.2033191426113 41.8540497558854
65.7400658820733 60.7091406764356
54.488967714085 51.8391215617723
45.7896648625422 68.546413940042
38.9930527088835 71.6131907072063
50.5382384233429 61.5275654836182
39.0332455053374 30.9824101364182
40.6992556850311 38.7898778579996
39.5930809971619 45.8730428886226
61.8719795759443 53.4714949774535
50.2815833485826 40.6476606892036
39.0961851424933 35.1236857079911
51.9040606528605 66.6834522845738
49.0571383260793 44.8418984274968
51.7291215237146 24.8951930461966
79.3666716393618 56.1283147314562
64.5096929425519 52.5332141205018
60.9139202995776 33.9448619326541
41.4060484838837 40.9185277983683
57.3857372464588 53.7166592623195
43.2736835384206 52.5214002075047
29.5463412686168 52.8883025490351
46.6366241688869 57.6061571324304
56.4411588355275 44.3565220127127
60.8018824317349 59.0765609246085
48.6960463157489 53.7415235232203
59.51832504726 61.3340526706482
49.0356189454012 47.4453590466911
54.3598748563819 62.6793592688251
54.9221142428013 71.8036981348718
58.4031156388051 59.4681588779015
49.9535206716142 47.5143535740645
54.0251560404779 36.4851767816448
55.476156204686 51.3771011362261
44.2842656213129 39.4718205349106
37.6712709599626 29.0936176254891
49.0149592405548 49.951431309055
63.3426438678936 47.8257325139084
49.4935196610586 51.7458599909014
63.297255466284 39.6396223305608
49.8640001234328 53.6666340175016
36.3201050821062 46.363330017232
47.1176338416845 65.2662509854283
54.3725384064731 71.889388145454
46.6465742203951 59.6423273272787
39.3129703629294 52.4183111636604
45.5574459976855 39.5736148164341
34.8357677142616 77.0820876407594
52.0634176309202 47.0279537839949
49.0671762952299 42.2709804447169
42.077329450683 64.3121021622039
27.044210534859 44.3810059856632
38.4741303552523 47.5098921371361
46.9764659165543 61.8464218611236
61.708557934426 44.7540121314417
40.7583399778803 49.8297558763743
50.6733408687112 53.4596043448653
40.8853919085866 50.0776077112465
60.4818176964492 46.5779954110972
62.5673135838994 68.2103903893173
40.4520884915912 67.5553869868151
69.0554822764376 54.3233072459526
51.5506307996704 37.3549433463127
54.8475090794338 52.4693582770389
63.3648378443802 30.5574010471339
60.4755205196443 67.4952065944667
27.468460072126 51.2750183629334
27.4725784656338 41.5846876425661
50.4049450157299 43.1767029612821
51.3520098489444 58.4081696293392
59.8064158541794 46.7485325690655
59.8668184840731 49.7600015306956
42.877206248614 60.2997044761048
45.4535952647724 44.2025880875988
48.4902109752311 32.3326451903537
36.27994778473 53.7604528617816
