52.8798477660684 53.3379772791357
55.6406009379469 41.5040443935747
35.8069668474482 42.5616351779818
68.3211162017518 49.6097536319474
60.5158138804824 50.9774538476667
52.24337202687 43.8382132231107
33.1477653515277 48.5570885802807
46.5449961390328 53.0283640874687
61.5937904409488 47.2465298348682
78.683402849935 43.2174802559248
53.3507022941241 46.3012717205343
52.9496369843291 46.2914361026505
49.3687743947315 51.2063980949954
45.4265054139763 64.8225699181153
35.5865256065309 43.1867768954462
56.9834814743881 49.2234395241722
42.253735824294 39.0731615607372
60.5235653031535 53.6594679654855
56.3357717104015 56.9398590131952
47.4166156826813 57.3217699869441
58.6686830475408 28.7848445702326
45.2689164723438 55.038045904373
53.1397492380821 57.0844665074042
54.3515696173662 47.1224621765807
48.5225568965665 51.3043346528473
58.1338364222971 50.7147560192632
61.9017128783378 36.016925353304
34.0329211717445 54.4964214331065
60.6184576974933 61.6235998436187
44.6620912819183 59.3566619750275
32.0767586136222 42.1838285574359
57.3535123257171 64.7314895196829
43.5681441686747 65.2968412344448
46.2542131216345 50.6705927908604
57.5370931230305 46.8664185327528
40.3721645590647 50.4847904578089
52.1514152223486 52.6459251567832
61.0771522858615 33.2162020942624
51.4595550046248 46.5343258727706
48.0103110283289 49.0787642173859
40.0484524674617 45.0591905916664
56.4442966115433 47.7124598557818
58.8190142512495 34.3688918295539
45.8537105848943 52.3658900500146
42.4789189288421 34.2714108408186
58.2327267873771 48.2034916429983
56.278985709827 60.6552125441103
41.4506232373594 46.5715416630353
50.9111816237509 47.7332746076518
54.2388443411479 51.849687058495
40.9604465454217 36.1423440656544
57.7592725682072 41.5751591878127
49.1655675133711 64.2020186494121
55.8657141257191 36.2146589095551
48.4448874447019 38.1773661657304
37.9595073166148 33.7430731003733
66.0046597130456 40.0999902494251
48.0470833935883 46.7625141177731
59.8409290494055 56.6482654477828
30.5041807556954 44.5159858888513
47.735202818655 53.7929431000262
52.3111225641416 51.3359085349649
35.3513921554109 44.1516810797894
68.5425191571062 60.2505873757186
45.7366084148438 72.0053678786691
72.5412900596293 49.4710857970917
18.2879518645607 69.7583837395849
47.6620488655886 54.6342476128803
53.326209221545 48.5112234639797
61.0799657264845 66.7738689510866
47.2159751177838 42.843920962393
51.0234129299646 51.1028538277877
51.1888233039019 37.8407421128291
45.5553686358809 40.6101838266356
43.4156974910109 48.4080855110027
47.3301021919158 58.0628530327528
63.4984701938989 40.9473333322439
36.1474791158235 46.128653081023
43.1650795036442 48.3909630876565
52.0343029560588 38.6051565812947
67.6023770770841 63.7746648759503
45.2593095098324 26.8918137940811
36.8424929811179 49.2874465767029
46.8609219675948 38.2016670852529
48.7336455724074 38.1155168624166
52.6188054768429 49.1348834303808
57.4524665902464 46.6186923621238
58.5488852856028 58.9255244973499
54.7224776584057 36.2264430664838
55.7040552311784 43.424810367552
40.431113612595 37.4955299877686
71.0230290965624 52.0000516695801
58.8748894506428 62.5798453751816
32.9451344379143 38.5356294386131
37.26114978692 49.6571680827379
31.4487921583754 41.4673650202682
33.7194301066869 51.213798539036
57.8305058240157 51.5813788666751
37.8320760298562 55.8362470224081
51.7722819593964 68.3031671593175
28.5089798307191 58.9708963512756
52.9063149264344 49.7817600433176
33.0228110394425 55.2176150455057
49.2379151662174 49.7407211377533
50.6482432062292 54.0631104929085
69.2507594983261 39.5235164756313
43.3800769868293 35.2927427605146
61.1211640964411 40.6690541750578
44.2448457586745 46.4179226441328
33.3333862478573 60.9776489463459
52.1651851281427 42.1544390348486
49.8370721201207 54.447803883767
44.8216450242134 48.8418819057889
49.3697216721594 70.5735314794671
74.3774137963898 31.1131740758234
45.826720681571 39.8981571703883
40.8439394511218 40.6883403558583
46.8593160197447 59.9721838302451
46.8334833898018 58.3309601369857
72.5991295164858 60.5159409554073
38.0295078384378 38.6199346524769
59.3892898247607 35.4367394304009
59.0793151385159 45.5880977148451
62.2752530065397 43.0167067224426
55.3556425461497 59.5021636233343
45.4458380768049 53.1477889377157
51.9218332877005 50.7818370746706
56.2587365518884 50.9115263401453
45.1998122080758 46.0371616071972
32.886227935026 55.8151340929119
50.3291045597843 68.2353466377186
51.2566987307865 55.5484287218233
40.0927848033849 49.0391852961862
58.1853103326914 46.1059452970386
51.0113140285815 42.2663334634344
59.6514981393528 52.0655402108206
43.8989478743464 44.6637038115908
52.7439398771397 48.1884353438813
50.5727410239509 65.5785538944966
42.0520450879738 47.9715121313992
60.9200216499315 29.6831458578998
66.4979765509959 49.6069247709423
54.659834026692 47.9167292294436
44.1897925808774 33.2970528879054
45.6737579402769 63.2004913152772
43.4963048540733 62.8392084262203
57.0651580674412 40.7336042936989
49.7665083875587 61.5073358829283
64.2791362700768 42.2250935439531
36.1755759234112 35.3576732744025
50.7122955669557 48.1569653408572
34.1728800924294 52.2233562386383
37.94902425274 46.1117857739948
47.2424629774575 65.5077480169287
54.624237998498 48.6445105536309
46.2958118214119 51.0956513933833
52.845641892374 53.7349923293929
52.7189169880801 55.1534515007967
45.8988583585583 38.6435058641707
45.3474845262519 64.7298335305483
59.5574885168188 33.6634260002402
46.6113352272348 28.8436981012947
55.8817036191068 78.912862135625
49.6738093221818 36.6133410802294
26.1095130838774 53.643412587439
64.9301439288677 52.2832540431883
63.9188091959225 53.2559372821714
58.1949162158687 38.9566060647954
30.8665748193504 58.3021837090012
46.6023370528526 48.8283208056778
36.4414551261077 54.4678634484053
46.3663225542008 73.3564738362814
49.9908808600078 46.5036751662268
35.3015299321762 47.4530637848875
45.9031388140811 48.9015571286911
47.4365035199006 27.5944776970382
57.3477165639683 65.7003682924341
26.3007561975757 41.7054371088769
61.1260144298188 47.4599751055549
46.3614662776412 61.092259775799
55.6788452108532 70.134229004655
54.6397391728295 68.5595565428381
35.2477476959171 51.9111955427729
61.720742466821 33.8511557891783
49.9360064395077 43.6130076523136
52.2460659166946 33.8742207235536
38.6056311740934 48.1560773387114
64.0391889189499 62.5438334967777
46.6437277134396 32.2189055350588
47.9121781231546 45.4481095104731
53.6765529420113 53.9709330051634
43.6003349852875 41.4177578459795
65.3309285732944 39.1897326317151
46.8256662893592 42.6685819895085
30.3331337730086 41.8393302507559
42.0215570625773 52.5600480010673
50.3782473972203 57.3614431548948
48.0593198693856 54.3210542583748
47.2213909556556 52.2205958070248
45.1193827335286 71.3697593841855
36.5654817125225 40.7603507294758
45.883739275831 60.3197590630297
55.7163931724698 37.0932202583171
52.6149415329042 51.1517148554323
51.5421021717368 51.7797289219059
68.0875143921503 28.0507757721532
54.788667392591 43.9934592029847
42.6305927081993 47.8521406655061
39.3296177935853 63.0626915463797
42.2827508721614 51.7386206673422
59.3611579687638 47.8131847559959
49.0983833530894 56.5879528034805
62.4697712609383 37.3553610744446
32.6381655360559 45.4629331096068
50.5543899938837 51.4923802438796
31.1810774451772 44.8971990600783
37.1635958090659 45.8920671112395
33.4776958063695 45.2290110174181
57.2542477017341 58.815909691966
59.1590704947737 63.5981144944265
56.6352610751296 42.3232858952252
54.3998889323345 51.9741600768402
42.7881209580974 47.1411573181442
49.801840312125 43.4154254544643
48.5005681462581 32.7110915082973
45.4271373334455 46.8738551472937
57.143339793508 59.2437995052528
60.2308842072075 57.9490267359557
55.9064691045031 56.2731209233947
44.1725831248212 49.311213767055
46.2933677248871 68.2861087887783
64.0416857638184 64.8516269723489
49.8343930246082 50.1478596089605
42.8807451320585 73.8524347783035
35.9448233727768 39.0775542814941
45.6327718129751 57.3964809334314
33.3337421804 44.6320759525989
44.6778510422917 41.5095760712195
66.1487358325325 48.6015180458032
67.9854716599887 41.2017445453653
32.5994353548037 61.762658520556
44.172899300284 52.6925058766736
46.9160489055365 31.3968297032399
47.037610338075 61.7221900062076
59.0757650906724 46.3936735262513
60.6767491910967 57.1475172083477
53.0839055820978 44.4360068345869
39.0787841023036 43.667841760265
53.2977781339675 59.1641260281141
52.8198703931978 47.6860842730049
53.3896586322932 38.5549675748029
57.663795015728 53.7170263170992
54.5147669649004 45.8055184626415
54.3645178567439 63.218295515898
31.2527773602663 42.824620513339
35.004874367595 56.0224873955448
56.9913305751746 50.6166883633714
68.6318838342856 38.0903529784586
52.6567870255738 39.1092220909236
37.4581398712696 29.6679063214985
52.2211061236243 60.4148171306844
59.3886774163616 38.2760789221513
63.4498597370399 55.6231488449001
43.3554215465604 51.5359598606587
41.4068286266205 41.7901779312614
63.4501201817445 35.3563761922367
17.4034530665549 67.3649295210144
52.1275437733764 45.5125287662938
45.6985016123639 41.2192098963241
59.0951002097074 34.4200058368118
58.3810124443055 41.1041532981765
34.2911429597392 45.3892976779166
51.0783793936351 50.3560933555909
50.3622958731557 48.9600567872973
39.1337645098856 53.1378251048482
56.3341823132773 51.8839009162507
68.3331544805158 45.7508099475763
68.3348078509002 46.6025693502488
54.5321172699121 44.4916386096832
58.0652911997262 29.1232851375435
53.3215713094377 41.689396134562
53.1912533916606 54.6131532050052
56.4638704203515 43.9939103582525
58.2620340564982 58.2262370092408
49.8095301467046 36.0091355465965
42.8550722574799 46.6408571146543
39.3996490231878 55.5341406963539
52.1870084746616 51.9542362890853
65.3633735320488 50.2146554328449
51.215584296125 49.653714221828
42.642908493029 56.1249560939655
49.5415529811828 57.9487982111851
68.452951512767 53.8139381280351
41.3205313980188 42.4213657738706
54.0920922082703 44.1520582232543
50.4673599653434 45.5297151262215
42.2481773999054 59.0223057532412
38.1749399563336 59.9383238055151
75.0066107764954 63.1409485484031
63.3474163776253 52.0510530910157
53.0498523196189 37.7834516143626
42.921728907714 56.9344772823909
59.9649232294791 45.6758636991062
57.6568788176387 39.231433134897
59.919680717494 51.1084602319881
41.6860181688138 38.6603195076968
60.5940836432151 60.1200696728005
45.459765620832 62.0387580494392
36.0866887909345 67.5285049026675
63.7494462436497 25.4483090230055
39.2900417252377 41.4365695270594
56.7404109733398 32.306967986695
57.1915547266967 61.0870577289942
59.9386239117615 52.1297154470549
27.9418556382504 49.3341599214284
48.5529959737742 62.9240082476271
45.2330546738445 51.6750087335329
64.5832182931915 56.1339973774976
61.3056568842836 42.8800072385237
42.4187534228683 83.7779929937797
45.0606524685573 61.9570051868268
44.1255918697502 46.5530438532746
42.1680037177268 52.8336651134985
59.4199535272712 51.138395757502
49.0928078484524 77.1214690746808
29.1608836785493 29.9273958577331
67.5272741029259 56.5210989814015
45.8642228341801 30.5506409515372
34.3383782253909 58.5937497949839
45.8435467237705 48.8907953541671
30.3751622643672 47.2878549534199
56.5420885301763 61.8339361299543
51.3786162200535 63.430536487586
46.485638426082 57.6629308190829
49.702353904923 67.9796222649465
65.1799684603939 62.263113290226
57.0085994440862 46.0548819232618
35.1262411950272 46.8237797449792
69.050853250434 49.2614524005273
36.5824395402696 47.3384218842897
58.6787244555295 51.9847441358076
40.6454038379353 51.2196133584672
51.0045991747818 65.1815801736318
50.0083869476061 45.4511029417385
46.5680889426874 65.6981202920657
51.8516887181569 43.6278713765591
36.5941698594984 36.6928878164352
62.1120495909475 57.4659081156096
66.1988482155223 39.5005008706332
57.9614529643291 43.7926055851199
62.2128751514182 53.9382310467337
65.8499853921276 69.556950539113
48.7432538956839 25.5389452480949
29.3970762596127 48.0942573973877
46.9357780847691 45.895354539648
59.6088929562741 53.0471338793248
53.033375260887 42.5242757798286
56.0181982036191 58.5470992108815
37.8360238660455 47.7528729674192
41.9515963501207 30.0326228313377
41.7574472036345 55.607716094813
68.7065740526831 57.0419957281222
57.028162594638 60.90488726506
60.8517918926386 38.5209855653438
36.098453377378 52.486295133821
43.1612016463138 43.0151707536146
59.1386847003679 40.4182072595419
42.4338891061017 52.1729936908169
30.7025679016276 52.1999492088689
56.5688531207915 65.4440057847662
44.3954081001674 58.4957415398315
44.9497084234066 45.720676609399
68.3996894175097 53.0942531258871
47.6863745935797 43.904801438874
72.7739534433288 45.8315934781904
48.8294464222237 58.3335006446051
47.9052635478489 58.8301831375975
65.6169569497408 49.8616051860094
60.074639242166 62.0026773088313
47.6101311617787 67.496472419696
37.08765879608 51.323942701317
52.0012273337149 44.1621425970057
45.965821062312 36.8320007236119
44.3888348500275 50.2135705894923
47.9644733797531 19.0408337210192
49.2236945642023 41.1970423211573
29.3184996967741 53.0613782825885
25.6066470886534 49.7986343277393
46.7466106718047 63.4240601392543
37.5505154102594 42.7318040654675
51.4609292368452 50.0880649342136
45.6796880954884 59.0942272135152
39.1470926733364 32.9457253474015
39.5871477311624 60.2579970501602
56.7249485964782 41.9605141446904
52.9016708680675 45.1342024322686
56.8094866739882 42.5603631703134
69.7012239429311 56.3659568488161
30.9356614239405 43.8874669208577
65.3766818881854 63.0525304723207
