58.9314851894026 62.2446645995847
62.4666519866219 51.2768557752709
55.4323019480532 49.5933715443663
55.5344738713856 39.8430037304048
36.5949006481937 46.0726707876326
36.3646510972873 51.264812892078
56.7420540929549 40.5534584917262
41.3218881987528 59.982167278559
58.0480056052006 59.2398728374979
49.8205751512568 59.7109800832721
59.4807974960568 60.1342264092773
47.4370082332442 48.82893463987
63.4330442721101 52.7084617845502
49.5192865971186 43.3790739616966
53.0826060476136 33.823862026264
60.8301295803399 67.4076939733753
43.2897257426586 58.3474695331833
39.3397237665676 60.7456184845011
34.809610428417 47.2840261006351
60.9894957045391 68.2180899316508
69.4061120700466 39.4513119456882
32.9910997493901 49.7385595620374
56.4336866909208 54.0433182415469
61.5567154422138 50.6206960833573
76.2513426637829 52.7689186852114
44.1692596431379 56.662392517401
58.0453187922204 46.686687945089
51.9299307756394 45.8794978154085
46.530466786997 50.7724320665213
55.733495276058 50.812279047318
24.7737916424679 51.1178791858062
58.8532696509318 56.2656121842618
49.6409140866186 52.643634676459
39.8053827639282 42.0717105529082
29.1400598827504 43.9228550277647
46.447175413 47.2663109735068
58.8668198459536 67.310033078099
57.9299659482965 52.0885284240369
64.1069548644 37.9537423154952
47.7819907382617 36.237914269543
41.3012603142688 55.3049504315245
30.3635219977725 50.2717933253594
49.0014299913348 52.3041582227714
49.9844808542064 53.7625528756784
46.8972956837669 50.9454402174706
58.8031684698609 55.7471854048772
44.9612425042787 33.3071110352874
26.3140036593393 33.5814950246563
39.7653181534095 54.4868368156681
47.9947742759344 46.7837088531014
66.8260375679378 33.4516557857822
46.483293560126 32.9068326021893
50.0565668303231 55.9898430031804
65.5520989923768 48.708244598276
57.4580720144755 52.331076637042
44.5454462957102 66.2094427596614
58.3413004173766 49.7075116338327
67.488476175727 65.9941364069661
41.0041131100513 47.627720425041
43.9349471790408 52.5218683282944
48.8603262728451 40.9121754901808
44.6802677148812 52.4673434104403
51.2407953086517 55.0383574431086
63.9437895092772 58.2757229430269
34.1161570521831 40.3367341026029
62.6103815285017 61.290377233337
67.9080992096327 41.1869448651951
40.9109205287351 54.7644201748044
47.6927570647892 46.499501085732
50.9351610471463 67.1804559819512
56.0132174221758 60.7018726545606
44.4157152206181 37.7604213767974
54.4694105077248 61.2581962771682
63.9220541420131 32.9616889505103
53.3969688746224 46.6921311388688
46.5532577134268 24.7330489746305
61.162219725225 43.6132074549948
66.1452962686976 55.3518984918654
60.4167293432534 48.1966340300961
45.9273203542858 47.8486673142289
70.7388528605016 42.1626838211141
44.1905365302876 52.2275345257651
63.3220019128597 38.2783656399986
47.2522256919015 32.0285583863099
61.6150046218661 69.6144563089429
47.2380187578044 76.6773515273011
55.7373840619381 30.4018855748011
50.458921563774 55.8234143063279
29.1073756802616 34.6802497841644
44.2759216543645 75.6961200649073
65.2368908424671 59.3426126387219
47.180317230596 47.4056815383085
30.3812724258494 46.2913988213809
55.4264587123531 43.9225654776888
49.0349709517621 51.4011142640607
65.2223715916255 47.3785807494691
47.5877555192582 45.196168981227
51.4162528456971 44.3927444032702
31.355099957148 67.9223659760733
40.419687940801 45.6528377140945
51.842777852421 59.2137764928493
69.1779646466796 34.2565868766926
48.0151909363656 40.0494916644988
59.7075559681383 73.316777048272
56.9238436819868 49.6255068681989
63.0024352532204 46.2461923301886
38.4084892554336 41.0858663861979
55.2925299817329 46.6713485574123
47.0315184132868 34.9259270362363
47.7166617953064 35.9697869531804
46.6353041851419 39.7627641114091
56.5703565921479 36.2738183437239
47.3783692886644 55.9205886056235
51.3043416917732 41.3905719282165
49.47272575492 35.0338239005666
48.8517975455574 51.4654807689942
40.9356854864525 46.5297185398845
51.4175368594485 44.7100918208723
35.4364640629873 43.4324925342386
43.9140854432591 60.4082516808091
59.6171928906472 60.6231052251709
64.4998762491544 39.9362454220943
61.1997696655485 45.4219810492983
59.7093053239853 54.8129437355534
29.6291737210744 48.162022198377
50.3792505523367 54.9518180069764
39.1670516247537 61.186459478403
43.6304011453057 41.9464616931119
52.4020977539491 48.553188890401
52.4568990182529 29.0168746065563
38.1230573495193 49.7823849815281
59.9946676157136 61.665108150095
64.7553054901282 53.2277028706073
47.0518360506651 55.5262449343161
47.6048647127744 57.0272217259163
29.7901697147853 44.6449423393487
60.6210618659126 54.0849913509412
51.2744508469212 60.6019630017794
42.7914584333031 61.1932216781781
53.1106014513788 50.3095859447526
45.2405158464972 26.9872531723822
38.0219274926616 46.3627389452969
42.8554319186455 48.4969485477405
56.318886193517 60.6642638500792
34.9963925100439 54.3681585042101
40.9531343431575 49.5944212156816
53.0363014101116 57.1901752142459
47.3884998118073 67.4487076765542
62.0481455606773 43.6433838975139
47.4290667872324 65.547791472211
41.3487898624625 50.2635300486786
34.3923521687483 49.4451395104516
54.9807370224545 56.4776427791076
53.2837639992189 59.7891138191122
55.8809208003763 60.9339999740977
52.5192609226324 52.2630144618909
45.2321048255524 65.2994350173139
64.6357723007268 41.4528493617285
45.5244079224879 59.0222383916095
37.4949032440215 45.4528605085992
56.0695210252264 69.085860573797
46.8902610913631 52.8475899772783
65.2671307833801 43.693014598814
56.3789706551106 61.9013203372317
54.1105702680276 57.7083364161607
61.2812852678145 66.376161141371
33.0885583629294 58.8073672039114
63.9404182142576 53.1716922965676
56.278445070275 65.6406991452199
42.0391993071077 45.6182401858431
66.4722609736094 39.4876886869426
56.8602838249125 40.0148405739013
38.0347772565364 44.5969532565512
45.3193968298053 52.7907304877034
52.672465727157 58.795049266577
36.3803295487395 25.737969125984
44.0613422150789 51.7911515640526
48.0622662694987 56.3355385735993
44.7009485947349 45.3152213500342
46.8740130640968 42.2857315368148
51.6599443238694 63.4868072385272
51.4885932155722 27.4755547111957
29.6814747543732 59.4146599644416
54.4137419331402 50.6701501836604
40.3051866013843 51.8188647414932
67.2888157732851 49.8290266989572
43.5848276807754 45.5067107559218
49.0947391731404 32.773567147426
46.849440895206 42.9120654654733
52.6084811524326 51.2952910906265
56.1039805165328 58.0444334264936
48.6855065766412 45.3401404420223
44.684146726874 56.2177134003403
48.5733752010561 22.3062654027651
53.1693469391884 49.329644473568
35.6855937717835 40.5707286499012
53.6328887123304 54.6245553709509
59.7386002805177 66.7401547389963
57.7799631215227 48.439513057464
45.9062951026923 43.3309308828894
29.9290802832927 49.3387466475684
37.0456898549642 70.6739012976183
46.1803491883355 47.0770251721994
40.5476146541941 53.2603616914525
57.8255822559695 52.5108589497524
52.0249641871895 46.5078331625728
68.9286394351802 58.2120495357085
45.5865026523925 48.2776847923145
48.3017218606587 56.7903185729094
46.1943777616586 45.3414257881169
50.9392367886571 41.7680278416487
55.5383037042044 62.8110740919453
53.0893602990481 39.6967721032751
54.4419770005127 52.6290731669903
53.9714032135396 61.1236034779531
45.6839010996591 40.2841644259726
42.694427143136 26.8654081341478
57.0793952512328 74.8273564636767
46.8579974150987 45.1058978714297
40.7604201646137 48.6768133850227
44.0322042915878 50.309776631365
40.8910782373991 46.3237855740279
53.1079756872603 47.0236776330206
62.4700004382979 30.617901946369
48.5154750211807 73.6809253763767
65.1077028753416 50.1922465991817
34.9412769687674 53.9547458336752
37.1544853733549 39.5159113835707
25.4115598113322 41.534519326279
52.0003440165982 34.553069787539
40.8300856448333 56.0996783692947
38.1585735227892 62.6898928079517
53.8035294396349 35.3023865965372
51.9741000201118 56.0262289456403
51.1781800557356 44.2543061919642
40.073445418252 53.2439359235361
53.7723410781037 45.9176821595642
52.7473704067832 55.4950545375279
17.6646346088162 56.7011585271714
47.8836456977284 40.3931317520254
55.1468588703414 61.7420537313178
35.8888677802724 44.6293678127084
70.0363497388309 57.1725935041615
52.2885269028231 49.8269044177546
50.2300436152064 51.8881409527815
18.6160169417831 51.4090335014412
65.8197335851775 38.2246561915008
51.9273886743249 43.285422894551
67.4315671094836 56.2539345592975
58.4424904787108 28.7429732604214
50.9247958118304 48.8815347383465
60.1185662480292 44.6392739627958
54.4885992976403 73.5546643712954
38.7039360573914 39.5892230191017
46.8793800971366 49.8433082717125
55.3392971773408 63.0334601463172
47.9724872493646 55.7192732346456
32.1358585433193 47.3371753042822
54.2831944559624 57.1901057444608
51.4232655472859 57.706347370779
64.6953731126665 53.7383293319786
47.2957210377257 63.1799714922201
32.1765548418422 51.1709293975695
51.58966786327 51.5325144634506
26.2192331681015 47.8029641548275
60.0882092839337 29.5590783449013
40.0460921252388 49.5439666011866
52.5651616629907 51.0872686848038
45.1435883797941 55.2985285631303
50.6482387316201 57.7460761917023
78.6688338243765 44.5780645314695
52.5854122120214 55.4063582922319
45.2181888659687 42.3599865739367
48.0817437804802 47.6525961302505
38.4065556300957 49.3294210019209
59.7726836357942 62.2579432133673
62.9158792620641 49.829953417301
40.3526639638088 35.8502002544835
65.6518937278307 53.6094279813967
52.4413259790473 57.2644892004245
52.8751868279823 43.5923880625455
58.6983396639841 49.3866212089771
36.51659456313 29.8026544805518
40.6636451678069 35.7959824680613
63.3298649281552 59.5032334319619
64.5272527062676 68.4636857753619
56.167710282478 36.5764931570361
48.8590883341072 52.6049984612187
50.9746823815568 63.4311266688679
28.6160079522067 32.0600752798336
50.3621689742844 48.1973146110727
61.2287908031519 59.0112435408993
37.2449979236395 50.7725772710626
63.0998505809568 45.7044689779958
58.259479915686 66.8041702945202
30.8313115109251 38.2436008131543
64.3780834286474 56.7534816318077
49.6554130518552 51.1338958418651
32.7854782942567 39.5428998701333
43.4117191153571 59.0036406392669
34.0389326029367 36.3588916946377
51.3013279561087 50.832984069924
64.1268665795338 39.1511420513992
47.7107377126749 55.8337249691113
66.6158116719559 39.8200615184618
48.4259883100383 45.3057431692323
38.6207629330224 50.4003992291323
49.5183291512047 47.8145399713544
29.9598493911725 35.0609891111872
49.1602680525242 47.0794351614981
67.1931535761647 43.3441698155199
57.8671247910514 68.2439578120096
71.3565530242042 52.0402377599662
55.3505079232745 57.9149265381853
57.8779184382577 65.3824668617297
60.9033000482622 56.2927359346228
55.2451990521654 38.3098494275226
31.5611515055185 50.1552955101097
56.5259728495074 40.4952582471024
54.1480640216353 45.3552820548257
45.5350094309791 43.2861156283498
55.2209840780753 67.9718728088721
48.8311674388674 33.8701616399042
49.0891567941541 53.8922620702071
51.177364018049 50.141493101707
49.6788282743678 51.107218286519
48.9830805438919 55.3711168879629
49.8023719595884 49.5723805633171
30.8256655511299 39.9988275130376
56.572021333464 51.7685944157168
34.4167182024057 59.2569701931122
56.0715330610987 51.7854779623966
47.6261847656218 49.1850806732261
63.2562791808131 78.1176219595099
52.1542557332633 70.2741820260883
34.325456849615 41.8546421719033
42.7348758649546 54.8422891745257
37.1451521696663 48.0958056367863
44.0759452400633 51.9970479006919
54.0799600767547 50.693836805498
51.5526039060823 62.2893007721946
55.126484302563 55.628973061188
45.9409100232394 40.1897786784675
48.835036770573 61.7853235233512
64.3831510802944 34.187028677615
49.1008962406084 54.496442374637
42.3827772839666 36.4062709493787
53.2244363036287 32.908540865748
59.2565164323779 55.1817567589639
50.4569554312223 53.1841912851579
44.8844219875117 46.7196586821014
48.3536816367177 33.7501051243588
71.2547537914554 50.4893042476297
49.2558660490858 44.3422582404691
42.8018474300419 50.934775366792
53.6971668122514 35.0310297065259
46.1048163109093 43.1280243378693
46.3073936475276 49.0725150940217
33.601637597416 60.1630119404049
78.0557690397469 52.3374839392871
57.1710393288955 62.7494165767505
55.3184510650182 39.4830959666734
51.6083128009867 50.6768639629198
52.593486787802 34.8615367208975
60.9819795873645 30.6961113623913
57.9789540901454 43.5832468174107
68.3484311062943 44.4599314501119
66.8047257503596 63.7948105776832
47.2338568187748 49.3702978231302
36.4922045705813 33.9651180371563
51.2672490100676 50.7472044704842
56.0944040634387 39.7287076641645
28.6624081223982 50.8968514750785
43.5968797959917 72.4944600915566
58.7044605587142 60.0877297469159
48.7774198753093 52.3127157173852
50.1068324221582 54.1473584925677
55.1735347975615 65.2501107610953
59.048067797126 54.2177838473653
35.0951919223804 53.4391549552764
58.7800179252002 49.9621810190332
38.1010695718919 51.5951970797395
54.2018749034272 48.0246532569649
54.8519284192113 40.2632376054593
46.9875565496876 51.0345807394668
42.485266066189 64.1885484655789
47.1036350203187 55.8923759417659
39.2940662719932 57.5898966513126
64.9199203131601 51.3239756333006
55.3224573580106 60.541299254518
58.4109236975602 49.003805676186
36.4961972923404 42.4314780918894
59.425125301538 35.6724907884159
50.7181450846596 58.4582689586681
45.0454537065493 61.920156170607
41.111769441147 60.8155785567039
47.2608277547808 56.3151094713225
75.2866485332022 58.7421611012329
49.8388417602139 53.0828336053357
49.4069648429167 44.3408596752077
