69.0478989065197 40.7277821213003
43.8492028795907 42.776342164965
60.9232871693944 51.0271203129235
37.0504095150743 56.3348910221508
70.8169210232209 56.44076273479
43.9603306407592 42.8821055603444
48.7752917163116 53.0861757554986
53.1085510415692 47.3828694390354
45.7553553449873 58.868065340337
32.6600384603152 50.7961030108078
60.03900980976 57.0139076590532
61.3134292310413 47.3379956880273
41.4666455022966 59.697824034823
43.9183896996128 29.3994858816584
33.735009490043 68.2182388909295
59.2792800430316 52.4223606417892
43.8798689655281 43.1789436492773
39.2466908474452 26.69924043122
71.4392395277938 32.7441933485274
43.5210312448514 47.7901020650374
66.7502751307926 19.5339940733374
49.7438631761992 50.8880219215634
63.8841676031038 40.9237838490796
53.6849849927659 32.0095038965905
44.7405404479282 63.5963538249368
50.4540606850728 55.0929602666517
37.690383640589 56.9515348136212
25.9602124261787 63.7273947120857
35.8813612526209 44.5234570350249
56.7827035458293 39.7645838150965
50.3887557767354 48.4915184460337
60.6389726212543 46.8969379020697
57.2556361359947 56.3662686469164
58.6153296763832 72.0724447666545
60.4994969349646 50.0762098690128
56.1576690365588 61.2761787122345
52.8747861204656 52.0813808307564
35.0001583305889 60.5547011570982
40.2720613885856 49.663198036671
48.0555062331624 55.8610917523064
44.8520791280531 59.1646827620266
46.9013731767428 48.6261083873107
58.5459797047852 46.4145543657698
53.735455740948 48.943396169929
45.121417776317 56.117608273376
53.6599432059781 56.0052882445173
41.4834044933481 44.436935165528
33.3892322484586 58.7036215089934
60.0678172898796 63.7964993880225
37.7186860589602 53.1830812336735
40.7491490538148 59.4005825825403
55.8592593863606 44.1152581666705
59.0139788485683 63.1809544873485
55.1579198415214 51.0813226580637
59.676827038024 40.4636786790385
49.0726025737569 69.3708346223114
46.0724164259798 53.9715757540696
48.0075400827429 54.7800051531864
59.7038671395228 54.0550826306292
57.8696411946807 45.5433741354793
44.3727033965753 56.4001243893206
43.7490628199989 62.4370171447087
45.7236667569468 56.7895168539316
52.2288836765588 56.298085680567
51.9612033000761 54.9180773787652
63.3229719185782 46.6464803275857
54.2343253291538 51.359012276406
46.6851936843682 51.2251486098366
72.0985416618502 53.1847827609724
36.3264559590501 49.2411718874063
47.0980501300446 61.3144828613361
42.6132168342798 44.4228892839586
53.6934470497213 43.8284301785078
58.4606935525011 37.336779594036
58.6425054920382 43.49700311365
54.4020355494368 22.2236855694754
38.7918271808458 59.0624962447503
35.895029321446 38.8874476888626
36.3119243119581 45.5668989725967
21.3103015302702 51.606194648501
51.1067826380709 40.8949750703804
46.6136872563227 49.0612697062011
36.458176034917 30.0005088239167
50.2921476697968 43.0190482635818
41.4723905489039 46.4207178831817
63.2406988092966 40.003721449707
47.0091973458282 51.4362818586984
39.6115636790368 40.3622862404823
62.6097991555151 44.906372718028
51.2709765964796 49.297951978243
37.6443476723784 69.2201931989744
42.6395571918466 52.6317876919118
46.0896673097366 43.1003269697767
40.8216794156546 47.9910086969752
38.8946413056231 46.5369812004136
45.7784410981895 55.3573869746741
51.0147047542007 61.0935549642572
33.6697399251757 58.0497793692961
50.8439559593051 59.7698668797718
50.834410286114 55.9667938879211
42.2118238581255 61.0283123105336
34.8598218115293 45.8228873334304
57.2625145556198 43.2298053970073
50.7793166991626 39.3020392249914
40.7286158144291 45.7973211018106
36.8905896279119 45.6537747084227
41.5551219494011 40.6239839184713
48.8191032656424 43.7783564631791
29.1217175545831 71.9857568903519
52.9818797076323 54.070525037155
45.2613253742022 43.2329737111826
55.8087686806359 49.6778102744687
64.8519136176892 62.1061021860867
49.9921235369712 62.5726228032877
52.932473604038 44.7909367096325
67.4865371601624 47.8224875411464
55.6599991089624 58.0591608088827
55.6042500882458 57.9999579937827
35.8448016203658 48.8355713229018
43.1332206217965 43.8712186755206
42.3965449550014 38.8254087462512
63.7334598143444 35.6996514317944
59.6766146828324 65.3624406875327
56.9741627528919 18.6597885373206
47.9216240142814 46.7989261330805
55.1545020669918 63.9460437578288
48.0087434158876 65.0853323348093
52.2852022978435 51.4862025781167
56.2624598020705 68.3595817840781
69.5089428325835 39.8023370104585
48.3440966875621 55.5742130594204
54.0103927106037 45.7114539048931
35.3347199395772 53.9116572397566
36.4945208015121 55.5053048352651
39.9319729479905 59.403439089606
48.2215235360638 54.8613939550954
51.5722033429616 59.828900737347
54.4375844964784 40.0459650085734
62.3022818414811 41.3969596841403
38.6419633217145 44.9588433015825
54.0286526502093 44.6489883968307
52.2051823704386 55.4782921866872
63.3750858728363 39.5620905010376
53.3226594016714 60.8544500499977
41.0180402116245 36.329311708157
42.381745842159 36.9411226085681
36.59676751497 66.2459649617292
41.9905312902616 61.662501034855
58.1651032315137 47.3204422170456
57.9063684558918 49.0527369784712
42.3847848447004 60.2516260260392
46.5354327852134 39.4587948050665
57.703384179732 37.3340307521578
55.0652785262615 62.3266806538351
61.7467907388409 47.2231775789899
54.6458478390823 51.2653074612133
49.8882795323914 64.5792474320378
52.8685531548354 52.6453385198116
38.7608310583695 52.0881186824929
67.4389743261454 51.221423125398
54.5934717072312 45.0215342707455
57.6441101261618 53.008591228254
51.7083583011827 43.5042983539654
41.0673490508944 51.3276558705358
50.4655306995985 41.6160455695571
50.3555627818901 43.7857435042706
66.338334297681 44.871210789839
37.0475943434742 46.4791829822667
42.2996683351369 56.9053829461947
38.1773406281721 35.478729218105
57.9619599348827 59.2942656367561
61.8959684205646 36.5921861594255
44.6996801720736 35.2487872853483
37.5416104942402 59.4893415606842
32.7336301397859 49.5963562567664
56.2032109703973 62.1455399819056
54.2921357923344 40.3033000128194
59.9707524725998 31.42536255069
63.1797522560214 47.8639001948587
72.2570933014347 45.4916423841563
45.2607526749737 45.1944484357352
33.7732452873577 48.0834071215025
44.9568583993922 45.0700440367204
39.4439503684211 52.0015936621082
34.2088258426389 43.8640826175273
43.2812958599295 40.2011859688964
55.6676813183536 52.0974213744184
70.1863877185192 27.1955040086995
57.1120346080692 34.8224272701527
55.5037248279413 55.5405878368308
57.6101280155332 60.8043600021196
38.8988277004283 41.7164629858553
38.4572467458077 60.2280263413518
66.4579916631263 53.9444621255285
62.9048203095045 41.5842607199983
44.3456825327348 39.9344301225922
46.6367309229105 55.3046000064826
37.1461945205198 45.2149331127215
46.3183356519646 60.5737681651491
43.432228095724 76.4297093205854
47.746915746367 51.5401127808202
45.3101198402026 58.9898897797473
36.3742780220273 53.9860808834746
62.7451648093697 66.0085692548921
33.3784481052715 77.7457738772157
51.0334462720448 57.3785126046056
63.0409626236645 56.8866082299034
52.3184231055363 52.2610319995661
49.2866059473824 53.0879313785166
52.7770218641604 46.278356874367
47.9734764331073 45.9814076343602
62.3554944432848 29.3415874434351
50.4915566527901 52.5983999898317
61.9669237250271 38.1442702455459
50.248075676237 42.1781683083148
35.4958177561788 61.633994889869
49.9638866006597 56.6384321492571
49.6103064715339 38.651333430488
47.4599877365336 58.4167375208219
71.3818559387542 64.6356082259071
42.2590791479517 46.4280179093578
48.2707315101544 46.1532655661418
56.7600319187759 68.3707790916019
58.7486423514937 45.5734256391011
55.3648234154511 33.4279422127643
53.0503556834288 41.4736688108768
46.6693821474796 45.2193107781228
34.2050267764102 51.407002930342
57.4412771893674 61.6125705442157
65.9204442294573 43.2958400046995
33.0089768996312 35.4154728487612
62.0738640719022 46.3481231909891
49.513650402826 47.8800274171946
52.5189986868015 60.4191372666315
38.7656116296969 62.770976230356
45.1873713833592 48.9281055216185
69.6675675394242 46.3969538190966
39.7455084066072 60.6409503755224
64.2157510503693 36.0553866755349
59.8707863574303 53.7034720651535
62.3314284483867 49.7813456565402
51.91205113329 38.2978783797371
44.683685303488 59.451859596565
54.9454669340353 35.5506890050694
41.1778233245869 52.1800125165868
49.3454209671454 44.9975471004759
29.2912874243072 60.4356364982509
52.9557722211603 47.6393764486117
29.0902498236168 65.6123576256926
38.6311372163643 34.1033021233215
31.8864766279098 52.5050247851451
53.5738798221278 47.6598386830963
50.2376223681663 37.9100872650911
60.6780901833005 49.0238850287178
38.3287095567753 41.7938504316472
54.8208456989907 43.5349089884641
51.5530864546745 58.8158287556999
54.0187662458368 66.9741902688029
61.3664401627886 54.4844551870752
40.2356660148656 67.5890308786807
40.3487912295878 55.3453680878285
53.3644097612042 61.574409015296
43.1673154610407 48.6509601116304
49.6839062177302 46.0579022699729
47.5713050602451 33.549438515244
55.7632319536045 45.3119660900512
53.2571586579982 46.3087406621483
55.3184341717579 48.438247538359
70.8366490282055 58.4005218052315
58.060118296739 47.9399734176688
48.9140219246456 43.678888894552
63.6247976188494 53.8090075624106
61.6582459553475 43.0960199226999
70.0855715776081 33.4865494554909
41.7636305657542 48.718209593732
54.2422817234749 68.5360578795996
33.3417053732618 37.7552352445922
43.7796200553216 54.7754595076438
39.2613770932885 27.6736699172807
54.7299863564186 44.724511273657
50.3867097105222 57.8944255412361
48.1397204855236 56.3266883794925
49.7618849790418 62.9927475590497
44.4900470703267 48.5516388775659
36.2974520600781 51.5400807157913
36.2744468286884 63.1739972010698
50.2047228548513 61.3185081791588
62.1760787741506 68.7126629968194
40.3465600396867 60.5686135289596
47.6162050548862 60.342522497913
45.0948929281912 41.2651337843684
43.5805161022872 39.0884798817495
35.5470759252168 59.2192281503263
41.2799916810877 60.2888332404473
46.5426497805405 43.9978093959866
50.9107815419588 48.6607020662598
29.1153752739929 60.9565881956852
51.9981005524662 61.4481792549369
51.3508227754219 35.604048784584
53.4243705654031 64.7040136200645
50.8513167150189 53.4942162023424
38.5261804396829 42.6457010781165
45.6339428279496 40.3619942271015
36.6804069748911 47.3882992824045
46.1183788443176 33.1919863412106
53.0182087062999 36.2170133082245
47.936220694293 47.3741297789953
47.5810142994539 48.4452751404005
52.765889475842 37.5772486779317
58.6268323664695 44.5068123119856
52.4917861771386 67.0997245129147
65.2606396691862 46.0878959820672
61.4010574485102 27.1368517394534
35.419992450252 60.0209444483158
47.2048290563356 64.4484641806924
44.3164376628372 30.0213405433327
40.0155454546871 49.1500512394132
55.7505822501443 42.5759082653841
53.6894006411388 54.7577969643855
54.3714845467167 44.7588694440076
43.211719852358 34.4403748371489
69.7047780894328 42.5575578552874
57.6723013609191 31.6725333013424
58.2360756476237 31.2612096573176
44.9129436509647 51.3639557878802
40.6659230548608 45.4126885382741
42.8777800380003 29.9457409989096
31.5766593341097 58.7592676022331
44.288713265647 37.070487536889
43.6743889005823 56.0930870868049
49.7945069010536 43.2076680488097
31.2069956607137 69.3653014798555
45.9763843852307 52.315763488999
48.3607470678357 44.7870560297432
44.3125993081798 39.5969471190322
55.1426207858673 22.0631121864324
38.2196354628885 33.9148012087839
26.9855838406906 62.9504593322223
47.3706038256798 46.2424007673161
66.4602883630223 48.1141069168043
51.4409124544125 53.5742440262662
46.9879616888471 63.5547955815295
64.4198115710759 57.0780430958213
18.5959783269506 45.9972822065879
40.3782059916096 51.2873764190082
59.214283592693 47.7981717321754
54.220095052103 69.5618108905325
60.5400004574248 46.9520410441948
53.2279879188036 18.6886284730913
49.7232243970915 54.8323986576104
19.366279626691 51.8697547269468
48.7404893229848 55.288256367046
54.046232632451 60.3951367611572
59.6484835184069 56.7666149961349
41.6395468008206 63.6957245129782
61.4551275130625 33.2687844934003
65.1498288643407 46.57495499882
51.2821269877928 51.6006106954114
43.2543657360254 45.5160812864338
50.7724183898278 49.5111683938672
33.7097821471462 59.7787795548936
58.4389859075399 54.8703410573408
34.7589133652986 57.6713064592249
63.2278268967612 69.503834104215
45.6249408470282 47.2689692303175
57.848806336231 54.8578069814941
68.1724960612231 39.962977551261
51.7871420168662 71.2066435815938
47.0878046509681 43.1985329709105
49.1966376499851 51.2076392470109
38.7859207586142 54.321737438561
54.9054226520481 47.0679563405147
37.4410020724262 57.6263420966308
43.9641115136274 38.8365314158643
49.3881143782909 52.0068556566527
28.8080086519272 43.3410050997842
48.875770648213 52.0595867706315
67.3142624990272 35.3802920829746
54.941946901799 50.6418537942389
38.9509790808735 53.9760225826865
63.5561369959788 49.0236322196037
57.4384243243601 74.050077367189
55.7713624712585 36.871235451487
42.3233943889673 49.3770345610291
44.8790288710277 36.1552731393299
49.7792223621225 60.9261117506492
43.714236764757 38.9255052176133
57.9061333694922 65.6659073840597
54.1554537793998 44.7651224633008
44.7098136522729 38.2400097408088
39.3996132918217 40.6669055019768
55.3421645191835 47.9720588482827
47.8235648416408 39.8830742572501
66.6487126448457 30.5705499819349
59.8147624773248 36.5590676178893
52.2214347624869 51.1230484986643
68.9010051831105 57.4029257842095
54.5720261441444 64.2954781431971
30.5656907254136 43.309051469771
49.0648802055977 58.1485346046379
