54.5576667607261 57.4949144063045
58.3901401626097 56.0116952800612
58.6394657312031 51.627424141962
52.5396117952384 48.2895403156902
48.5645049781591 36.300191676565
38.9151754590519 33.1418645187861
48.3225512181135 39.4701307923368
48.2924190796662 52.5048770213142
46.7123318024102 49.1908706259264
53.727990950506 49.156501778455
73.4230670822704 57.4703619306291
34.0308065813629 56.8905570658556
52.1803686864482 49.4563719749427
35.4225502750278 43.6077433457545
52.8826195054259 39.0811635343141
51.497727072149 52.0868158932546
45.3474122794584 37.8515390792242
42.8275880259605 66.4035848759115
40.3161554287173 54.897673071219
61.7680210244757 41.633651740266
44.8746857613583 36.8482108568788
47.2302887165212 45.7930981070023
42.0556965980634 44.517581727056
58.4427834215393 71.4217100878121
48.8386753827368 51.3102846402021
58.8293847367432 66.9743643977188
51.643779059249 46.7778035884347
40.9892506149703 59.8516295713561
57.5058455759693 47.8535200459361
48.8455379587345 37.5933745467851
52.4737547716018 56.8505660109636
57.9914685697336 27.3394407493758
40.4857431593818 55.4119320572922
63.2132602802099 59.9736800078832
36.2287291941377 48.6753920700844
58.2023319164838 33.4629195869779
47.895514912388 39.2254771045447
49.0760874273832 53.6467143435705
37.6046797857698 43.6978397966196
32.8374221080167 39.483397831164
68.9521373583913 70.2476296486616
46.2502291409687 52.9018016349286
43.5737581188356 29.4562834490863
68.3812647850545 53.1066197797234
43.1311508496228 42.1844258427115
69.146627155165 49.2724653800354
52.5661135295183 64.7102008796515
52.6072797249104 29.8261935016428
51.1466971216715 62.237914536009
52.3921982702147 52.1568427008127
40.4027632822951 43.4450362081201
51.8229070890777 65.3118238220214
33.4882263759247 43.5216432172289
44.6564284022832 40.0833252274333
59.7148850644018 52.1821718271935
23.5087562119132 52.4468394335536
59.8882647592706 54.9289255621853
50.2055231279144 54.0214726709642
56.0113990451969 44.5532728646372
36.9303586609005 38.007962197015
29.7050787054683 46.0770644889236
43.2774025427546 47.9229089128526
51.1557852895342 53.3952494988445
57.2379739894455 38.4923624670539
43.2914016912051 52.7960829059333
42.5739569231884 50.4931282352739
42.1745818896535 32.5517430081079
43.847892010383 44.7625410518307
44.1049701079842 44.5253137678045
60.4023319539659 40.872728840122
69.2715227811822 55.0059336577562
31.605824761505 31.6727845913639
52.6033144892559 49.6729896241897
56.8929701362191 64.2823621311566
48.1696237034658 55.9199921576135
50.4738087333354 37.2348798204789
52.4947994555701 68.9892351368611
53.0956599911029 44.9558169068109
46.1943042480953 56.5597334087636
51.8037088094256 66.1218795297799
46.2426990430213 48.4468119437767
64.9630776862777 56.4476984140371
34.9613903907627 62.5126487842495
52.8973042122675 63.4820779356727
55.4463177490275 33.8977886376129
31.1133148431597 47.1703596187957
56.3350659701572 42.2983154183619
45.8325251071173 56.21937953527
67.072290637485 44.1947969520687
50.4893989003609 37.5127725786824
41.1023594454461 52.9637550462983
39.6580848767376 62.9520302975017
48.8408966549445 56.0816112192787
52.1997781292821 40.0003207982618
44.7210201672489 59.8049253696
44.6653051926431 40.5893375269531
43.1545087167535 40.3226652994088
55.6623429976496 52.52677605182
47.087121966858 48.111496783923
58.0980843956324 43.9271675623568
52.3066006694587 37.4304648168845
42.3814349008513 45.4176591814239
59.0793971902477 48.8899169616287
36.8225448801543 45.3732879897907
40.8243960734092 52.3974431146704
43.325568118375 50.6494309137276
47.0017130008736 56.4171671001185
31.1643345687082 52.7636081325973
41.4501949625648 52.0949394104979
44.3623510575511 75.196020154909
52.203356988146 47.7724578277525
57.4408751097264 50.1766409868581
48.0282053013751 56.847220022425
47.8822065973816 48.4003556424089
36.2325842230781 58.0141200599368
53.5732017011264 61.1913701211723
65.541603241451 53.8749852121033
69.1518379103853 45.1940068887085
52.2814985533436 48.7324682249846
37.7333339695532 50.6976184624103
54.8665823028509 42.6546278561223
52.7299293718785 54.2450545181917
57.3585559070726 47.5567099794745
57.0239072472511 19.9021261573736
34.3037292108063 64.3514137531696
50.1098364799418 50.9526757196472
58.993039207063 53.5373798968221
53.5610019084587 40.193133000021
36.2367763933539 55.6285990918177
63.2627438640099 39.1874104690238
41.1593347664775 51.3716499776382
55.1897023670216 67.4997680332959
38.7854730299791 52.9962295319058
46.228775776439 48.9888822674996
64.2260761306837 40.8535237507443
28.5584461454663 40.2004369438117
50.1857736258925 63.1405818113882
58.2160817466348 34.9220389798199
58.8180703767992 47.357611917892
64.1022887093243 36.1919584959349
41.4601533723282 56.0351447912241
48.1473062460192 66.1433380439688
61.8946987789536 52.7414289259115
50.9660884705046 42.6214344594899
57.9497957661869 51.579367588279
44.2495785512924 62.3396213590499
49.8405568766695 61.1362254684353
58.7019376391741 46.7835867507603
44.9924773016643 49.3256396206394
55.8346274934209 52.2405494579919
53.4374472783438 55.246018717006
38.7216677938699 47.2358718765895
55.3290468902097 47.3665529571899
60.1157346676612 45.2933899582201
61.1464488063802 32.5527488516179
58.5413101803761 55.7530068235005
56.7743468975839 50.0836626009377
38.4640973906451 63.441096616943
57.3681366645709 74.6514663012653
33.0560384294155 38.0067624387818
49.8861083016443 44.6967021583801
44.0611119776705 64.5342679343902
56.0288097959338 65.1909130952464
50.2389547418721 48.1392626204166
42.8515673238336 67.3427909447282
31.8983609288924 63.925518056924
61.9270694924839 51.1005533249807
61.0599360254158 42.6592016154909
71.6546761465746 54.4554012793286
52.2808873782385 45.1553659956793
34.0072688507491 48.0806593237467
51.3659837977894 66.0530893006591
53.34913646909 43.8426784150843
54.7504616507248 60.0304704773016
48.9017698966592 50.5686027051721
38.7775242566344 49.8275056619682
44.6896688788256 40.4633823979918
52.5474705993395 45.6996527138035
65.859809364501 52.2765134562049
65.5163235657499 46.9992033089374
61.953187885247 56.7980569063449
33.435863688139 52.4514739032376
38.5966616461965 60.1489864612792
48.4018951030679 51.130663582698
40.663159831868 34.7092553022287
58.5912817846273 68.5799134756457
52.6748033096473 45.480565754802
50.9376504775261 35.9053978565446
46.1091283949213 56.2319325147694
47.7839787808664 62.8458992565085
56.5245482633775 54.2911508370144
40.7778109250217 48.4893414344949
39.6854913588497 45.252271399921
53.9880200382274 60.7378442805196
49.9127238939111 50.698827184455
55.3701441430399 42.3362556539123
44.238174757935 66.2835209429769
47.9229940369397 37.1437132002852
42.0163509649863 37.2097249860518
48.1994218974207 53.0101381499588
57.7333162723397 39.7004308377114
47.7236462122348 45.5569949962738
41.3501073896632 48.0163785171771
39.0665369695224 46.908816747168
42.5713304942482 32.8100434410526
42.1623614486458 58.0689617464928
55.7134749115209 41.7573084322616
56.2408603720354 54.581853820929
45.7436524203448 48.187929609697
56.9367776114501 35.0043363590533
47.350035528672 50.7752444194202
45.919109949302 32.6051177100506
33.1203537823335 48.0095124304032
47.9616943048478 60.4910842087353
47.5806405398265 33.0134246097791
29.185770518939 55.208476389203
60.1799938662289 59.0668038022143
30.2638095396343 62.3206221367889
38.7003493230688 40.5175923736376
57.0488630545364 25.1857908353797
39.3033553156607 42.4518470719797
43.7264098935362 41.7865853453504
67.5400400570934 39.2337781530658
36.4022451764558 50.2328432548983
51.5305585168545 45.7821339361691
49.8201911003142 56.5454605690112
34.9672252599125 45.2290771956022
50.3157026527172 47.7601342096448
63.6053146571606 67.2270203016437
62.3148399425091 31.9035090169403
40.5657549127153 50.2043648818415
74.5494371772809 49.2131584321094
54.7476721514821 55.5472782570264
59.6281133401998 55.2171851923394
58.3526509917034 57.7480819000009
38.479687336378 41.9278813574722
44.1650761737097 59.5132089700668
54.5961498684995 64.3395565999223
37.3166907101169 40.3953195030255
48.6895621061523 38.4900655228965
43.3987221612075 52.0656964948124
48.4985680595008 68.659265833715
58.7105298624371 49.5472969298338
50.0779091001975 48.5537507557545
37.3229613812994 54.841882159361
46.8606161737711 52.3028192670011
47.4868873515869 46.6172767746106
44.3158018601484 48.0674662154099
41.5065388242166 47.0469289453145
46.3582591581338 53.2386654550836
59.1093932012023 60.9498685771653
78.5896192963303 68.0391591363591
36.9416921739269 45.3007835995518
31.772461465058 24.7328968009803
51.4860072780144 42.4556497391419
46.3770911260238 63.0046682339615
46.7739218657316 59.2321020471003
63.1091222241956 48.2955984369101
68.0561310536933 47.0599909391156
64.5907405667448 43.248773653919
55.0955799326507 37.2681029489856
49.8644652946946 48.4531613896708
49.3718728669884 47.8661303588353
48.8681985874524 39.6688678744734
38.293313285083 43.6535460735228
42.7741714969877 53.6828002873971
35.7605716193729 64.3328431050833
51.2671475244386 35.800322389941
65.8359727227983 61.8627391503924
47.6927640575503 48.1682242744167
51.3102286708389 48.2766496008517
56.0441902933449 59.1630593427188
46.9290495130879 42.1753215234851
47.600247235007 73.8674870180288
58.4732895165627 63.7654050333363
65.2544522836691 65.1168358138119
48.4811960441126 64.9959934468216
43.8636088695634 38.4877034328269
63.1204419804501 47.4592230246789
49.0587021468053 49.1267668929143
59.0765693053895 49.5149285721113
46.8184381551581 47.6480117898106
61.0819137240603 72.4660944212069
54.8183905433585 46.703612454156
48.1376767934704 48.4059499712558
46.6594851332122 45.7057123615395
69.087883168019 50.8082322734009
52.006731480664 48.5794589441709
38.2982676078735 51.0599786212585
61.866308877536 27.294173824834
53.3112351431704 43.1858353871613
37.2895715958789 47.8034891146442
59.736872399762 57.7172241978203
36.4435806996164 54.5372625345227
65.4615664067553 54.4189518618487
46.0456438580893 50.7986759170761
62.8757156653601 51.7448747803563
43.5511229310966 65.5509829628456
45.2704146008529 47.140425665702
52.4247075242977 43.6160829712618
61.8239429365481 63.4522384331623
44.0441996018139 57.4240830815175
54.3705846101218 41.3309479949735
42.1622092426731 60.4145135503719
33.902969366042 35.5407129784692
44.383652679505 37.6975303017312
37.1806076393876 62.6049576154668
67.3859220480561 34.1595912891765
63.2001196503912 29.5333429513689
66.8049462931969 44.6544763765332
53.0415526809732 53.1663751112498
48.2788745996577 40.0917720639134
42.9458651665931 53.1523453758168
35.4630067723131 49.796061366518
66.0118516844148 35.9983952377279
52.6252640557097 42.7886328486074
58.8715793969506 66.341980452218
60.3001125741593 58.3678266704595
56.2321127202248 56.5541435058595
54.2805813217856 55.5580222106624
67.2354151485918 48.033021153713
22.5973921531222 41.3713066249345
37.8637866476934 47.0744886037025
62.5531146868086 60.1020426790948
65.3583084991923 56.3649304822823
70.281805784545 43.3374216432227
50.5095031607542 60.7848480134803
38.7057156423636 67.8247108516425
65.5103557187766 53.0303303034264
40.4989947718025 58.6981840013744
48.5843387966749 43.8759278636453
30.7150817146159 56.2598517478876
61.1252683479141 47.0066232964317
58.494108750183 51.2304623845968
61.4370286398386 57.4080737573777
47.5179948265613 58.4945769832341
69.534079557914 50.4528247696301
40.7233042171702 45.4103719485626
49.0680251941376 45.4541157568405
53.1348167032845 31.0330777141583
50.9204365397575 41.9308531993497
57.790273157951 37.7700851108404
66.084986856345 52.6441154886938
68.561747157823 37.0466414421202
38.2328462510889 47.2863958093989
45.336044080427 43.6470424149473
55.4569861122884 62.0894685388523
55.9095456024687 53.2046855576694
42.34411704989 59.0374887654207
49.2455029253754 39.7400400802401
52.743243760546 54.4182656882615
53.450676049279 51.1564255033465
50.9766774962649 59.0086943474435
54.1401760719321 45.1942044217675
23.2234983534189 49.7828688086927
44.5099795473428 58.8094831010129
48.7700379849251 62.4923815972485
62.8866469320154 53.1770542279961
55.8178797605587 45.135710135526
39.4220725968529 41.9458655896805
60.2786877104759 45.0165894833338
52.378681211627 36.2343061221124
49.6581429261379 40.4601674240921
50.284444170401 45.2644860045084
45.4229833684252 45.5140630682366
47.5321539244483 46.760410121403
60.1130344761954 38.0565615815653
56.4029280543368 54.6130625309599
57.6253771009009 52.4376786633124
40.3014784174299 56.742712055036
57.2697918298023 63.2320152492347
44.7749180864882 33.8203915417542
73.7582409380933 53.6297249169947
38.1543143098815 50.4093129445083
53.2096588896869 61.2566051539786
49.4395610118616 40.8787542290148
42.5520355968041 32.0257942099223
69.0833940410389 32.2677608343635
52.2312686293833 79.6330168818508
52.8770340340744 53.4988011082669
52.109747295666 63.2028076175171
48.1409748146978 49.6918084680026
40.6084999632581 57.4585022354605
42.6277874908197 56.0083306691854
50.0391422136925 61.9515347247364
59.1942665059474 66.937668427087
59.3286759630787 55.8582003693837
69.8223944594751 40.1928436026566
42.369303231339 59.8374794471142
56.1332664489158 42.6880297897665
52.4609103393495 58.5839916370447
53.390487826582 49.9651593128798
59.3933312807075 59.3078815175256
48.2101572908032 55.054674636043
47.6852020264202 44.1303022857817
51.6606396819633 65.1656141519356
35.7379410403355 42.1675605692498
30.7456256663978 38.8697292884312
46.8805257968633 54.9017051895963
37.5929605029652 59.7378937007076
