58.931484	62.244663
51.276855	62.466652
49.593372	55.4323
55.534473	39.843002
46.07267	36.594902
51.264812	36.36465
56.742054	40.55346
41.321888	59.982166
58.048004	59.239872
49.820576	59.71098
59.480797	60.134228
48.828934	47.437008
52.70846	63.433044
49.519287	43.379074
53.082607	33.82386
60.830128	67.40769
43.289726	58.34747
39.339725	60.745617
47.284027	34.809612
60.989494	68.21809
39.451313	69.40611
49.73856	32.9911
54.04332	56.433685
50.620697	61.556717
52.768917	76.25134
44.16926	56.66239
46.686687	58.04532
51.92993	45.879498
50.77243	46.530468
50.81228	55.733494
51.117878	24.773792
56.265614	58.85327
49.640915	52.643635
42.07171	39.80538
43.922855	29.14006
47.26631	46.447174
58.86682	67.310036
52.088528	57.929966
37.953743	64.10696
47.78199	36.237915
55.30495	41.30126
50.271793	30.363522
49.00143	52.304157
49.98448	53.762554
50.94544	46.897297
55.747185	58.80317
44.961243	33.30711
33.581493	26.314003
54.486835	39.76532
47.994774	46.78371
33.451656	66.826035
46.483295	32.906834
50.05657	55.98984
48.708244	65.5521
52.331078	57.458073
44.545444	66.20944
49.70751	58.3413
65.99413	67.48848
47.62772	41.004112
52.52187	43.934948
48.860325	40.912174
52.467342	44.680267
51.240795	55.038357
58.275723	63.94379
40.336735	34.116158
61.29038	62.610382
41.186943	67.9081
54.76442	40.91092
47.692757	46.4995
50.93516	67.18046
56.013218	60.701874
44.415714	37.76042
54.46941	61.258198
63.922054	32.96169
46.69213	53.39697
46.553257	24.73305
43.61321	61.16222
55.3519	66.145294
48.196632	60.41673
47.848667	45.92732
42.162685	70.73885
52.227535	44.190536
38.278366	63.322002
47.252224	32.028557
61.615005	69.614456
47.238018	76.67735
55.737385	30.401886
50.458923	55.823414
34.68025	29.107376
44.27592	75.69612
59.342613	65.23689
47.40568	47.180317
46.291397	30.381273
55.42646	43.922565
49.03497	51.401115
47.378582	65.222374
47.587757	45.19617
51.416252	44.392746
67.92236	31.3551
45.652836	40.41969
51.842777	59.213776
34.256588	69.17796
48.01519	40.04949
59.707558	73.31678
49.625507	56.923843
46.246193	63.002434
41.085865	38.40849
46.67135	55.29253
47.031517	34.925926
47.716663	35.969788
46.635303	39.762764
56.57036	36.27382
47.37837	55.92059
51.30434	41.39057
49.472725	35.033825
48.8518	51.46548
46.52972	40.935684
51.417538	44.71009
43.43249	35.436462
43.914085	60.408253
59.61719	60.623104
39.936245	64.49988
45.42198	61.199768
54.812943	59.709305
48.16202	29.629173
50.37925	54.951817
39.167053	61.18646
43.6304	41.94646
48.55319	52.4021
52.456898	29.016874
49.782387	38.12306
59.994667	61.665108
53.227703	64.7553
47.051838	55.526245
47.604866	57.02722
44.644943	29.790169
54.08499	60.621063
51.274452	60.601963
42.79146	61.193222
50.309586	53.110603
45.240517	26.987253
46.36274	38.021927
48.49695	42.85543
56.318886	60.664265
54.36816	34.99639
49.59442	40.953133
53.0363	57.190174
47.3885	67.44871
43.643383	62.048145
47.429066	65.54779
50.26353	41.34879
49.44514	34.392353
54.980736	56.477642
53.283764	59.789112
55.88092	60.934
52.263016	52.51926
45.232105	65.29944
41.45285	64.63577
45.524406	59.02224
45.45286	37.494904
56.069523	69.08586
52.84759	46.890263
43.693016	65.26713
56.37897	61.90132
54.11057	57.708336
61.281284	66.37616
58.807365	33.08856
53.17169	63.94042
56.278446	65.6407
45.61824	42.0392
39.48769	66.47226
56.860283	40.01484
44.596954	38.03478
52.79073	45.319397
52.672466	58.795048
36.38033	25.737968
51.791153	44.06134
48.062267	56.335537
45.31522	44.700947
46.874012	42.285732
51.659943	63.48681
51.488594	27.475555
59.41466	29.681475
50.67015	54.413742
51.818863	40.305187
49.829025	67.28882
45.50671	43.584827
49.094738	32.773567
46.84944	42.912064
51.29529	52.608482
56.10398	58.044434
48.685505	45.34014
44.684147	56.217712
48.573376	22.306265
49.329643	53.169346
40.57073	35.685593
53.63289	54.624554
59.7386	66.74016
48.439514	57.779964
45.906296	43.330933
49.338745	29.929081
37.04569	70.673904
47.077026	46.180347
53.26036	40.547615
52.51086	57.82558
52.024963	46.50783
58.21205	68.92864
48.277683	45.586502
48.301723	56.790318
46.194378	45.341427
50.939236	41.76803
55.538303	62.811073
53.08936	39.696774
52.629074	54.44198
53.971405	61.123604
45.683903	40.284164
42.694427	26.865408
57.079395	74.827354
46.857998	45.105896
48.676815	40.76042
50.309776	44.032204
46.323784	40.89108
47.023678	53.107975
62.47	30.617903
48.515476	73.68092
50.192245	65.107704
53.954746	34.941277
39.51591	37.154484
41.53452	25.41156
52.000343	34.55307
56.099678	40.830086
38.158573	62.68989
53.803528	35.302387
51.9741	56.02623
51.17818	44.254307
53.243935	40.073444
53.772343	45.917683
52.74737	55.495056
56.70116	17.664635
47.883644	40.39313
55.14686	61.742054
44.629368	35.888866
57.172592	70.03635
49.826904	52.28853
50.230045	51.88814
51.409035	18.616016
38.224655	65.81973
51.927387	43.285423
56.253933	67.431564
58.44249	28.742973
50.924797	48.881535
44.639275	60.118565
54.488598	73.554665
39.589222	38.703938
49.843307	46.87938
55.3393	63.03346
47.97249	55.719273
47.337173	32.13586
54.283195	57.190105
51.423267	57.70635
53.73833	64.69537
47.29572	63.17997
51.17093	32.176556
51.532513	51.58967
47.802963	26.219233
60.08821	29.559078
49.54397	40.046093
51.08727	52.565163
45.14359	55.298527
50.64824	57.746075
44.578064	78.66883
52.58541	55.406357
45.21819	42.359985
48.081745	47.652596
49.329422	38.406555
59.772682	62.257942
49.829952	62.91588
40.352665	35.8502
53.60943	65.65189
52.441326	57.26449
52.875187	43.59239
49.38662	58.69834
36.516594	29.802654
40.663647	35.795982
59.503235	63.329865
64.52725	68.463684
56.16771	36.576492
48.85909	52.605
50.97468	63.431126
32.060074	28.616009
50.362167	48.197315
59.011242	61.22879
50.772575	37.245
45.704468	63.09985
58.25948	66.80417
38.2436	30.831312
56.753483	64.37808
49.655415	51.133896
39.5429	32.785477
43.41172	59.00364
36.35889	34.038933
50.832985	51.301327
39.151142	64.12687
47.71074	55.833725
39.82006	66.615814
48.425987	45.305744
50.4004	38.62076
49.51833	47.81454
35.06099	29.95985
49.160267	47.079433
43.34417	67.19315
57.867126	68.24396
52.040237	71.35655
55.35051	57.91493
57.87792	65.38247
56.292736	60.9033
55.245197	38.30985
50.155296	31.561152
56.525974	40.49526
54.148064	45.35528
45.53501	43.286114
55.220985	67.97187
48.83117	33.870163
49.089157	53.89226
50.141495	51.177364
49.67883	51.10722
48.98308	55.371117
49.802372	49.57238
39.99883	30.825666
51.768593	56.57202
59.25697	34.416718
51.785477	56.071533
49.18508	47.626186
63.25628	78.11762
52.154255	70.274185
41.85464	34.32546
54.84229	42.734875
48.095806	37.145153
51.997047	44.075947
50.693836	54.07996
51.552605	62.2893
55.126484	55.628975
45.94091	40.189777
48.835037	61.785324
64.38315	34.187027
49.100895	54.49644
42.38278	36.40627
53.224438	32.908543
55.181755	59.256516
50.456955	53.184193
46.719658	44.884422
48.353683	33.750107
50.489304	71.25475
49.255867	44.34226
50.934776	42.801846
53.697166	35.03103
46.104816	43.128025
49.072514	46.307392
60.163013	33.60164
52.337482	78.05577
57.17104	62.749416
55.31845	39.483097
50.676865	51.608315
52.593487	34.861538
60.98198	30.696112
43.58325	57.978954
44.45993	68.348434
63.79481	66.804726
49.370296	47.233856
36.492203	33.96512
50.747204	51.26725
56.094402	39.728706
50.89685	28.662409
43.596878	72.49446
58.70446	60.08773
48.77742	52.312717
50.10683	54.147358
55.173534	65.250114
54.217785	59.04807
53.439156	35.095192
49.96218	58.780018
51.595196	38.10107
48.024654	54.201874
54.85193	40.263237
51.03458	46.987556
42.485268	64.188545
47.103634	55.892376
57.589897	39.294067
51.323975	64.91992
55.322456	60.541298
49.003807	58.410923
42.431477	36.496197
59.425125	35.67249
50.718143	58.458267
45.045452	61.920155
41.11177	60.81558
47.260826	56.31511
58.74216	75.28665
49.83884	53.082832
49.406963	44.34086
