55.662865	56.438488
51.14696	37.12661
49.600834	62.682907
57.302708	59.27774
55.65151	35.025883
54.97936	43.730625
31.453989	28.248201
52.38023	45.615643
63.614548	65.35618
47.81228	29.045708
49.587334	49.075447
54.284355	43.927074
50.633495	59.36936
44.57222	40.6013
41.207733	38.543503
40.53098	38.55151
49.325066	40.956818
52.58101	64.68727
58.632973	61.669926
54.97863	56.695236
48.58808	51.44546
64.033356	67.8281
51.00768	51.982395
40.08581	61.70587
45.441265	41.157272
51.0017	37.17386
51.66288	39.19075
52.410114	55.43699
48.29632	42.05067
44.64372	62.74393
42.16896	68.75731
48.461403	44.15143
52.83173	58.166798
48.22078	59.80156
55.74188	63.14999
48.716465	40.58316
54.671757	40.659042
48.29192	40.90264
44.89923	56.73973
56.543156	62.441666
48.937862	31.946064
52.330856	69.167496
42.932518	36.446514
52.430668	25.078896
50.0886	38.431953
50.86823	61.36877
48.27009	60.163837
51.020603	56.40357
53.840153	32.478516
48.774994	57.621284
45.418156	58.956055
53.038315	45.071056
53.675404	36.511864
70.59445	25.719175
47.80918	68.35356
56.615284	60.224857
51.459995	37.985344
42.379025	40.330486
62.841873	36.96323
46.95043	41.134953
49.856148	56.639706
52.248825	47.728806
50.663635	75.44588
53.601685	56.439754
41.384197	72.14927
52.979786	55.658974
61.010025	61.61561
42.793777	42.354416
61.784748	35.17325
47.316822	58.414154
48.41231	54.579338
51.736164	42.290733
43.31414	34.24821
60.626495	65.31531
52.23798	62.18354
56.18062	40.579117
50.587578	61.00919
63.125835	35.221245
49.259644	53.30602
49.325645	46.027737
52.83206	58.56073
50.272182	49.28059
58.541546	59.70482
59.78062	31.801022
61.708775	64.18873
52.029247	71.71889
55.693146	65.97101
49.78284	40.475388
50.244465	55.00398
55.417072	65.76454
32.395554	76.24606
50.72327	44.30627
49.684105	47.949398
51.964832	47.161057
47.51989	32.101948
49.98475	55.576614
59.483303	71.30494
39.24067	37.723526
33.31599	74.001686
45.675957	26.937588
54.824257	38.786198
37.27056	33.349895
60.779655	37.42203
59.29742	67.10336
56.913334	41.17147
52.843548	44.72445
42.7243	58.25271
58.17874	66.4919
46.2001	28.602179
63.07607	72.44434
52.114014	44.372013
67.140625	71.4661
48.461227	46.92751
44.968544	58.632027
51.052418	42.127007
53.908802	64.108345
37.916584	64.44769
49.22604	48.534187
47.030052	56.64921
53.423943	34.342907
45.75604	43.490627
42.144783	58.152153
46.72078	41.623672
42.694576	64.413635
49.791683	20.292753
53.538445	56.51856
51.204105	62.012787
43.040634	42.46146
48.716812	39.406662
57.10475	63.762554
43.975777	67.32513
50.737118	59.918617
51.391293	63.615894
57.374836	74.58689
33.326412	67.20533
42.925137	41.81287
48.553864	44.91427
42.73563	58.184803
51.963333	52.94183
39.929096	63.219975
48.84157	62.389584
51.0964	43.375927
45.609825	54.920086
46.39826	61.324284
51.970787	41.174656
40.759003	40.118202
50.002697	57.14825
49.790825	53.13707
51.65621	57.41825
44.852814	31.430206
39.82558	34.720177
50.797367	69.948395
61.507843	66.12529
49.626698	61.035873
57.68575	62.58908
50.14675	29.328745
39.475178	35.12445
46.543774	56.159958
55.212147	59.849426
48.74638	36.07845
52.293976	58.42227
52.75013	57.544468
50.27605	56.634815
47.4621	61.059124
57.40208	40.107677
45.90584	45.645725
38.520367	38.19659
57.937706	66.71
49.55899	45.750072
51.090733	34.851124
48.31561	28.646374
47.19838	53.91754
53.93848	31.85293
53.20652	55.83823
50.16714	34.484562
49.643166	41.720646
64.00083	31.767666
48.56915	55.114384
41.150955	30.674044
52.063587	40.034748
40.09692	62.42536
48.0744	30.350397
55.111435	57.595287
49.73582	43.940716
37.54923	62.897514
46.742485	46.14515
48.76179	55.86257
61.600437	68.19971
45.12156	35.893597
49.924255	70.32131
31.619556	76.43273
57.17676	72.96323
57.743813	60.38005
58.545303	62.06068
49.193573	49.02552
43.50353	62.690945
46.027206	55.34989
53.296486	58.679688
54.659485	67.542015
47.559475	33.92738
53.81136	36.2669
49.55396	51.53308
51.31711	44.803223
34.120476	28.641747
44.195415	30.653076
58.2513	67.19189
52.18141	40.37192
46.663692	44.60995
37.313107	65.1929
54.200577	35.892673
54.68247	44.80568
48.859253	40.31654
43.324387	64.475586
44.84394	31.877716
45.60424	60.555603
58.344032	58.530304
51.09388	41.59
50.441025	58.964268
51.16525	35.23364
52.162872	33.057556
47.895092	55.147484
53.934464	65.25971
43.747913	62.56348
43.9084	57.137997
49.359406	48.485622
50.08168	55.30001
58.509033	59.677414
49.362442	35.555103
42.384277	64.70157
36.305637	65.17452
59.69377	34.553112
55.240757	57.239166
59.573772	28.74896
57.17319	37.35842
42.540634	58.75123
45.06467	59.418938
49.172333	54.60206
48.398937	52.00165
45.711784	60.095917
62.808537	28.378397
45.994343	57.194313
48.418114	42.818264
49.580753	66.60183
49.3018	44.85847
54.549458	42.777657
42.785233	36.189327
50.592762	41.250843
59.232418	61.692326
53.67144	65.836365
48.440784	36.824543
52.22077	42.607113
49.05567	55.54379
68.44334	75.142815
49.601124	49.523075
47.564125	54.73444
41.777924	58.94722
41.715298	40.241943
51.464493	33.94502
46.618546	57.589756
44.263866	38.98752
48.23578	40.272278
41.12191	72.27531
59.367706	38.604336
50.991455	43.449318
52.70922	63.442417
59.88387	64.04534
45.511246	41.43431
61.263992	64.559555
41.096558	69.72274
38.903473	37.97321
57.934467	59.18832
45.796654	58.08441
56.044212	41.48794
41.140194	65.46952
42.567055	59.278847
41.99448	64.403824
56.36559	62.902294
38.590008	27.025246
47.83978	60.52617
48.107533	39.36616
51.897808	47.143265
39.391384	70.43702
43.681507	67.30396
59.71765	37.54308
52.94388	31.087986
49.737064	42.336758
50.95969	55.023563
41.081448	66.61605
45.992943	56.67846
53.622604	46.33001
53.716652	45.191833
33.13884	27.39647
55.753857	73.98123
51.51518	46.74135
52.225517	62.673515
53.28737	56.934307
40.56956	62.238914
51.761066	43.443615
49.650288	67.07522
52.08808	73.90167
57.9102	59.315243
46.828865	31.052673
44.860756	59.60789
54.099422	57.855515
47.169254	45.243076
33.599674	69.02648
54.834953	38.43717
66.562706	32.223633
47.437363	40.964283
47.67846	61.863632
48.4785	39.044586
49.73271	59.613953
55.433292	66.0405
42.821617	76.145676
46.59994	56.37592
40.62732	36.481125
63.53462	66.94559
58.703552	35.90193
44.626446	37.20674
54.405228	58.6415
65.37756	32.114983
46.514114	55.55985
44.972477	59.52594
43.921303	42.414467
49.645504	39.768726
57.796005	38.589676
62.13339	27.947142
49.439518	61.225807
44.95376	34.038948
34.511772	68.29013
57.5568	62.59719
49.04307	60.391514
66.20783	67.24961
56.50812	63.337433
52.179195	42.347107
54.373703	64.0604
52.98257	38.29518
47.33593	38.327213
31.749554	70.12572
49.80199	60.580994
40.28406	61.911545
50.474117	54.87752
42.671307	65.087036
50.45387	51.552734
45.337173	57.95742
46.710415	58.95621
43.43482	57.066692
57.4393	59.938454
56.024067	66.52337
52.021206	53.419743
41.680378	62.485325
52.019394	46.532833
52.828278	45.219963
38.765156	72.907684
53.14044	43.362732
46.739056	46.218704
44.631607	43.81925
42.0309	37.72276
41.699448	30.436735
50.0785	53.86061
52.691536	59.37335
47.482346	61.781864
47.71485	56.862198
58.42673	18.869438
42.691772	38.937572
45.848988	65.04219
53.650356	76.38302
52.17184	46.962784
44.07872	22.66912
60.341465	31.995329
49.95872	56.696007
55.24461	58.5532
69.10172	69.66098
42.316746	60.368176
55.366302	35.60344
58.262802	59.095978
31.387287	26.41164
49.302856	60.618282
54.321136	54.60035
47.685944	54.09787
57.287014	31.71831
49.989838	57.762123
51.506195	54.68191
63.052433	34.73718
42.30871	59.841187
56.97695	59.051582
54.81242	62.049484
55.295506	66.95753
55.737854	38.993828
49.295406	48.92223
48.506527	62.671047
58.31715	58.92802
55.09638	42.510136
49.68454	64.72928
45.02431	69.289276
54.856884	42.896763
56.53185	57.328705
53.38578	55.527126
53.173737	68.58405
41.37849	61.83599
