45 77
31 39
49 5
40 10
55 5
45 59
28 42
29 85
66 41
31 3
68 90
33 36
65 42
68 62
68 1
51 2
62 99
56 25
31 67
34 82
65 98
37 38
65 94
43 1
62 61
70 81
60 55
30 49
64 32
66 87
75 47
72 96
33 54
47 9
60 95
50 79
40 45
38 90
41 39
69 11
64 100
44 32
74 86
49 6
44 7
42 61
32 35
30 40
73 81
65 76
74 34
70 55
73 52
30 6
27 77
33 81
43 64
38 50
42 84
63 45
69 65
43 65
63 78
64 98
55 40
75 25
30 32
49 74
28 89
62 21
72 46
55 8
54 20
67 86
40 97
43 68
53 92
57 43
61 10
68 87
48 47
65 52
66 0
43 41
38 48
52 94
48 56
61 33
59 94
38 28
57 78
35 1
58 74
73 28
75 58
25 10
33 17
55 85
71 87
26 80
