68 7
29 26
44 34
65 30
46 98
54 37
50 69
64 81
29 78
70 40
46 3
29 40
60 76
45 99
74 74
52 17
55 6
29 52
50 59
70 38
54 76
60 2
43 33
58 84
43 85
42 44
58 72
46 58
47 32
37 3
71 11
27 95
56 35
73 90
29 34
46 70
57 20
39 38
54 68
44 38
53 86
71 45
31 41
69 93
64 30
41 62
46 4
72 55
52 28
34 83
53 76
45 71
37 78
35 67
47 99
62 21
34 4
44 1
35 34
51 16
30 18
36 5
34 72
31 14
27 40
60 69
38 53
62 93
33 90
29 82
62 60
61 51
56 47
70 3
70 48
53 28
56 21
44 52
68 81
42 74
74 91
43 88
55 18
48 47
48 97
62 89
73 92
32 93
60 10
33 13
40 18
31 44
38 33
71 76
47 50
75 72
72 60
59 60
35 66
34 28
