61 79
36 20
62 0
45 32
26 31
58 47
36 71
72 67
26 37
55 7
61 4
37 4
28 47
41 1
55 93
28 63
39 21
52 53
43 42
42 37
38 79
35 49
70 54
47 66
33 9
53 95
55 98
71 90
63 3
27 15
26 90
39 87
55 85
59 27
48 92
59 3
69 31
42 82
70 87
26 51
36 96
38 20
64 63
64 83
71 46
64 78
52 18
39 6
51 97
51 48
72 57
36 37
50 57
34 61
71 87
46 42
29 2
34 87
33 37
26 79
69 1
70 17
27 75
37 63
59 6
26 45
56 35
48 5
28 72
73 13
57 59
69 34
54 90
37 10
49 10
43 82
68 11
66 75
41 85
43 13
41 25
54 97
57 81
50 99
35 57
63 34
54 18
53 78
70 36
53 18
73 76
72 19
52 93
49 43
25 6
58 76
48 33
49 60
56 12
64 41
