70 26
68 88
34 63
72 70
68 22
38 13
53 75
62 80
32 83
56 18
72 1
38 81
56 64
47 94
36 37
71 4
38 48
61 21
40 37
35 37
49 5
28 30
57 90
39 3
48 45
38 16
44 31
68 23
75 7
27 31
60 68
72 23
57 80
59 100
54 44
39 61
58 49
48 82
50 31
70 79
45 48
57 91
52 1
74 95
63 48
39 42
40 21
75 75
47 61
29 56
48 81
25 38
41 94
45 23
70 43
62 37
75 48
58 39
44 81
66 57
38 12
47 4
31 76
69 79
38 53
68 20
34 68
28 58
69 31
45 53
34 49
44 94
57 40
38 39
73 10
29 16
43 14
62 32
69 19
55 26
25 20
40 29
33 86
70 90
35 66
62 99
60 71
29 98
45 24
63 47
34 67
50 88
40 100
67 80
41 3
70 42
48 72
25 5
56 76
47 71
