75 60
72 51
36 45
41 12
55 95
72 0
40 95
67 39
66 35
73 85
39 27
36 30
42 36
45 4
31 23
28 16
63 83
26 12
73 19
72 73
40 80
74 87
54 45
33 99
28 65
28 40
61 81
54 50
42 36
74 51
56 52
44 10
47 72
74 35
38 91
65 31
25 54
41 46
60 8
42 36
65 71
67 19
45 92
64 25
38 30
30 41
50 18
58 3
46 98
56 8
67 31
58 54
67 58
54 84
63 38
41 51
43 27
40 23
68 45
65 30
68 21
53 13
66 20
44 57
55 36
43 74
32 48
39 75
43 63
71 76
61 54
70 44
67 38
75 54
26 38
44 86
72 82
31 95
73 57
36 40
55 9
70 32
49 20
56 3
48 5
61 21
26 36
43 53
41 98
30 84
29 91
49 48
67 62
73 5
40 23
35 66
38 2
39 1
74 40
34 36
