32 27
53 83
46 17
72 100
74 24
33 1
46 19
37 71
56 28
38 63
37 76
34 35
33 38
49 79
59 25
48 23
46 33
62 84
26 2
28 92
42 5
32 45
47 56
35 75
68 27
58 100
54 11
55 21
53 93
27 82
41 81
45 66
52 97
38 45
72 37
63 10
47 48
47 57
29 53
25 43
61 93
64 81
38 9
60 62
37 43
47 27
71 35
25 6
64 1
51 70
69 52
52 8
68 83
72 47
32 49
46 59
75 50
63 27
27 64
60 67
26 98
54 86
73 30
34 64
35 93
40 57
61 66
54 88
48 26
59 60
63 11
74 14
46 10
42 93
48 83
37 48
48 61
66 18
72 30
70 0
37 15
62 95
57 80
25 37
52 59
29 69
57 6
63 99
49 6
42 51
35 44
64 64
72 32
73 66
69 4
40 87
33 75
61 99
59 3
31 19
