49 1
67 23
71 18
67 90
39 67
28 36
46 50
39 91
64 96
65 21
49 35
29 5
55 97
53 17
55 42
59 33
33 94
34 75
53 29
31 84
74 13
33 96
31 5
25 45
36 14
30 67
45 71
44 32
40 31
45 3
70 89
52 83
59 35
41 18
43 15
30 40
25 93
34 47
59 52
52 51
44 78
28 44
64 83
40 91
70 83
74 90
52 26
70 56
59 66
70 97
51 93
63 30
58 80
58 3
37 62
71 80
66 88
67 32
51 51
64 71
42 32
29 55
58 85
66 53
42 38
29 80
65 91
70 49
32 45
53 69
51 41
66 87
38 98
39 38
32 49
42 52
42 27
61 10
27 5
50 79
69 82
66 91
41 3
27 96
59 21
69 79
38 8
38 18
43 68
34 25
40 58
75 9
69 65
46 37
34 89
58 13
52 51
57 88
36 46
33 25
