55 59
55 9
42 14
45 57
28 87
25 75
50 22
48 91
75 50
64 87
48 30
61 15
37 18
30 68
68 9
31 19
34 61
55 26
62 69
29 74
33 20
74 92
53 23
48 46
57 39
68 69
50 5
27 82
41 31
40 2
68 85
49 82
28 19
55 24
62 4
35 91
65 81
32 46
49 48
29 13
27 22
45 56
69 57
42 89
60 46
71 0
33 17
25 3
36 44
66 14
45 66
67 18
69 86
60 2
71 31
50 49
59 83
72 98
69 44
63 40
71 33
39 64
59 18
66 81
70 14
31 22
41 73
57 12
42 39
69 79
26 45
47 98
58 63
73 36
53 79
71 59
51 23
67 99
45 69
27 65
37 80
59 14
36 15
50 10
57 65
30 37
50 54
44 58
42 52
72 0
67 14
42 34
62 39
31 20
32 9
38 4
40 49
54 9
34 63
69 65
