44 29
46 89
44 99
29 45
37 51
29 92
65 3
36 26
59 97
71 72
62 82
59 76
47 33
54 8
41 88
49 14
34 77
30 60
47 52
59 42
41 87
50 93
73 84
73 27
34 53
67 56
69 66
35 75
69 21
34 69
70 25
37 100
58 81
25 83
26 43
53 45
59 71
30 98
74 31
45 73
26 38
43 67
56 30
65 84
45 66
41 86
58 43
70 62
40 23
25 98
61 80
47 75
55 96
39 57
36 1
34 5
33 52
51 11
34 69
69 30
68 100
42 57
64 97
72 20
74 90
44 8
49 48
70 54
47 81
55 22
43 46
74 49
58 85
46 20
52 6
31 75
50 36
40 63
63 43
51 84
53 98
69 15
51 97
44 13
30 5
29 99
75 3
30 5
54 100
66 19
26 79
68 28
28 96
39 48
47 50
50 51
45 91
50 76
58 1
57 72
