63 35
72 100
42 17
40 97
72 7
53 25
68 58
39 68
34 94
66 37
69 24
27 43
72 31
69 61
58 14
74 61
34 69
53 53
64 97
41 14
38 63
39 60
37 33
28 57
40 6
68 60
46 9
45 42
54 50
53 25
44 47
56 74
65 61
57 73
70 79
67 57
62 96
42 93
40 34
55 22
45 64
40 84
30 51
73 54
60 69
49 42
67 85
60 78
62 46
30 4
51 60
59 50
74 34
33 99
48 2
31 71
61 60
45 80
39 13
34 40
73 17
59 3
31 2
31 96
31 20
55 48
57 62
27 47
49 19
27 10
33 98
69 41
69 76
75 53
44 86
33 42
68 35
60 75
31 54
41 100
42 47
41 81
38 55
31 7
48 39
30 20
70 100
70 94
46 100
58 87
61 47
47 32
73 58
69 1
48 79
37 78
31 60
64 34
31 42
51 85
