17 78
23 24
16 14
40 49
45 15
48 25
22 19
4 14
9 98
10 84
90 12
83 50
54 15
14 74
57 32
35 45
50 5
78 59
94 68
0 21
19 49
34 63
38 54
63 17
84 51
32 72
94 76
74 46
85 27
42 27
33 61
18 14
58 22
36 11
32 50
98 73
67 75
15 51
77 36
69 73
6 86
7 4
79 80
81 26
37 93
12 59
69 52
69 55
70 88
56 58
26 6
12 86
70 56
5 14
73 97
94 57
57 0
78 100
81 11
86 92
92 75
79 61
34 35
91 47
33 70
78 55
65 47
65 0
73 8
38 2
21 71
73 16
29 70
10 99
26 16
49 30
45 78
33 4
1 46
38 62
89 57
23 20
83 33
18 72
4 88
87 41
8 6
64 54
86 88
45 58
29 32
97 32
89 57
88 57
83 55
31 54
100 51
33 1
40 62
97 82
