4 60
61 45
63 71
0 49
20 88
16 36
48 20
89 58
54 76
57 67
55 96
95 95
14 16
89 23
35 47
51 59
26 33
51 28
24 36
92 95
95 98
5 31
23 69
35 3
93 33
73 60
65 91
37 72
4 58
44 62
58 46
100 30
15 6
64 56
85 63
11 35
88 30
97 12
82 19
27 35
11 96
15 0
32 58
7 87
73 88
99 79
3 24
40 53
56 4
28 91
30 38
76 69
44 13
15 52
51 91
37 68
32 24
62 55
65 48
85 37
46 4
51 69
10 33
6 6
66 17
7 63
38 89
31 74
40 4
32 36
88 24
95 29
25 42
57 70
58 99
44 41
97 83
84 31
4 60
75 92
16 72
14 19
82 85
73 51
95 97
0 81
64 85
75 5
48 51
69 54
67 30
79 5
80 70
29 5
84 8
8 79
96 55
31 98
85 83
15 21
