42 73
61 71
85 88
97 40
87 54
2 83
29 28
16 4
55 10
75 21
14 72
55 70
1 55
3 7
93 55
86 39
41 69
13 89
0 87
65 60
47 62
88 78
66 26
94 97
61 79
6 43
92 91
82 13
90 78
78 39
53 23
23 12
25 87
72 60
80 11
11 85
47 32
89 43
88 72
18 0
83 30
11 29
91 67
57 55
54 57
20 38
22 94
37 6
5 35
60 6
7 36
81 5
8 53
9 3
8 85
4 47
55 58
52 89
40 4
8 82
75 70
96 22
2 100
13 71
81 77
85 71
57 81
82 93
82 64
90 10
3 45
50 28
55 34
85 55
98 75
39 45
42 35
45 44
90 66
82 43
86 2
83 99
7 40
77 7
50 8
74 18
66 27
61 47
90 15
5 27
27 98
81 40
81 76
15 90
63 7
47 7
48 100
14 82
19 33
51 65
