84 56
93 15
97 29
72 17
49 50
14 1
15 15
49 39
84 42
23 73
53 26
66 36
81 98
65 82
68 96
85 96
35 95
57 6
99 40
51 45
40 18
14 90
16 2
42 13
40 82
91 4
36 46
93 32
58 1
77 89
95 97
43 60
87 75
39 59
40 53
19 34
97 25
1 58
7 11
28 2
85 39
50 3
61 13
31 97
71 27
71 74
40 65
94 11
65 10
21 58
37 95
21 69
9 7
33 14
63 5
72 16
65 25
97 98
25 70
1 63
13 67
75 87
64 36
50 28
97 58
20 48
22 56
35 46
7 99
36 68
73 80
7 0
55 39
26 70
2 87
1 2
28 17
80 11
44 43
75 26
11 19
61 70
51 32
54 4
46 22
36 94
35 87
67 81
55 1
59 60
63 89
53 0
31 8
19 52
72 40
68 15
1 63
41 5
23 51
57 58
