91 92
82 95
45 100
96 69
83 40
82 1
66 82
26 91
43 25
83 33
95 45
17 70
79 58
24 78
39 66
96 24
22 8
58 90
32 4
50 30
26 71
69 80
30 56
33 81
52 75
32 68
71 78
61 86
96 2
14 18
26 32
9 23
3 63
58 92
100 68
71 100
45 67
73 87
18 96
31 14
73 21
27 44
48 88
28 9
83 42
15 42
96 41
65 87
55 73
18 26
23 51
60 91
79 24
95 1
61 34
52 95
31 39
0 1
77 48
55 72
24 1
80 16
2 72
16 18
43 22
1 88
5 91
66 37
27 68
16 68
46 18
65 19
8 77
68 94
66 18
66 45
70 100
87 3
15 43
55 1
96 43
22 20
89 73
20 38
81 96
96 74
26 14
19 79
22 20
67 32
5 96
46 57
73 81
31 73
73 44
76 64
46 46
95 0
75 6
73 57
