9 38
90 19
18 55
60 45
42 73
84 98
46 34
43 92
53 42
55 65
61 14
1 85
62 72
39 78
2 74
45 33
5 72
58 76
100 96
73 86
20 81
82 94
67 89
100 15
72 19
59 35
93 98
64 2
11 94
55 34
55 23
63 56
7 99
90 44
82 25
26 11
49 28
73 32
15 29
51 89
98 16
67 31
64 85
34 0
78 71
58 39
25 90
77 79
31 4
3 61
27 14
37 8
30 29
26 4
13 83
18 74
22 4
2 83
57 52
9 66
60 26
9 23
85 78
98 7
90 67
6 37
26 4
94 2
70 71
62 49
53 97
90 99
0 27
0 39
38 7
25 63
93 45
49 52
36 14
82 51
13 90
16 98
95 58
31 16
35 94
15 38
22 30
96 60
31 7
28 70
7 95
49 54
97 49
16 69
69 76
21 78
97 88
7 21
16 45
96 48
