84 12
2 94
28 48
23 53
42 76
31 29
53 47
92 93
33 85
25 50
78 27
80 40
36 47
12 96
85 99
64 3
68 53
46 87
85 7
8 67
80 88
73 66
56 17
79 94
79 56
55 52
49 40
57 91
47 65
91 69
65 65
43 38
74 93
3 1
49 64
86 76
63 94
85 44
25 13
60 32
10 80
55 100
19 64
69 84
76 60
77 78
77 37
55 99
63 52
52 18
94 49
42 13
11 85
68 31
5 36
59 0
99 83
98 70
88 34
65 83
20 22
19 52
46 89
51 46
44 8
26 51
27 30
87 25
21 87
7 2
37 92
58 51
74 76
18 58
73 61
59 31
55 46
2 89
26 16
50 41
52 46
14 29
1 42
21 1
93 2
66 40
43 93
97 53
15 41
22 49
58 81
79 92
73 83
62 61
62 44
75 61
24 60
43 14
21 57
94 80
