0 68
67 54
79 62
5 5
87 90
68 64
2 35
0 64
61 70
74 16
24 40
5 71
96 4
28 19
69 19
67 9
25 89
34 7
88 24
36 51
85 97
39 30
34 45
99 52
30 16
56 43
46 93
28 8
3 72
0 65
58 46
88 88
92 64
92 83
47 38
63 81
7 20
50 71
98 49
92 70
20 53
32 40
61 72
99 54
13 43
60 53
27 12
15 8
12 26
83 67
70 3
96 55
76 40
68 44
39 3
45 46
90 48
35 74
100 58
73 31
85 72
1 85
3 28
8 78
64 77
34 70
87 23
34 4
40 37
80 28
90 96
35 94
41 91
35 8
81 67
9 29
56 37
80 35
90 11
89 10
73 69
59 99
11 34
27 99
57 80
74 100
100 49
92 55
51 89
38 75
64 90
28 76
50 24
59 54
28 83
26 4
1 12
16 47
73 33
30 2
