53 85
13 37
85 36
67 11
41 69
42 35
6 98
61 99
88 17
8 20
13 6
44 22
52 17
36 72
75 40
5 65
1 69
69 63
66 77
57 100
73 98
49 68
50 18
34 26
78 39
95 14
77 83
48 90
98 17
44 97
23 43
10 6
3 16
4 86
0 6
51 40
1 3
78 24
16 94
42 85
31 12
63 21
17 18
84 65
42 65
60 53
26 77
80 49
46 43
47 31
60 87
75 92
45 59
83 87
50 27
18 24
82 15
27 79
72 48
75 75
68 24
56 83
97 39
66 7
27 28
44 59
5 70
97 63
2 74
38 6
15 86
3 81
71 35
78 21
39 12
28 81
77 42
13 69
97 87
100 31
17 84
93 57
60 41
3 16
19 17
28 74
80 57
93 61
57 29
92 31
13 12
81 48
73 95
18 45
84 38
22 38
91 73
14 35
29 47
50 27
