49 35
98 90
11 56
21 14
75 100
34 73
62 0
52 21
26 86
31 68
97 66
61 25
81 18
20 59
70 25
46 33
54 8
61 60
47 96
24 1
56 38
22 22
20 41
38 83
62 5
66 90
17 17
69 71
50 61
34 93
69 8
92 80
73 84
19 16
93 53
24 65
84 89
44 63
66 28
76 43
26 28
91 22
69 53
64 95
0 24
5 42
44 63
93 30
47 82
26 15
37 68
91 5
54 67
14 57
98 23
51 92
71 17
87 52
59 26
28 70
38 66
6 65
35 28
0 63
19 69
62 0
78 42
29 47
41 59
27 62
55 64
53 100
70 58
93 12
54 39
36 5
15 95
68 42
48 4
64 99
55 79
83 71
0 83
7 60
36 17
58 41
21 29
92 64
53 79
82 71
22 68
32 50
64 6
63 13
76 89
5 69
72 67
0 48
44 67
65 54
